500	75	490	0	180	-132.469
500	74.9995	490	0	180	-132.469
499.998	74.998	490.002	0	180	-132.467
499.995	74.9955	490.005	0	180	-132.465
499.992	74.992	490.008	0	180	-132.461
499.987	74.9875	490.013	0	180	-132.457
499.982	74.982	490.018	0	180	-132.451
499.976	74.9755	490.024	0	180	-132.445
499.968	74.968	490.032	0	180	-132.437
499.959	74.9595	490.041	0	180	-132.429
499.95	74.95	490.05	0	180	-132.419
499.939	74.9395	490.06	0	180	-132.409
499.928	74.928	490.072	0	180	-132.397
499.916	74.9155	490.084	0	180	-132.385
499.902	74.902	490.098	0	180	-132.371
499.887	74.8875	490.113	0	180	-132.357
499.872	74.872	490.128	0	180	-132.341
499.856	74.8555	490.144	0	180	-132.325
499.838	74.838	490.162	0	180	-132.307
499.82	74.8195	490.18	0	180	-132.289
499.8	74.8	490.2	0	180	-132.269
499.779	74.7795	490.221	0	180	-132.249
499.758	74.758	490.242	0	180	-132.227
499.736	74.7355	490.264	0	180	-132.205
499.712	74.712	490.288	0	180	-132.181
499.688	74.6875	490.312	0	180	-132.157
499.662	74.662	490.338	0	180	-132.131
499.636	74.6355	490.364	0	180	-132.105
499.608	74.608	490.392	0	180	-132.077
499.579	74.5795	490.421	0	180	-132.049
499.55	74.55	490.45	0	180	-132.019
499.519	74.5195	490.481	0	180	-131.989
499.488	74.488	490.512	0	180	-131.957
499.455	74.4555	490.544	0	180	-131.925
499.422	74.422	490.578	0	180	-131.891
499.387	74.3875	490.613	0	180	-131.857
499.352	74.352	490.648	0	180	-131.821
499.316	74.3155	490.684	0	180	-131.785
499.278	74.278	490.722	0	180	-131.747
499.24	74.2395	490.76	0	180	-131.709
499.2	74.2	490.8	0	180	-131.669
499.159	74.1595	490.841	0	180	-131.629
499.118	74.118	490.882	0	180	-131.587
499.076	74.0755	490.924	0	180	-131.545
499.033	74.032	490.968	0	180	-131.501
498.99	73.9875	491.013	0	180	-131.457
498.947	73.942	491.058	0	180	-131.411
498.904	73.8955	491.104	0	180	-131.365
498.861	73.848	491.152	0	180	-131.319
498.819	73.7995	491.199	0	180	-131.273
498.776	73.75	491.246	0	180	-131.227
498.733	73.6995	491.293	0	180	-131.181
498.69	73.648	491.341	0	180	-131.135
498.647	73.5955	491.388	0	180	-131.088
498.604	73.5421	491.435	0	180	-131.042
498.562	73.4887	491.482	0	180	-130.996
498.519	73.4352	491.53	0	180	-130.95
498.476	73.3817	491.577	0	180	-130.904
498.433	73.3282	491.624	0	180	-130.858
498.39	73.2748	491.671	0	180	-130.812
498.347	73.2213	491.718	0	180	-130.766
498.305	73.1678	491.766	0	180	-130.719
498.262	73.1143	491.813	0	180	-130.673
498.219	73.0609	491.86	0	180	-130.627
498.176	73.0074	491.907	0	180	-130.581
498.133	72.9539	491.955	0	180	-130.535
498.09	72.9004	492.002	0	180	-130.489
498.048	72.847	492.049	0	180	-130.443
498.005	72.7935	492.096	0	180	-130.397
497.962	72.74	492.143	0	180	-130.351
497.919	72.6865	492.191	0	180	-130.304
497.876	72.6331	492.238	0	180	-130.258
497.833	72.5796	492.285	0	180	-130.212
497.791	72.5261	492.332	0	180	-130.166
497.748	72.4726	492.38	0	180	-130.12
497.705	72.4192	492.427	0	180	-130.074
497.662	72.3657	492.474	0	180	-130.028
497.619	72.3122	492.521	0	180	-129.982
497.577	72.2587	492.568	0	180	-129.935
497.534	72.2053	492.616	0	180	-129.889
497.491	72.1518	492.663	0	180	-129.843
497.448	72.0983	492.71	0	180	-129.797
497.405	72.0449	492.757	0	180	-129.751
497.362	71.9914	492.805	0	180	-129.705
497.32	71.9379	492.852	0	180	-129.659
497.277	71.8844	492.899	0	180	-129.613
497.234	71.831	492.946	0	180	-129.567
497.191	71.7775	492.993	0	180	-129.52
497.148	71.724	493.041	0	180	-129.474
497.105	71.6705	493.088	0	180	-129.428
497.063	71.6171	493.135	0	180	-129.382
497.02	71.5636	493.182	0	180	-129.336
496.977	71.5101	493.23	0	180	-129.29
496.934	71.4566	493.277	0	180	-129.244
496.891	71.4032	493.324	0	180	-129.198
496.848	71.3497	493.371	0	180	-129.151
496.806	71.2962	493.419	0	180	-129.105
496.763	71.2427	493.466	0	180	-129.059
496.72	71.1893	493.513	0	180	-129.013
496.677	71.1358	493.56	0	180	-128.967
496.634	71.0823	493.607	0	180	-128.921
496.591	71.0288	493.655	0	180	-128.875
496.549	70.9754	493.702	0	180	-128.829
496.506	70.9219	493.749	0	180	-128.783
496.463	70.8684	493.796	0	180	-128.736
496.42	70.8149	493.844	0	180	-128.69
496.377	70.7615	493.891	0	180	-128.644
496.334	70.708	493.938	0	180	-128.598
496.292	70.6545	493.985	0	180	-128.552
496.249	70.601	494.032	0	180	-128.506
496.206	70.5476	494.08	0	180	-128.46
496.163	70.4941	494.127	0	180	-128.414
496.12	70.4406	494.174	0	180	-128.367
496.078	70.3871	494.221	0	180	-128.321
496.035	70.3337	494.269	0	180	-128.275
495.992	70.2802	494.316	0	180	-128.229
495.949	70.2267	494.363	0	180	-128.183
495.906	70.1732	494.41	0	180	-128.137
495.863	70.1198	494.457	0	180	-128.091
495.821	70.0663	494.505	0	180	-128.045
495.778	70.0128	494.552	0	180	-127.999
495.735	69.9593	494.599	0	180	-127.952
495.692	69.9059	494.646	0	180	-127.906
495.649	69.8524	494.694	0	180	-127.86
495.606	69.7989	494.741	0	180	-127.814
495.564	69.7454	494.788	0	180	-127.768
495.521	69.692	494.835	0	180	-127.722
495.478	69.6385	494.882	0	180	-127.676
495.435	69.585	494.93	0	180	-127.63
495.392	69.5315	494.977	0	180	-127.583
495.349	69.4781	495.024	0	180	-127.537
495.307	69.4246	495.071	0	180	-127.491
495.264	69.3711	495.119	0	180	-127.445
495.221	69.3176	495.166	0	180	-127.399
495.178	69.2642	495.213	0	180	-127.353
495.135	69.2107	495.26	0	180	-127.307
495.092	69.1572	495.308	0	180	-127.261
495.05	69.1038	495.355	0	180	-127.215
495.007	69.0503	495.402	0	180	-127.168
494.964	68.9968	495.449	0	180	-127.122
494.921	68.9433	495.496	0	180	-127.076
494.878	68.8899	495.544	0	180	-127.03
494.835	68.8364	495.591	0	180	-126.984
494.793	68.7829	495.638	0	180	-126.938
494.75	68.7294	495.685	0	180	-126.892
494.707	68.676	495.733	0	180	-126.846
494.664	68.6225	495.78	0	180	-126.8
494.621	68.569	495.827	0	180	-126.753
494.579	68.5155	495.874	0	180	-126.707
494.536	68.4621	495.921	0	180	-126.661
494.493	68.4086	495.969	0	180	-126.615
494.45	68.3551	496.016	0	180	-126.569
494.407	68.3016	496.063	0	180	-126.523
494.364	68.2482	496.11	0	180	-126.477
494.322	68.1947	496.158	0	180	-126.431
494.279	68.1412	496.205	0	180	-126.384
494.236	68.0877	496.252	0	180	-126.338
494.193	68.0343	496.299	0	180	-126.292
494.15	67.9808	496.346	0	180	-126.246
494.107	67.9273	496.394	0	180	-126.2
494.065	67.8738	496.441	0	180	-126.154
494.022	67.8204	496.488	0	180	-126.108
493.979	67.7669	496.535	0	180	-126.062
493.936	67.7134	496.583	0	180	-126.016
493.893	67.6599	496.63	0	180	-125.969
493.85	67.6065	496.677	0	180	-125.923
493.808	67.553	496.724	0	180	-125.877
493.765	67.4995	496.772	0	180	-125.831
493.722	67.446	496.819	0	180	-125.785
493.679	67.3926	496.866	0	180	-125.739
493.636	67.3391	496.913	0	180	-125.693
493.593	67.2856	496.96	0	180	-125.647
493.551	67.2321	497.008	0	180	-125.6
493.508	67.1787	497.055	0	180	-125.554
493.465	67.1252	497.102	0	180	-125.508
493.422	67.0717	497.149	0	180	-125.462
493.379	67.0182	497.197	0	180	-125.416
493.336	66.9648	497.244	0	180	-125.37
493.294	66.9113	497.291	0	180	-125.324
493.251	66.8578	497.338	0	180	-125.278
493.208	66.8043	497.385	0	180	-125.232
493.165	66.7509	497.433	0	180	-125.185
493.122	66.6974	497.48	0	180	-125.139
493.08	66.6439	497.527	0	180	-125.093
493.037	66.5904	497.574	0	180	-125.047
492.994	66.537	497.622	0	180	-125.001
492.951	66.4835	497.669	0	180	-124.955
492.908	66.43	497.716	0	180	-124.909
492.865	66.3765	497.763	0	180	-124.863
492.823	66.3231	497.81	0	180	-124.816
492.78	66.2696	497.858	0	180	-124.77
492.737	66.2161	497.905	0	180	-124.724
492.694	66.1626	497.952	0	180	-124.678
492.651	66.1092	497.999	0	180	-124.632
492.608	66.0557	498.047	0	180	-124.586
492.566	66.0022	498.094	0	180	-124.54
492.523	65.9488	498.141	0	180	-124.494
492.48	65.8953	498.188	0	180	-124.448
492.437	65.8418	498.235	0	180	-124.401
492.394	65.7883	498.283	0	180	-124.355
492.351	65.7349	498.33	0	180	-124.309
492.309	65.6814	498.377	0	180	-124.263
492.266	65.6279	498.424	0	180	-124.217
492.223	65.5744	498.472	0	180	-124.171
492.18	65.521	498.519	0	180	-124.125
492.137	65.4675	498.566	0	180	-124.079
492.094	65.414	498.613	0	180	-124.032
492.052	65.3605	498.661	0	180	-123.986
492.009	65.3071	498.708	0	180	-123.94
491.966	65.2536	498.755	0	180	-123.894
491.923	65.2001	498.802	0	180	-123.848
491.88	65.1466	498.849	0	180	-123.802
491.837	65.0932	498.897	0	180	-123.756
491.795	65.0397	498.944	0	180	-123.71
491.752	64.9862	498.991	0	180	-123.664
491.709	64.9327	499.038	0	180	-123.617
491.666	64.8793	499.086	0	180	-123.571
491.623	64.8258	499.133	0	180	-123.525
491.581	64.7723	499.18	0	180	-123.479
491.538	64.7188	499.227	0	180	-123.433
491.495	64.6654	499.274	0	180	-123.387
491.452	64.6119	499.322	0	180	-123.341
491.409	64.5584	499.369	0	180	-123.295
491.366	64.5049	499.416	0	180	-123.248
491.324	64.4515	499.463	0	180	-123.202
491.281	64.398	499.511	0	180	-123.156
491.238	64.3445	499.558	0	180	-123.11
491.195	64.291	499.605	0	180	-123.064
491.152	64.2376	499.652	0	180	-123.018
491.109	64.1841	499.699	0	180	-122.972
491.067	64.1306	499.747	0	180	-122.926
491.024	64.0771	499.794	0	180	-122.88
490.981	64.0237	499.841	0	180	-122.833
490.938	63.9702	499.888	0	180	-122.787
490.895	63.9167	499.936	0	180	-122.741
490.852	63.8632	499.983	0	180	-122.695
490.81	63.8098	500.03	0	180	-122.649
490.767	63.7563	500.077	0	180	-122.603
490.724	63.7028	500.125	0	180	-122.557
490.681	63.6493	500.172	0	180	-122.511
490.638	63.5959	500.219	0	180	-122.464
490.595	63.5424	500.266	0	180	-122.418
490.553	63.4889	500.313	0	180	-122.372
490.51	63.4354	500.361	0	180	-122.326
490.467	63.382	500.408	0	180	-122.28
490.424	63.3285	500.455	0	180	-122.234
490.381	63.275	500.502	0	180	-122.188
490.338	63.2215	500.55	0	180	-122.142
490.296	63.1681	500.597	0	180	-122.096
490.253	63.1146	500.644	0	180	-122.049
490.21	63.0611	500.691	0	180	-122.003
490.167	63.0077	500.738	0	180	-121.957
490.124	62.9542	500.786	0	180	-121.911
490.082	62.9007	500.833	0	180	-121.865
490.039	62.8472	500.88	0	180	-121.819
489.996	62.7938	500.927	0	180	-121.773
489.953	62.7403	500.975	0	180	-121.727
489.91	62.6868	501.022	0	180	-121.68
489.867	62.6333	501.069	0	180	-121.634
489.825	62.5799	501.116	0	180	-121.588
489.782	62.5264	501.163	0	180	-121.542
489.739	62.4729	501.211	0	180	-121.496
489.696	62.4194	501.258	0	180	-121.45
489.653	62.366	501.305	0	180	-121.404
489.61	62.3125	501.352	0	180	-121.358
489.568	62.259	501.4	0	180	-121.312
489.525	62.2055	501.447	0	180	-121.265
489.482	62.1521	501.494	0	180	-121.219
489.439	62.0986	501.541	0	180	-121.173
489.396	62.0451	501.588	0	180	-121.127
489.353	61.9916	501.636	0	180	-121.081
489.311	61.9382	501.683	0	180	-121.035
489.268	61.8847	501.73	0	180	-120.989
489.225	61.8312	501.777	0	180	-120.943
489.182	61.7777	501.825	0	180	-120.896
489.139	61.7243	501.872	0	180	-120.85
489.096	61.6708	501.919	0	180	-120.804
489.054	61.6173	501.966	0	180	-120.758
489.011	61.5638	502.014	0	180	-120.712
488.968	61.5104	502.061	0	180	-120.666
488.925	61.4569	502.108	0	180	-120.62
488.882	61.4034	502.155	0	180	-120.574
488.839	61.3499	502.202	0	180	-120.528
488.797	61.2965	502.25	0	180	-120.481
488.754	61.243	502.297	0	180	-120.435
488.711	61.1895	502.344	0	180	-120.389
488.668	61.136	502.391	0	180	-120.343
488.625	61.0826	502.439	0	180	-120.297
488.583	61.0291	502.486	0	180	-120.251
488.54	60.9756	502.533	0	180	-120.205
488.497	60.9221	502.58	0	180	-120.159
488.454	60.8687	502.627	0	180	-120.112
488.411	60.8152	502.675	0	180	-120.066
488.368	60.7617	502.722	0	180	-120.02
488.326	60.7082	502.769	0	180	-119.974
488.283	60.6548	502.816	0	180	-119.928
488.24	60.6013	502.864	0	180	-119.882
488.197	60.5478	502.911	0	180	-119.836
488.154	60.4943	502.958	0	180	-119.79
488.111	60.4409	503.005	0	180	-119.744
488.069	60.3874	503.052	0	180	-119.697
488.026	60.3339	503.1	0	180	-119.651
487.983	60.2804	503.147	0	180	-119.605
487.94	60.227	503.194	0	180	-119.559
487.897	60.1735	503.241	0	180	-119.513
487.854	60.12	503.289	0	180	-119.467
487.812	60.0666	503.336	0	180	-119.421
487.769	60.0131	503.383	0	180	-119.375
487.726	59.9596	503.43	0	180	-119.328
487.683	59.9061	503.478	0	180	-119.282
487.64	59.8527	503.525	0	180	-119.236
487.597	59.7992	503.572	0	180	-119.19
487.555	59.7457	503.619	0	180	-119.144
487.512	59.6922	503.666	0	180	-119.098
487.469	59.6388	503.714	0	180	-119.052
487.426	59.5853	503.761	0	180	-119.006
487.383	59.5318	503.808	0	180	-118.96
487.341	59.4783	503.855	0	180	-118.913
487.298	59.4249	503.903	0	180	-118.867
487.255	59.3714	503.95	0	180	-118.821
487.212	59.3179	503.997	0	180	-118.775
487.169	59.2644	504.044	0	180	-118.729
487.126	59.211	504.091	0	180	-118.683
487.084	59.1575	504.139	0	180	-118.637
487.041	59.104	504.186	0	180	-118.591
486.998	59.0505	504.233	0	180	-118.544
486.955	58.9971	504.28	0	180	-118.498
486.912	58.9436	504.328	0	180	-118.452
486.869	58.8901	504.375	0	180	-118.406
486.827	58.8366	504.422	0	180	-118.36
486.784	58.7832	504.469	0	180	-118.314
486.741	58.7297	504.516	0	180	-118.268
486.698	58.6762	504.564	0	180	-118.222
486.655	58.6227	504.611	0	180	-118.176
486.612	58.5693	504.658	0	180	-118.129
486.57	58.5158	504.705	0	180	-118.083
486.527	58.4623	504.753	0	180	-118.037
486.484	58.4088	504.8	0	180	-117.991
486.441	58.3554	504.847	0	180	-117.945
486.398	58.3019	504.894	0	180	-117.899
486.355	58.2484	504.941	0	180	-117.853
486.313	58.1949	504.989	0	180	-117.807
486.27	58.1415	505.036	0	180	-117.76
486.227	58.088	505.083	0	180	-117.714
486.184	58.0345	505.13	0	180	-117.668
486.141	57.981	505.178	0	180	-117.622
486.098	57.9276	505.225	0	180	-117.576
486.056	57.8741	505.272	0	180	-117.53
486.013	57.8206	505.319	0	180	-117.484
485.97	57.7671	505.367	0	180	-117.438
485.927	57.7137	505.414	0	180	-117.392
485.884	57.6602	505.461	0	180	-117.345
485.842	57.6067	505.508	0	180	-117.299
485.799	57.5532	505.555	0	180	-117.253
485.756	57.4998	505.603	0	180	-117.207
485.713	57.4463	505.65	0	180	-117.161
485.67	57.3928	505.697	0	180	-117.115
485.627	57.3393	505.744	0	180	-117.069
485.585	57.2859	505.792	0	180	-117.023
485.542	57.2324	505.839	0	180	-116.976
485.499	57.1789	505.886	0	180	-116.93
485.456	57.1254	505.933	0	180	-116.884
485.413	57.072	505.98	0	180	-116.838
485.37	57.0185	506.028	0	180	-116.792
485.328	56.965	506.075	0	180	-116.746
485.285	56.9116	506.122	0	180	-116.7
485.242	56.8581	506.169	0	180	-116.654
485.199	56.8046	506.217	0	180	-116.608
485.156	56.7511	506.264	0	180	-116.561
485.113	56.6977	506.311	0	180	-116.515
485.071	56.6442	506.358	0	180	-116.469
485.028	56.5907	506.405	0	180	-116.423
484.985	56.5372	506.453	0	180	-116.377
484.942	56.4838	506.5	0	180	-116.331
484.899	56.4303	506.547	0	180	-116.285
484.856	56.3768	506.594	0	180	-116.239
484.814	56.3233	506.642	0	180	-116.192
484.771	56.2699	506.689	0	180	-116.146
484.728	56.2164	506.736	0	180	-116.1
484.685	56.1629	506.783	0	180	-116.054
484.642	56.1094	506.831	0	180	-116.008
484.599	56.056	506.878	0	180	-115.962
484.557	56.0025	506.925	0	180	-115.916
484.514	55.949	506.972	0	180	-115.87
484.471	55.8955	507.019	0	180	-115.824
484.428	55.8421	507.067	0	180	-115.777
484.385	55.7886	507.114	0	180	-115.731
484.343	55.7351	507.161	0	180	-115.685
484.3	55.6816	507.208	0	180	-115.639
484.257	55.6282	507.256	0	180	-115.593
484.214	55.5747	507.303	0	180	-115.547
484.171	55.5212	507.35	0	180	-115.501
484.128	55.4677	507.397	0	180	-115.455
484.086	55.4143	507.444	0	180	-115.408
484.043	55.3608	507.492	0	180	-115.362
484	55.3073	507.539	0	180	-115.316
483.957	55.2538	507.586	0	180	-115.27
483.914	55.2004	507.633	0	180	-115.224
483.871	55.1469	507.681	0	180	-115.178
483.829	55.0934	507.728	0	180	-115.132
483.786	55.0399	507.775	0	180	-115.086
483.743	54.9865	507.822	0	180	-115.04
483.7	54.933	507.869	0	180	-114.993
483.657	54.8795	507.917	0	180	-114.947
483.614	54.826	507.964	0	180	-114.901
483.572	54.7726	508.011	0	180	-114.855
483.529	54.7191	508.058	0	180	-114.809
483.486	54.6656	508.106	0	180	-114.763
483.443	54.6121	508.153	0	180	-114.717
483.4	54.5587	508.2	0	180	-114.671
483.357	54.5052	508.247	0	180	-114.625
483.315	54.4517	508.294	0	180	-114.578
483.272	54.3982	508.342	0	180	-114.532
483.229	54.3448	508.389	0	180	-114.486
483.186	54.2913	508.436	0	180	-114.44
483.143	54.2378	508.483	0	180	-114.394
483.1	54.1843	508.531	0	180	-114.348
483.058	54.1309	508.578	0	180	-114.302
483.015	54.0774	508.625	0	180	-114.256
482.972	54.0239	508.672	0	180	-114.209
482.929	53.9705	508.72	0	180	-114.163
482.886	53.917	508.767	0	180	-114.117
482.844	53.8635	508.814	0	180	-114.071
482.801	53.81	508.861	0	180	-114.025
482.758	53.7566	508.908	0	180	-113.979
482.715	53.7031	508.956	0	180	-113.933
482.672	53.6496	509.003	0	180	-113.887
482.629	53.5961	509.05	0	180	-113.841
482.587	53.5427	509.097	0	180	-113.794
482.544	53.4892	509.145	0	180	-113.748
482.501	53.4357	509.192	0	180	-113.702
482.458	53.3822	509.239	0	180	-113.656
482.415	53.3288	509.286	0	180	-113.61
482.372	53.2753	509.333	0	180	-113.564
482.33	53.2218	509.381	0	180	-113.518
482.287	53.1683	509.428	0	180	-113.472
482.244	53.1149	509.475	0	180	-113.425
482.201	53.0614	509.522	0	180	-113.379
482.158	53.0079	509.57	0	180	-113.333
482.115	52.9544	509.617	0	180	-113.287
482.073	52.901	509.664	0	180	-113.241
482.03	52.8475	509.711	0	180	-113.195
481.987	52.794	509.758	0	180	-113.149
481.944	52.7405	509.806	0	180	-113.103
481.901	52.6871	509.853	0	180	-113.057
481.858	52.6336	509.9	0	180	-113.01
481.816	52.5801	509.947	0	180	-112.964
481.773	52.5266	509.995	0	180	-112.918
481.73	52.4732	510.042	0	180	-112.872
481.687	52.4197	510.089	0	180	-112.826
481.644	52.3662	510.136	0	180	-112.78
481.601	52.3127	510.184	0	180	-112.734
481.559	52.2593	510.231	0	180	-112.688
481.516	52.2058	510.278	0	180	-112.641
481.473	52.1523	510.325	0	180	-112.595
481.43	52.0988	510.372	0	180	-112.549
481.387	52.0454	510.42	0	180	-112.503
481.345	51.9919	510.467	0	180	-112.457
481.302	51.9384	510.514	0	180	-112.411
481.259	51.8849	510.561	0	180	-112.365
481.216	51.8315	510.609	0	180	-112.319
481.173	51.778	510.656	0	180	-112.273
481.13	51.7245	510.703	0	180	-112.226
481.088	51.671	510.75	0	180	-112.18
481.045	51.6176	510.797	0	180	-112.134
481.002	51.5641	510.845	0	180	-112.088
480.959	51.5106	510.892	0	180	-112.042
480.916	51.4571	510.939	0	180	-111.996
480.873	51.4037	510.986	0	180	-111.95
480.831	51.3502	511.034	0	180	-111.904
480.788	51.2967	511.081	0	180	-111.857
480.745	51.2432	511.128	0	180	-111.811
480.702	51.1898	511.175	0	180	-111.765
480.659	51.1363	511.222	0	180	-111.719
480.616	51.0828	511.27	0	180	-111.673
480.574	51.0294	511.317	0	180	-111.627
480.531	50.9759	511.364	0	180	-111.581
480.488	50.9224	511.411	0	180	-111.535
480.445	50.8689	511.459	0	180	-111.489
480.402	50.8155	511.506	0	180	-111.442
480.359	50.762	511.553	0	180	-111.396
480.317	50.7085	511.6	0	180	-111.35
480.274	50.655	511.647	0	180	-111.304
480.231	50.6016	511.695	0	180	-111.258
480.188	50.5481	511.742	0	180	-111.212
480.145	50.4946	511.789	0	180	-111.166
480.102	50.4411	511.836	0	180	-111.12
480.06	50.3877	511.884	0	180	-111.073
480.017	50.3342	511.931	0	180	-111.027
479.974	50.2807	511.978	0	180	-110.981
479.931	50.2272	512.025	0	180	-110.935
479.888	50.1738	512.073	0	180	-110.889
479.846	50.1203	512.12	0	180	-110.843
479.803	50.0668	512.167	0	180	-110.797
479.76	50.0133	512.214	0	180	-110.751
479.717	49.9599	512.261	0	180	-110.705
479.674	49.9064	512.309	0	180	-110.658
479.631	49.8529	512.356	0	180	-110.612
479.589	49.7994	512.403	0	180	-110.566
479.546	49.746	512.45	0	180	-110.52
479.503	49.6925	512.498	0	180	-110.474
479.46	49.639	512.545	0	180	-110.428
479.417	49.5855	512.592	0	180	-110.382
479.374	49.5321	512.639	0	180	-110.336
479.332	49.4786	512.686	0	180	-110.289
479.289	49.4251	512.734	0	180	-110.243
479.246	49.3716	512.781	0	180	-110.197
479.203	49.3182	512.828	0	180	-110.151
479.16	49.2647	512.875	0	180	-110.105
479.117	49.2112	512.923	0	180	-110.059
479.075	49.1577	512.97	0	180	-110.013
479.032	49.1043	513.017	0	180	-109.967
478.989	49.0508	513.064	0	180	-109.921
478.946	48.9973	513.111	0	180	-109.874
478.903	48.9438	513.159	0	180	-109.828
478.86	48.8904	513.206	0	180	-109.782
478.818	48.8369	513.253	0	180	-109.736
478.775	48.7834	513.3	0	180	-109.69
478.732	48.7299	513.348	0	180	-109.644
478.689	48.6765	513.395	0	180	-109.598
478.646	48.623	513.442	0	180	-109.552
478.603	48.5695	513.489	0	180	-109.505
478.561	48.516	513.536	0	180	-109.459
478.518	48.4626	513.584	0	180	-109.413
478.475	48.4091	513.631	0	180	-109.367
478.432	48.3556	513.678	0	180	-109.321
478.389	48.3021	513.725	0	180	-109.275
478.347	48.2487	513.773	0	180	-109.229
478.304	48.1952	513.82	0	180	-109.183
478.261	48.1417	513.867	0	180	-109.137
478.218	48.0883	513.914	0	180	-109.09
478.175	48.0348	513.962	0	180	-109.044
478.132	47.9813	514.009	0	180	-108.998
478.09	47.9278	514.056	0	180	-108.952
478.047	47.8744	514.103	0	180	-108.906
478.004	47.8209	514.15	0	180	-108.86
477.961	47.7674	514.198	0	180	-108.814
477.918	47.7139	514.245	0	180	-108.768
477.875	47.6605	514.292	0	180	-108.721
477.833	47.607	514.339	0	180	-108.675
477.79	47.5535	514.387	0	180	-108.629
477.747	47.5	514.434	0	180	-108.583
477.704	47.4466	514.481	0	180	-108.537
477.661	47.3931	514.528	0	180	-108.491
477.618	47.3396	514.575	0	180	-108.445
477.576	47.2861	514.623	0	180	-108.399
477.533	47.2327	514.67	0	180	-108.353
477.49	47.1792	514.717	0	180	-108.306
477.447	47.1257	514.764	0	180	-108.26
477.404	47.0722	514.812	0	180	-108.214
477.361	47.0188	514.859	0	180	-108.168
477.319	46.9653	514.906	0	180	-108.122
477.276	46.9118	514.953	0	180	-108.076
477.233	46.8583	515	0	180	-108.03
477.19	46.8049	515.048	0	180	-107.984
477.147	46.7514	515.095	0	180	-107.937
477.104	46.6979	515.142	0	180	-107.891
477.062	46.6444	515.189	0	180	-107.845
477.019	46.591	515.237	0	180	-107.799
476.976	46.5375	515.284	0	180	-107.753
476.933	46.484	515.331	0	180	-107.707
476.89	46.4305	515.378	0	180	-107.661
476.848	46.3771	515.426	0	180	-107.615
476.805	46.3236	515.473	0	180	-107.569
476.762	46.2701	515.52	0	180	-107.522
476.719	46.2166	515.567	0	180	-107.476
476.676	46.1632	515.614	0	180	-107.43
476.633	46.1097	515.662	0	180	-107.384
476.591	46.0562	515.709	0	180	-107.338
476.548	46.0027	515.756	0	180	-107.292
476.505	45.9493	515.803	0	180	-107.246
476.462	45.8958	515.851	0	180	-107.2
476.419	45.8423	515.898	0	180	-107.153
476.376	45.7888	515.945	0	180	-107.107
476.334	45.7354	515.992	0	180	-107.061
476.291	45.6819	516.039	0	180	-107.015
476.248	45.6284	516.087	0	180	-106.969
476.205	45.5749	516.134	0	180	-106.923
476.162	45.5215	516.181	0	180	-106.877
476.119	45.468	516.228	0	180	-106.831
476.077	45.4145	516.276	0	180	-106.785
476.034	45.361	516.323	0	180	-106.738
475.991	45.3076	516.37	0	180	-106.692
475.948	45.2541	516.417	0	180	-106.646
475.905	45.2006	516.464	0	180	-106.6
475.862	45.1471	516.512	0	180	-106.554
475.82	45.0937	516.559	0	180	-106.508
475.777	45.0402	516.606	0	180	-106.462
475.734	44.9867	516.653	0	180	-106.416
475.691	44.9333	516.701	0	180	-106.369
475.648	44.8798	516.748	0	180	-106.323
475.605	44.8263	516.795	0	180	-106.277
475.563	44.7728	516.842	0	180	-106.231
475.52	44.7194	516.889	0	180	-106.185
475.477	44.6659	516.937	0	180	-106.139
475.434	44.6124	516.984	0	180	-106.093
475.391	44.5589	517.031	0	180	-106.047
475.349	44.5055	517.078	0	180	-106.001
475.306	44.452	517.126	0	180	-105.954
475.263	44.3985	517.173	0	180	-105.908
475.22	44.345	517.22	0	180	-105.862
475.177	44.2916	517.267	0	180	-105.816
475.134	44.2381	517.315	0	180	-105.77
475.092	44.1846	517.362	0	180	-105.724
475.049	44.1311	517.409	0	180	-105.678
475.006	44.0777	517.456	0	180	-105.632
474.963	44.0242	517.503	0	180	-105.585
474.92	43.9707	517.551	0	180	-105.539
474.877	43.9172	517.598	0	180	-105.493
474.835	43.8638	517.645	0	180	-105.447
474.792	43.8103	517.692	0	180	-105.401
474.749	43.7568	517.74	0	180	-105.355
474.706	43.7033	517.787	0	180	-105.309
474.663	43.6499	517.834	0	180	-105.263
474.62	43.5964	517.881	0	180	-105.217
474.578	43.5429	517.928	0	180	-105.17
474.535	43.4894	517.976	0	180	-105.124
474.492	43.436	518.023	0	180	-105.078
474.449	43.3825	518.07	0	180	-105.032
474.406	43.329	518.117	0	180	-104.986
474.363	43.2755	518.165	0	180	-104.94
474.321	43.2221	518.212	0	180	-104.894
474.278	43.1686	518.259	0	180	-104.848
474.235	43.1151	518.306	0	180	-104.801
474.192	43.0616	518.353	0	180	-104.755
474.149	43.0082	518.401	0	180	-104.709
474.106	42.9547	518.448	0	180	-104.663
474.064	42.9012	518.495	0	180	-104.617
474.021	42.8477	518.542	0	180	-104.571
473.978	42.7943	518.59	0	180	-104.525
473.935	42.7408	518.637	0	180	-104.479
473.892	42.6873	518.684	0	180	-104.433
473.85	42.6338	518.731	0	180	-104.386
473.807	42.5804	518.779	0	180	-104.34
473.764	42.5269	518.826	0	180	-104.294
473.721	42.4734	518.873	0	180	-104.248
473.678	42.4199	518.92	0	180	-104.202
473.635	42.3665	518.967	0	180	-104.156
473.593	42.313	519.015	0	180	-104.11
473.55	42.2595	519.062	0	180	-104.064
473.507	42.206	519.109	0	180	-104.017
473.464	42.1526	519.156	0	180	-103.971
473.421	42.0991	519.204	0	180	-103.925
473.378	42.0456	519.251	0	180	-103.879
473.336	41.9922	519.298	0	180	-103.833
473.293	41.9387	519.345	0	180	-103.787
473.25	41.8852	519.392	0	180	-103.741
473.207	41.8317	519.44	0	180	-103.695
473.164	41.7783	519.487	0	180	-103.649
473.121	41.7248	519.534	0	180	-103.602
473.079	41.6713	519.581	0	180	-103.556
473.036	41.6178	519.629	0	180	-103.51
472.993	41.5644	519.676	0	180	-103.464
472.95	41.5109	519.723	0	180	-103.418
472.907	41.4574	519.77	0	180	-103.372
472.864	41.4039	519.817	0	180	-103.326
472.822	41.3505	519.865	0	180	-103.28
472.779	41.297	519.912	0	180	-103.233
472.736	41.2435	519.959	0	180	-103.187
472.693	41.19	520.006	0	180	-103.141
472.65	41.1366	520.054	0	180	-103.095
472.607	41.0831	520.101	0	180	-103.049
472.565	41.0296	520.148	0	180	-103.003
472.522	40.9761	520.195	0	180	-102.957
472.479	40.9227	520.242	0	180	-102.911
472.436	40.8692	520.29	0	180	-102.865
472.393	40.8157	520.337	0	180	-102.818
472.351	40.7622	520.384	0	180	-102.772
472.308	40.7088	520.431	0	180	-102.726
472.265	40.6553	520.479	0	180	-102.68
472.222	40.6018	520.526	0	180	-102.634
472.179	40.5483	520.573	0	180	-102.588
472.136	40.4949	520.62	0	180	-102.542
472.094	40.4414	520.668	0	180	-102.496
472.051	40.3879	520.715	0	180	-102.45
472.008	40.3344	520.762	0	180	-102.403
471.965	40.281	520.809	0	180	-102.357
471.922	40.2275	520.856	0	180	-102.311
471.879	40.174	520.904	0	180	-102.265
471.837	40.1205	520.951	0	180	-102.219
471.794	40.0671	520.998	0	180	-102.173
471.751	40.0136	521.045	0	180	-102.127
471.708	39.9601	521.093	0	180	-102.081
471.665	39.9066	521.14	0	180	-102.034
471.622	39.8532	521.187	0	180	-101.988
471.58	39.7997	521.234	0	180	-101.942
471.537	39.7462	521.281	0	180	-101.896
471.494	39.6927	521.329	0	180	-101.85
471.451	39.6393	521.376	0	180	-101.804
471.408	39.5858	521.423	0	180	-101.758
471.365	39.5323	521.47	0	180	-101.712
471.323	39.4788	521.518	0	180	-101.666
471.28	39.4254	521.565	0	180	-101.619
471.237	39.3719	521.612	0	180	-101.573
471.194	39.3184	521.659	0	180	-101.527
471.151	39.2649	521.706	0	180	-101.481
471.108	39.2115	521.754	0	180	-101.435
471.066	39.158	521.801	0	180	-101.389
471.023	39.1045	521.848	0	180	-101.343
470.98	39.0511	521.895	0	180	-101.297
470.937	38.9976	521.943	0	180	-101.25
470.894	38.9441	521.99	0	180	-101.204
470.852	38.8906	522.037	0	180	-101.158
470.809	38.8372	522.084	0	180	-101.112
470.766	38.7837	522.132	0	180	-101.066
470.723	38.7302	522.179	0	180	-101.02
470.68	38.6767	522.226	0	180	-100.974
470.637	38.6233	522.273	0	180	-100.928
470.595	38.5698	522.32	0	180	-100.882
470.552	38.5163	522.368	0	180	-100.835
470.509	38.4628	522.415	0	180	-100.789
470.466	38.4094	522.462	0	180	-100.743
470.423	38.3559	522.509	0	180	-100.697
470.38	38.3024	522.557	0	180	-100.651
470.338	38.2489	522.604	0	180	-100.605
470.295	38.1955	522.651	0	180	-100.559
470.252	38.142	522.698	0	180	-100.513
470.209	38.0885	522.745	0	180	-100.466
470.166	38.035	522.793	0	180	-100.42
470.123	37.9816	522.84	0	180	-100.374
470.081	37.9281	522.887	0	180	-100.328
470.038	37.8746	522.934	0	180	-100.282
469.995	37.8211	522.982	0	180	-100.236
469.952	37.7677	523.029	0	180	-100.19
469.909	37.7142	523.076	0	180	-100.144
469.866	37.6607	523.123	0	180	-100.098
469.824	37.6072	523.17	0	180	-100.051
469.781	37.5538	523.218	0	180	-100.005
469.738	37.5003	523.265	0	180	-99.9592
469.695	37.4468	523.312	0	180	-99.913
469.652	37.3933	523.359	0	180	-99.8669
469.609	37.3399	523.407	0	180	-99.8208
469.567	37.2864	523.454	0	180	-99.7747
469.524	37.2329	523.501	0	180	-99.7286
469.481	37.1794	523.548	0	180	-99.6825
469.438	37.126	523.595	0	180	-99.6363
469.395	37.0725	523.643	0	180	-99.5902
469.353	37.019	523.69	0	180	-99.5441
469.31	36.9655	523.737	0	180	-99.498
469.267	36.9121	523.784	0	180	-99.4519
469.224	36.8586	523.832	0	180	-99.4058
469.181	36.8051	523.879	0	180	-99.3596
469.138	36.7516	523.926	0	180	-99.3135
469.096	36.6982	523.973	0	180	-99.2674
469.053	36.6447	524.021	0	180	-99.2213
469.01	36.5912	524.068	0	180	-99.1752
468.967	36.5377	524.115	0	180	-99.129
468.924	36.4843	524.162	0	180	-99.0829
468.881	36.4308	524.209	0	180	-99.0368
468.839	36.3773	524.257	0	180	-98.9907
468.796	36.3238	524.304	0	180	-98.9446
468.753	36.2704	524.351	0	180	-98.8985
468.71	36.2169	524.398	0	180	-98.8523
468.667	36.1634	524.446	0	180	-98.8062
468.624	36.11	524.493	0	180	-98.7601
468.582	36.0565	524.54	0	180	-98.714
468.539	36.003	524.587	0	180	-98.6679
468.496	35.9495	524.634	0	180	-98.6218
468.453	35.8961	524.682	0	180	-98.5756
468.41	35.8426	524.729	0	180	-98.5295
468.367	35.7891	524.776	0	180	-98.4834
468.325	35.7356	524.823	0	180	-98.4373
468.282	35.6822	524.871	0	180	-98.3912
468.239	35.6287	524.918	0	180	-98.3451
468.196	35.5752	524.965	0	180	-98.2989
468.153	35.5217	525.012	0	180	-98.2528
468.11	35.4683	525.059	0	180	-98.2067
468.068	35.4148	525.107	0	180	-98.1606
468.025	35.3613	525.154	0	180	-98.1145
467.982	35.3078	525.201	0	180	-98.0683
467.939	35.2544	525.248	0	180	-98.0222
467.896	35.2009	525.296	0	180	-97.9761
467.854	35.1474	525.343	0	180	-97.93
467.811	35.0939	525.39	0	180	-97.8839
467.768	35.0405	525.437	0	180	-97.8378
467.725	34.987	525.485	0	180	-97.7916
467.682	34.9335	525.532	0	180	-97.7455
467.639	34.88	525.579	0	180	-97.6994
467.597	34.8266	525.626	0	180	-97.6533
467.554	34.7731	525.673	0	180	-97.6072
467.511	34.7196	525.721	0	180	-97.5611
467.468	34.6661	525.768	0	180	-97.5149
467.425	34.6127	525.815	0	180	-97.4688
467.382	34.5592	525.862	0	180	-97.4227
467.34	34.5057	525.91	0	180	-97.3766
467.297	34.4522	525.957	0	180	-97.3305
467.254	34.3988	526.004	0	180	-97.2844
467.211	34.3453	526.051	0	180	-97.2382
467.168	34.2918	526.098	0	180	-97.1921
467.125	34.2383	526.146	0	180	-97.146
467.083	34.1849	526.193	0	180	-97.0999
467.04	34.1314	526.24	0	180	-97.0538
466.997	34.0779	526.287	0	180	-97.0076
466.954	34.0244	526.335	0	180	-96.9615
466.911	33.971	526.382	0	180	-96.9154
466.868	33.9175	526.429	0	180	-96.8693
466.826	33.864	526.476	0	180	-96.8232
466.783	33.8105	526.523	0	180	-96.7771
466.74	33.7571	526.571	0	180	-96.7309
466.697	33.7036	526.618	0	180	-96.6848
466.654	33.6501	526.665	0	180	-96.6387
466.611	33.5966	526.712	0	180	-96.5926
466.569	33.5432	526.76	0	180	-96.5465
466.526	33.4897	526.807	0	180	-96.5004
466.483	33.4362	526.854	0	180	-96.4542
466.44	33.3827	526.901	0	180	-96.4081
466.397	33.3293	526.948	0	180	-96.362
466.355	33.2758	526.996	0	180	-96.3159
466.312	33.2223	527.043	0	180	-96.2698
466.269	33.1688	527.09	0	180	-96.2236
466.226	33.1154	527.137	0	180	-96.1775
466.183	33.0619	527.185	0	180	-96.1314
466.14	33.0084	527.232	0	180	-96.0853
466.098	32.955	527.279	0	180	-96.0392
466.055	32.9015	527.326	0	180	-95.9931
466.012	32.848	527.374	0	180	-95.9469
465.969	32.7945	527.421	0	180	-95.9008
465.926	32.7411	527.468	0	180	-95.8547
465.883	32.6876	527.515	0	180	-95.8086
465.841	32.6341	527.562	0	180	-95.7625
465.798	32.5806	527.61	0	180	-95.7164
465.755	32.5272	527.657	0	180	-95.6702
465.712	32.4737	527.704	0	180	-95.6241
465.669	32.4202	527.751	0	180	-95.578
465.626	32.3667	527.799	0	180	-95.5319
465.584	32.3133	527.846	0	180	-95.4858
465.541	32.2598	527.893	0	180	-95.4397
465.498	32.2063	527.94	0	180	-95.3935
465.455	32.1528	527.987	0	180	-95.3474
465.412	32.0994	528.035	0	180	-95.3013
465.369	32.0459	528.082	0	180	-95.2552
465.327	31.9924	528.129	0	180	-95.2091
465.284	31.9389	528.176	0	180	-95.1629
465.241	31.8855	528.224	0	180	-95.1168
465.198	31.832	528.271	0	180	-95.0707
465.155	31.7785	528.318	0	180	-95.0246
465.112	31.725	528.365	0	180	-94.9785
465.07	31.6716	528.412	0	180	-94.9324
465.027	31.6181	528.46	0	180	-94.8862
464.984	31.5646	528.507	0	180	-94.8401
464.941	31.5111	528.554	0	180	-94.794
464.898	31.4577	528.601	0	180	-94.7479
464.856	31.4042	528.649	0	180	-94.7018
464.813	31.3507	528.696	0	180	-94.6557
464.77	31.2972	528.743	0	180	-94.6095
464.727	31.2438	528.79	0	180	-94.5634
464.684	31.1903	528.838	0	180	-94.5173
464.641	31.1368	528.885	0	180	-94.4712
464.599	31.0833	528.932	0	180	-94.4251
464.556	31.0299	528.979	0	180	-94.379
464.513	30.9764	529.026	0	180	-94.3328
464.47	30.9229	529.074	0	180	-94.2867
464.427	30.8694	529.121	0	180	-94.2406
464.384	30.816	529.168	0	180	-94.1945
464.342	30.7625	529.215	0	180	-94.1484
464.299	30.709	529.263	0	180	-94.1022
464.256	30.6555	529.31	0	180	-94.0561
464.213	30.6021	529.357	0	180	-94.01
464.17	30.5486	529.404	0	180	-93.9639
464.127	30.4951	529.451	0	180	-93.9178
464.085	30.4416	529.499	0	180	-93.8717
464.042	30.3882	529.546	0	180	-93.8255
463.999	30.3347	529.593	0	180	-93.7794
463.956	30.2812	529.64	0	180	-93.7333
463.913	30.2277	529.688	0	180	-93.6872
463.87	30.1743	529.735	0	180	-93.6411
463.828	30.1208	529.782	0	180	-93.595
463.785	30.0673	529.829	0	180	-93.5488
463.742	30.0139	529.876	0	180	-93.5027
463.699	29.9604	529.924	0	180	-93.4566
463.656	29.9069	529.971	0	180	-93.4105
463.614	29.8534	530.018	0	180	-93.3644
463.571	29.8	530.065	0	180	-93.3183
463.528	29.7465	530.113	0	180	-93.2721
463.485	29.693	530.16	0	180	-93.226
463.442	29.6395	530.207	0	180	-93.1799
463.399	29.5861	530.254	0	180	-93.1338
463.357	29.5326	530.301	0	180	-93.0877
463.314	29.4791	530.349	0	180	-93.0415
463.271	29.4256	530.396	0	180	-92.9954
463.228	29.3722	530.443	0	180	-92.9493
463.185	29.3187	530.49	0	180	-92.9032
463.142	29.2652	530.538	0	180	-92.8571
463.1	29.2117	530.585	0	180	-92.811
463.057	29.1583	530.632	0	180	-92.7648
463.014	29.1048	530.679	0	180	-92.7187
462.971	29.0513	530.727	0	180	-92.6726
462.928	28.9978	530.774	0	180	-92.6265
462.885	28.9444	530.821	0	180	-92.5804
462.843	28.8909	530.868	0	180	-92.5343
462.8	28.8374	530.915	0	180	-92.4881
462.757	28.7839	530.963	0	180	-92.442
462.714	28.7305	531.01	0	180	-92.3959
462.671	28.677	531.057	0	180	-92.3498
462.628	28.6235	531.104	0	180	-92.3037
462.586	28.57	531.152	0	180	-92.2576
462.543	28.5166	531.199	0	180	-92.2114
462.5	28.4631	531.246	0	180	-92.1653
462.457	28.4096	531.293	0	180	-92.1192
462.414	28.3561	531.34	0	180	-92.0731
462.371	28.3027	531.388	0	180	-92.027
462.329	28.2492	531.435	0	180	-91.9808
462.286	28.1957	531.482	0	180	-91.9347
462.243	28.1422	531.529	0	180	-91.8886
462.2	28.0888	531.577	0	180	-91.8425
462.157	28.0353	531.624	0	180	-91.7964
462.115	27.9818	531.671	0	180	-91.7503
462.072	27.9283	531.718	0	180	-91.7041
462.029	27.8749	531.765	0	180	-91.658
461.986	27.8214	531.813	0	180	-91.6119
461.943	27.7679	531.86	0	180	-91.5658
461.9	27.7144	531.907	0	180	-91.5197
461.858	27.661	531.954	0	180	-91.4736
461.815	27.6075	532.002	0	180	-91.4274
461.772	27.554	532.049	0	180	-91.3813
461.729	27.5005	532.096	0	180	-91.3352
461.686	27.4471	532.143	0	180	-91.2891
461.643	27.3936	532.19	0	180	-91.243
461.601	27.3401	532.238	0	180	-91.1969
461.558	27.2866	532.285	0	180	-91.1507
461.515	27.2332	532.332	0	180	-91.1046
461.472	27.1797	532.379	0	180	-91.0585
461.429	27.1262	532.427	0	180	-91.0124
461.386	27.0728	532.474	0	180	-90.9663
461.344	27.0193	532.521	0	180	-90.9201
461.301	26.9658	532.568	0	180	-90.874
461.258	26.9123	532.616	0	180	-90.8279
461.215	26.8589	532.663	0	180	-90.7818
461.172	26.8054	532.71	0	180	-90.7357
461.129	26.7519	532.757	0	180	-90.6896
461.087	26.6984	532.804	0	180	-90.6434
461.044	26.645	532.852	0	180	-90.5973
461.001	26.5915	532.899	0	180	-90.5512
460.958	26.538	532.946	0	180	-90.5051
460.915	26.4845	532.993	0	180	-90.459
460.872	26.4311	533.041	0	180	-90.4129
460.83	26.3776	533.088	0	180	-90.3667
460.787	26.3241	533.135	0	180	-90.3206
460.744	26.2706	533.182	0	180	-90.2745
460.701	26.2172	533.229	0	180	-90.2284
460.658	26.1637	533.277	0	180	-90.1823
460.616	26.1102	533.324	0	180	-90.1361
460.573	26.0567	533.371	0	180	-90.09
460.53	26.0033	533.418	0	180	-90.0439
460.487	25.9498	533.466	0	180	-89.9978
460.444	25.8963	533.513	0	180	-89.9517
460.401	25.8428	533.56	0	180	-89.9056
460.359	25.7894	533.607	0	180	-89.8594
460.316	25.7359	533.654	0	180	-89.8133
460.273	25.6824	533.702	0	180	-89.7672
460.23	25.6289	533.749	0	180	-89.7211
460.187	25.5755	533.796	0	180	-89.675
460.144	25.522	533.843	0	180	-89.6289
460.102	25.4685	533.891	0	180	-89.5827
460.059	25.415	533.938	0	180	-89.5366
460.016	25.3616	533.985	0	180	-89.4905
459.973	25.3081	534.032	0	180	-89.4444
459.93	25.2546	534.08	0	180	-89.3983
459.887	25.2011	534.127	0	180	-89.3522
459.845	25.1477	534.174	0	180	-89.306
459.802	25.0942	534.221	0	180	-89.2599
459.759	25.0407	534.268	0	180	-89.2138
459.716	24.9872	534.316	0	180	-89.1677
459.673	24.9338	534.363	0	180	-89.1216
459.63	24.8803	534.41	0	180	-89.0754
459.588	24.8268	534.457	0	180	-89.0293
459.545	24.7733	534.505	0	180	-88.9832
459.502	24.7199	534.552	0	180	-88.9371
459.459	24.6664	534.599	0	180	-88.891
459.416	24.6129	534.646	0	180	-88.8449
459.373	24.5594	534.693	0	180	-88.7987
459.331	24.506	534.741	0	180	-88.7526
459.288	24.4525	534.788	0	180	-88.7065
459.245	24.399	534.835	0	180	-88.6604
459.202	24.3455	534.882	0	180	-88.6143
459.159	24.2921	534.93	0	180	-88.5682
459.117	24.2386	534.977	0	180	-88.522
459.074	24.1851	535.024	0	180	-88.4759
459.031	24.1317	535.071	0	180	-88.4298
458.988	24.0782	535.118	0	180	-88.3837
458.945	24.0247	535.166	0	180	-88.3376
458.902	23.9712	535.213	0	180	-88.2915
458.86	23.9178	535.26	0	180	-88.2453
458.817	23.8643	535.307	0	180	-88.1992
458.774	23.8108	535.355	0	180	-88.1531
458.731	23.7573	535.402	0	180	-88.107
458.688	23.7039	535.449	0	180	-88.0609
458.645	23.6504	535.496	0	180	-88.0147
458.603	23.5969	535.543	0	180	-87.9686
458.56	23.5434	535.591	0	180	-87.9225
458.517	23.49	535.638	0	180	-87.8764
458.474	23.4365	535.685	0	180	-87.8303
458.431	23.383	535.732	0	180	-87.7842
458.388	23.3295	535.78	0	180	-87.738
458.346	23.2761	535.827	0	180	-87.6919
458.303	23.2226	535.874	0	180	-87.6458
458.26	23.1691	535.921	0	180	-87.5997
458.217	23.1156	535.969	0	180	-87.5536
458.174	23.0622	536.016	0	180	-87.5075
458.131	23.0087	536.063	0	180	-87.4613
458.089	22.9552	536.11	0	180	-87.4152
458.046	22.9017	536.157	0	180	-87.3691
458.003	22.8483	536.205	0	180	-87.323
457.96	22.7948	536.252	0	180	-87.2769
457.917	22.7413	536.299	0	180	-87.2308
457.874	22.6878	536.346	0	180	-87.1846
457.832	22.6344	536.394	0	180	-87.1385
457.789	22.5809	536.441	0	180	-87.0924
457.746	22.5274	536.488	0	180	-87.0463
457.703	22.4739	536.535	0	180	-87.0002
457.66	22.4205	536.582	0	180	-86.954
457.618	22.367	536.63	0	180	-86.9079
457.575	22.3135	536.677	0	180	-86.8618
457.532	22.26	536.724	0	180	-86.8157
457.489	22.2066	536.771	0	180	-86.7696
457.446	22.1531	536.819	0	180	-86.7235
457.403	22.0996	536.866	0	180	-86.6773
457.361	22.0461	536.913	0	180	-86.6312
457.318	21.9927	536.96	0	180	-86.5851
457.275	21.9392	537.007	0	180	-86.539
457.232	21.8857	537.055	0	180	-86.4929
457.189	21.8322	537.102	0	180	-86.4468
457.146	21.7788	537.149	0	180	-86.4006
457.104	21.7253	537.196	0	180	-86.3545
457.061	21.6718	537.244	0	180	-86.3084
457.018	21.6183	537.291	0	180	-86.2623
456.975	21.5649	537.338	0	180	-86.2162
456.932	21.5114	537.385	0	180	-86.1701
456.889	21.4579	537.433	0	180	-86.1239
456.847	21.4044	537.48	0	180	-86.0778
456.804	21.351	537.527	0	180	-86.0317
456.761	21.2975	537.574	0	180	-85.9856
456.718	21.244	537.621	0	180	-85.9395
456.675	21.1905	537.669	0	180	-85.8933
456.632	21.1371	537.716	0	180	-85.8472
456.59	21.0836	537.763	0	180	-85.8011
456.547	21.0301	537.81	0	180	-85.755
456.504	20.9767	537.858	0	180	-85.7089
456.461	20.9232	537.905	0	180	-85.6628
456.418	20.8697	537.952	0	180	-85.6166
456.375	20.8162	537.999	0	180	-85.5705
456.333	20.7628	538.046	0	180	-85.5244
456.29	20.7093	538.094	0	180	-85.4783
456.247	20.6558	538.141	0	180	-85.4322
456.204	20.6023	538.188	0	180	-85.3861
456.161	20.5489	538.235	0	180	-85.3399
456.119	20.4954	538.283	0	180	-85.2938
456.076	20.4419	538.33	0	180	-85.2477
456.033	20.3884	538.377	0	180	-85.2016
455.99	20.335	538.424	0	180	-85.1555
455.947	20.2815	538.471	0	180	-85.1094
455.904	20.228	538.519	0	180	-85.0632
455.862	20.1745	538.566	0	180	-85.0171
455.819	20.1211	538.613	0	180	-84.971
455.776	20.0676	538.66	0	180	-84.9249
455.733	20.0141	538.708	0	180	-84.8788
455.69	19.9606	538.755	0	180	-84.8326
455.647	19.9072	538.802	0	180	-84.7865
455.605	19.8537	538.849	0	180	-84.7404
455.562	19.8002	538.896	0	180	-84.6943
455.519	19.7467	538.944	0	180	-84.6482
455.476	19.6933	538.991	0	180	-84.6021
455.433	19.6398	539.038	0	180	-84.5559
455.39	19.5863	539.085	0	180	-84.5098
455.348	19.5328	539.133	0	180	-84.4637
455.305	19.4794	539.18	0	180	-84.4176
455.262	19.4259	539.227	0	180	-84.3715
455.219	19.3724	539.274	0	180	-84.3254
455.176	19.3189	539.322	0	180	-84.2792
455.133	19.2655	539.369	0	180	-84.2331
455.091	19.212	539.416	0	180	-84.187
455.048	19.1585	539.463	0	180	-84.1409
455.005	19.105	539.51	0	180	-84.0948
454.962	19.0516	539.558	0	180	-84.0486
454.919	18.9981	539.605	0	180	-84.0025
454.876	18.9446	539.652	0	180	-83.9564
454.834	18.8911	539.699	0	180	-83.9103
454.791	18.8377	539.747	0	180	-83.8642
454.748	18.7842	539.794	0	180	-83.8181
454.705	18.7307	539.841	0	180	-83.7719
454.662	18.6772	539.888	0	180	-83.7258
454.62	18.6238	539.935	0	180	-83.6797
454.577	18.5703	539.983	0	180	-83.6336
454.534	18.5168	540.03	0	180	-83.5875
454.491	18.4633	540.077	0	180	-83.5414
454.448	18.4099	540.124	0	180	-83.4952
454.405	18.3564	540.172	0	180	-83.4491
454.363	18.3029	540.219	0	180	-83.403
454.32	18.2494	540.266	0	180	-83.3569
454.277	18.196	540.313	0	180	-83.3108
454.234	18.1425	540.36	0	180	-83.2647
454.191	18.089	540.408	0	180	-83.2185
454.148	18.0356	540.455	0	180	-83.1724
454.106	17.9821	540.502	0	180	-83.1263
454.063	17.9286	540.549	0	180	-83.0802
454.02	17.8751	540.597	0	180	-83.0341
453.977	17.8217	540.644	0	180	-82.9879
453.934	17.7682	540.691	0	180	-82.9418
453.891	17.7147	540.738	0	180	-82.8957
453.849	17.6612	540.786	0	180	-82.8496
453.806	17.6078	540.833	0	180	-82.8035
453.763	17.5543	540.88	0	180	-82.7574
453.72	17.5008	540.927	0	180	-82.7112
453.677	17.4473	540.974	0	180	-82.6651
453.634	17.3939	541.022	0	180	-82.619
453.592	17.3404	541.069	0	180	-82.5729
453.549	17.2869	541.116	0	180	-82.5268
453.506	17.2334	541.163	0	180	-82.4807
453.463	17.18	541.211	0	180	-82.4345
453.42	17.1265	541.258	0	180	-82.3884
453.377	17.073	541.305	0	180	-82.3423
453.335	17.0195	541.352	0	180	-82.2962
453.292	16.9661	541.399	0	180	-82.2501
453.249	16.9126	541.447	0	180	-82.204
453.206	16.8591	541.494	0	180	-82.1578
453.163	16.8056	541.541	0	180	-82.1117
453.121	16.7522	541.588	0	180	-82.0656
453.078	16.6987	541.636	0	180	-82.0195
453.035	16.6452	541.683	0	180	-81.9734
452.992	16.5917	541.73	0	180	-81.9272
452.949	16.5383	541.777	0	180	-81.8811
452.906	16.4848	541.824	0	180	-81.835
452.864	16.4313	541.872	0	180	-81.7889
452.821	16.3778	541.919	0	180	-81.7428
452.778	16.3244	541.966	0	180	-81.6967
452.735	16.2709	542.013	0	180	-81.6505
452.692	16.2174	542.061	0	180	-81.6044
452.649	16.1639	542.108	0	180	-81.5583
452.607	16.1105	542.155	0	180	-81.5122
452.564	16.057	542.202	0	180	-81.4661
452.521	16.0035	542.249	0	180	-81.42
452.478	15.95	542.297	0	180	-81.3738
452.435	15.8966	542.344	0	180	-81.3277
452.392	15.8431	542.391	0	180	-81.2816
452.35	15.7896	542.438	0	180	-81.2355
452.307	15.7361	542.486	0	180	-81.1894
452.264	15.6827	542.533	0	180	-81.1433
452.221	15.6292	542.58	0	180	-81.0971
452.178	15.5757	542.627	0	180	-81.051
452.135	15.5222	542.675	0	180	-81.0049
452.093	15.4688	542.722	0	180	-80.9588
452.05	15.4153	542.769	0	180	-80.9127
452.007	15.3618	542.816	0	180	-80.8665
451.964	15.3083	542.863	0	180	-80.8204
451.921	15.2549	542.911	0	180	-80.7743
451.878	15.2014	542.958	0	180	-80.7282
451.836	15.1479	543.005	0	180	-80.6821
451.793	15.0945	543.052	0	180	-80.636
451.75	15.041	543.1	0	180	-80.5898
451.707	14.9875	543.147	0	180	-80.5437
451.664	14.934	543.194	0	180	-80.4976
451.622	14.8806	543.241	0	180	-80.4515
451.579	14.8271	543.288	0	180	-80.4054
451.536	14.7736	543.336	0	180	-80.3593
451.493	14.7201	543.383	0	180	-80.3131
451.45	14.6667	543.43	0	180	-80.267
451.407	14.6132	543.477	0	180	-80.2209
451.365	14.5597	543.525	0	180	-80.1748
451.322	14.5062	543.572	0	180	-80.1287
451.279	14.4528	543.619	0	180	-80.0826
451.236	14.3993	543.666	0	180	-80.0364
451.193	14.3458	543.713	0	180	-79.9903
451.15	14.2923	543.761	0	180	-79.9442
451.108	14.2389	543.808	0	180	-79.8981
451.065	14.1854	543.855	0	180	-79.852
451.022	14.1319	543.902	0	180	-79.8058
450.979	14.0784	543.95	0	180	-79.7597
450.936	14.025	543.997	0	180	-79.7136
450.893	13.9715	544.044	0	180	-79.6675
450.851	13.918	544.091	0	180	-79.6214
450.808	13.8645	544.139	0	180	-79.5753
450.765	13.8111	544.186	0	180	-79.5291
450.722	13.7576	544.233	0	180	-79.483
450.679	13.7041	544.28	0	180	-79.4369
450.636	13.6506	544.327	0	180	-79.3908
450.594	13.5972	544.375	0	180	-79.3447
450.551	13.5437	544.422	0	180	-79.2986
450.508	13.4902	544.469	0	180	-79.2524
450.465	13.4367	544.516	0	180	-79.2063
450.422	13.3833	544.564	0	180	-79.1602
450.379	13.3298	544.611	0	180	-79.1141
450.337	13.2763	544.658	0	180	-79.068
450.294	13.2228	544.705	0	180	-79.0219
450.251	13.1694	544.752	0	180	-78.9757
450.208	13.1159	544.8	0	180	-78.9296
450.165	13.0624	544.847	0	180	-78.8835
450.123	13.0089	544.894	0	180	-78.8374
450.08	12.9555	544.941	0	180	-78.7913
450.037	12.902	544.989	0	180	-78.7451
449.994	12.8485	545.036	0	180	-78.699
449.951	12.795	545.083	0	180	-78.6529
449.908	12.7416	545.13	0	180	-78.6068
449.866	12.6881	545.177	0	180	-78.5607
449.823	12.6346	545.225	0	180	-78.5146
449.78	12.5811	545.272	0	180	-78.4684
449.737	12.5277	545.319	0	180	-78.4223
449.694	12.4742	545.365	0	180	-78.3762
449.651	12.4207	545.41	0	180	-78.3301
449.609	12.3672	545.455	0	180	-78.284
449.566	12.3138	545.498	0	180	-78.2379
449.523	12.2603	545.54	0	180	-78.1917
449.48	12.2068	545.581	0	180	-78.1456
449.437	12.1534	545.621	0	180	-78.0995
449.394	12.0999	545.66	0	180	-78.0534
449.352	12.0464	545.699	0	180	-78.0073
449.309	11.9929	545.736	0	180	-77.9611
449.266	11.9395	545.772	0	180	-77.915
449.223	11.886	545.807	0	180	-77.8689
449.18	11.8325	545.841	0	180	-77.8228
449.137	11.779	545.875	0	180	-77.7767
449.095	11.7256	545.907	0	180	-77.7306
449.052	11.6721	545.938	0	180	-77.6844
449.009	11.6186	545.968	0	180	-77.6383
448.966	11.5651	545.997	0	180	-77.5922
448.923	11.5117	546.026	0	180	-77.5461
448.88	11.4582	546.053	0	180	-77.5
448.838	11.4047	546.079	0	180	-77.4539
448.795	11.3512	546.104	0	180	-77.4077
448.752	11.2978	546.128	0	180	-77.3616
448.709	11.2443	546.151	0	180	-77.3155
448.666	11.1908	546.174	0	180	-77.2694
448.624	11.1373	546.195	0	180	-77.2233
448.581	11.0839	546.215	0	180	-77.1772
448.538	11.0304	546.234	0	180	-77.131
448.495	10.9769	546.252	0	180	-77.0849
448.452	10.9234	546.27	0	180	-77.0388
448.409	10.87	546.286	0	180	-76.9927
448.367	10.8165	546.301	0	180	-76.9466
448.324	10.763	546.315	0	180	-76.9004
448.281	10.7095	546.328	0	180	-76.8543
448.238	10.6561	546.341	0	180	-76.8082
448.195	10.6026	546.352	0	180	-76.7621
448.152	10.5491	546.362	0	180	-76.716
448.11	10.4956	546.371	0	180	-76.6699
448.067	10.4422	546.379	0	180	-76.6237
448.024	10.3887	546.387	0	180	-76.5776
447.981	10.3352	546.393	0	180	-76.5315
447.938	10.2817	546.398	0	180	-76.4854
447.895	10.2283	546.402	0	180	-76.4393
447.853	10.1748	546.405	0	180	-76.3932
447.81	10.1213	546.407	0	180	-76.347
447.767	10.0678	546.409	0	180	-76.3009
447.724	10.0144	546.409	0	180	-76.2548
447.681	9.96089	546.408	0	180	-76.2087
447.638	9.90742	546.406	0	180	-76.1626
447.596	9.85394	546.403	0	180	-76.1165
447.553	9.80047	546.4	0	180	-76.0703
447.51	9.747	546.395	0	180	-76.0242
447.467	9.69352	546.389	0	180	-75.9781
447.424	9.64005	546.382	0	180	-75.932
447.381	9.58657	546.374	0	180	-75.8859
447.339	9.5331	546.366	0	180	-75.8397
447.296	9.47962	546.356	0	180	-75.7936
447.253	9.42615	546.345	0	180	-75.7475
447.21	9.37267	546.333	0	180	-75.7014
447.167	9.3192	546.32	0	180	-75.6553
447.125	9.26572	546.306	0	180	-75.6092
447.082	9.21225	546.292	0	180	-75.563
447.039	9.15878	546.276	0	180	-75.5169
446.996	9.1053	546.259	0	180	-75.4708
446.953	9.05183	546.241	0	180	-75.4247
446.91	8.99835	546.222	0	180	-75.3786
446.868	8.94488	546.203	0	180	-75.3325
446.825	8.8914	546.182	0	180	-75.2863
446.782	8.83793	546.16	0	180	-75.2402
446.739	8.78445	546.137	0	180	-75.1941
446.696	8.73098	546.113	0	180	-75.148
446.653	8.6775	546.089	0	180	-75.1019
446.611	8.62403	546.063	0	180	-75.0558
446.568	8.57055	546.036	0	180	-75.0096
446.525	8.51708	546.008	0	180	-74.9635
446.482	8.46361	545.979	0	180	-74.9174
446.439	8.41013	545.949	0	180	-74.8713
446.396	8.35666	545.919	0	180	-74.8252
446.354	8.30318	545.887	0	180	-74.779
446.311	8.24971	545.854	0	180	-74.7329
446.268	8.19623	545.82	0	180	-74.6868
446.225	8.14276	545.785	0	180	-74.6407
446.182	8.08928	545.75	0	180	-74.5946
446.139	8.03581	545.713	0	180	-74.5485
446.097	7.98233	545.675	0	180	-74.5023
446.054	7.92886	545.636	0	180	-74.4562
446.011	7.87539	545.596	0	180	-74.4101
445.968	7.82191	545.556	0	180	-74.364
445.925	7.76844	545.514	0	180	-74.3179
445.882	7.71496	545.471	0	180	-74.2718
445.84	7.66149	545.427	0	180	-74.2258
445.797	7.60801	545.382	0	180	-74.1808
445.754	7.55454	545.336	0	180	-74.1367
445.711	7.50106	545.29	0	180	-74.0937
445.668	7.44759	545.242	0	180	-74.0516
445.626	7.39411	545.193	0	180	-74.0106
445.583	7.34064	545.143	0	180	-73.9705
445.54	7.28721	545.092	0	180	-73.9315
445.498	7.23452	545.041	0	180	-73.8934
445.456	7.18283	544.988	0	180	-73.8564
445.416	7.13202	544.934	0	180	-73.8203
445.375	7.08136	544.879	0	180	-73.7853
445.335	7.03069	544.823	0	180	-73.7512
445.295	6.98002	544.767	0	180	-73.7182
445.254	6.92935	544.709	0	180	-73.6861
445.214	6.87868	544.65	0	180	-73.6551
445.173	6.82801	544.59	0	180	-73.625
445.133	6.77734	544.529	0	180	-73.5959
445.092	6.72668	544.467	0	180	-73.5672
445.052	6.67601	544.405	0	180	-73.5385
445.011	6.62534	544.341	0	180	-73.5097
444.971	6.57467	544.276	0	180	-73.481
444.931	6.524	544.21	0	180	-73.4522
444.89	6.47333	544.143	0	180	-73.4235
444.85	6.42266	544.076	0	180	-73.3947
444.809	6.372	544.007	0	180	-73.366
444.769	6.32133	543.937	0	180	-73.3372
444.728	6.27066	543.866	0	180	-73.3085
444.688	6.21999	543.794	0	180	-73.2798
444.647	6.16932	543.722	0	180	-73.251
444.607	6.11865	543.648	0	180	-73.2223
444.567	6.06798	543.573	0	180	-73.1935
444.526	6.01732	543.497	0	180	-73.1648
444.486	5.96665	543.42	0	180	-73.136
444.445	5.91598	543.342	0	180	-73.1073
444.405	5.86531	543.264	0	180	-73.0785
444.364	5.81464	543.184	0	180	-73.0498
444.324	5.76397	543.103	0	180	-73.021
444.283	5.7133	543.021	0	180	-72.9923
444.243	5.66264	542.938	0	180	-72.9636
444.203	5.61197	542.855	0	180	-72.9348
444.162	5.5613	542.77	0	180	-72.9061
444.122	5.51063	542.684	0	180	-72.8773
444.081	5.45996	542.597	0	180	-72.8486
444.041	5.40929	542.509	0	180	-72.8198
444	5.35862	542.421	0	180	-72.7911
443.96	5.30796	542.331	0	180	-72.7623
443.92	5.25729	542.24	0	180	-72.7336
443.879	5.20662	542.148	0	180	-72.7049
443.839	5.15595	542.055	0	180	-72.6761
443.798	5.10528	541.961	0	180	-72.6474
443.758	5.05461	541.867	0	180	-72.6186
443.717	5.00394	541.771	0	180	-72.5899
443.677	4.95328	541.674	0	180	-72.5611
443.636	4.90261	541.576	0	180	-72.5324
443.596	4.85194	541.477	0	180	-72.5036
443.556	4.80127	541.378	0	180	-72.4749
443.515	4.7506	541.277	0	180	-72.4461
443.475	4.69993	541.175	0	180	-72.4174
443.434	4.64926	541.072	0	180	-72.3887
443.394	4.5986	540.968	0	180	-72.3599
443.353	4.54793	540.864	0	180	-72.3312
443.313	4.49726	540.758	0	180	-72.3024
443.272	4.44659	540.651	0	180	-72.2737
443.232	4.39592	540.543	0	180	-72.2449
443.192	4.34525	540.434	0	180	-72.2162
443.151	4.29458	540.324	0	180	-72.1874
443.111	4.24392	540.214	0	180	-72.1587
443.07	4.19325	540.102	0	180	-72.13
443.03	4.14258	539.989	0	180	-72.1012
442.989	4.09191	539.875	0	180	-72.0725
442.949	4.04124	539.76	0	180	-72.0437
442.908	3.99057	539.645	0	180	-72.015
442.868	3.9399	539.528	0	180	-71.9862
442.828	3.88924	539.41	0	180	-71.9575
442.787	3.83857	539.291	0	180	-71.9287
442.747	3.7879	539.171	0	180	-71.9
442.706	3.73723	539.051	0	180	-71.8712
442.666	3.68656	538.929	0	180	-71.8425
442.625	3.63589	538.806	0	180	-71.8138
442.585	3.58522	538.682	0	180	-71.785
442.544	3.53456	538.557	0	180	-71.7563
442.504	3.48389	538.431	0	180	-71.7275
442.464	3.43322	538.305	0	180	-71.6988
442.423	3.38255	538.177	0	180	-71.67
442.383	3.33188	538.048	0	180	-71.6413
442.342	3.28121	537.918	0	180	-71.6125
442.302	3.23054	537.787	0	180	-71.5838
442.261	3.17987	537.656	0	180	-71.555
442.221	3.12921	537.523	0	180	-71.5263
442.18	3.07854	537.389	0	180	-71.4976
442.14	3.02787	537.254	0	180	-71.4688
442.1	2.9772	537.118	0	180	-71.4401
442.059	2.92653	536.982	0	180	-71.4113
442.019	2.87586	536.844	0	180	-71.3826
441.978	2.82519	536.705	0	180	-71.3538
441.938	2.77453	536.565	0	180	-71.3251
441.897	2.72386	536.424	0	180	-71.2963
441.857	2.67319	536.282	0	180	-71.2676
441.816	2.62252	536.14	0	180	-71.2389
441.776	2.57185	535.996	0	180	-71.2101
441.736	2.52118	535.851	0	180	-71.1814
441.695	2.47051	535.705	0	180	-71.1526
441.655	2.41985	535.558	0	180	-71.1239
441.614	2.36918	535.411	0	180	-71.0951
441.574	2.31851	535.262	0	180	-71.0664
441.533	2.26784	535.112	0	180	-71.0376
441.493	2.21717	534.961	0	180	-71.0089
441.453	2.1665	534.809	0	180	-70.9801
441.412	2.11583	534.657	0	180	-70.9514
441.372	2.06517	534.505	0	180	-70.9227
441.331	2.0145	534.353	0	180	-70.8939
441.291	1.96383	534.201	0	180	-70.8652
441.25	1.91316	534.049	0	180	-70.8364
441.21	1.86249	533.897	0	180	-70.8077
441.169	1.81182	533.745	0	180	-70.7789
441.129	1.76115	533.593	0	180	-70.7502
441.089	1.71049	533.441	0	180	-70.7214
441.048	1.65982	533.289	0	180	-70.6927
441.008	1.60915	533.136	0	180	-70.664
440.967	1.55848	532.984	0	180	-70.6352
440.927	1.50781	532.832	0	180	-70.6065
440.886	1.45714	532.68	0	180	-70.5777
440.846	1.40647	532.528	0	180	-70.549
440.805	1.35581	532.376	0	180	-70.5202
440.765	1.30514	532.224	0	180	-70.4915
440.725	1.25447	532.072	0	180	-70.4627
440.684	1.2038	531.92	0	180	-70.434
440.644	1.15313	531.768	0	180	-70.4052
440.603	1.10246	531.616	0	180	-70.3765
440.563	1.05179	531.464	0	180	-70.3478
440.522	1.00113	531.311	0	180	-70.319
440.482	0.950458	531.159	0	180	-70.2903
440.441	0.899789	531.007	0	180	-70.2615
440.401	0.849121	530.855	0	180	-70.2328
440.361	0.798452	530.703	0	180	-70.204
440.32	0.747783	530.551	0	180	-70.1753
440.28	0.697115	530.399	0	180	-70.1465
440.239	0.646446	530.247	0	180	-70.1178
440.199	0.595778	530.095	0	180	-70.0891
440.158	0.545109	529.943	0	180	-70.0603
440.118	0.49444	529.791	0	180	-70.0316
440.077	0.443772	529.638	0	180	-70.0028
440.037	0.393103	529.486	0	180	-69.9741
439.997	0.342435	529.334	0	180	-69.9453
439.956	0.291766	529.182	0	180	-69.9166
439.916	0.241098	529.03	0	180	-69.8878
439.875	0.190429	528.878	0	180	-69.8591
439.835	0.13976	528.726	0	180	-69.8303
439.794	0.0890919	528.574	0	180	-69.8016
439.754	0.0384233	528.422	0	180	-69.7729
439.713	-0.0122453	528.27	0	180	-69.7441
439.673	-0.0629138	528.118	0	180	-69.7154
439.633	-0.113582	527.966	0	180	-69.6866
439.592	-0.164251	527.813	0	180	-69.6579
439.552	-0.21492	527.661	0	180	-69.6291
439.511	-0.265588	527.509	0	180	-69.6004
439.471	-0.316257	527.357	0	180	-69.5716
439.43	-0.366925	527.205	0	180	-69.5429
439.39	-0.417594	527.053	0	180	-69.5141
439.35	-0.468262	526.901	0	180	-69.4854
439.309	-0.518931	526.749	0	180	-69.4567
439.269	-0.5696	526.597	0	180	-69.4279
439.228	-0.620268	526.445	0	180	-69.3992
439.188	-0.670937	526.293	0	180	-69.3704
439.147	-0.721605	526.141	0	180	-69.3417
439.107	-0.772274	525.988	0	180	-69.3129
439.066	-0.822942	525.836	0	180	-69.2842
439.026	-0.873611	525.684	0	180	-69.2554
438.986	-0.92428	525.532	0	180	-69.2267
438.945	-0.974948	525.38	0	180	-69.198
438.905	-1.02562	525.228	0	180	-69.1692
438.864	-1.07629	525.076	0	180	-69.1405
438.824	-1.12695	524.924	0	180	-69.1117
438.783	-1.17762	524.772	0	180	-69.083
438.743	-1.22829	524.62	0	180	-69.0542
438.702	-1.27896	524.468	0	180	-69.0255
438.662	-1.32963	524.316	0	180	-68.9967
438.622	-1.3803	524.163	0	180	-68.968
438.581	-1.43097	524.011	0	180	-68.9392
438.541	-1.48163	523.859	0	180	-68.9105
438.5	-1.5323	523.707	0	180	-68.8818
438.46	-1.58297	523.555	0	180	-68.853
438.419	-1.63364	523.403	0	180	-68.8243
438.379	-1.68431	523.251	0	180	-68.7955
438.338	-1.73498	523.099	0	180	-68.7668
438.298	-1.78565	522.947	0	180	-68.738
438.258	-1.83631	522.795	0	180	-68.7093
438.217	-1.88698	522.643	0	180	-68.6805
438.177	-1.93765	522.49	0	180	-68.6518
438.136	-1.98832	522.338	0	180	-68.6231
438.096	-2.03899	522.186	0	180	-68.5943
438.055	-2.08966	522.034	0	180	-68.5656
438.015	-2.14033	521.882	0	180	-68.5368
437.974	-2.19099	521.73	0	180	-68.5081
437.934	-2.24166	521.578	0	180	-68.4793
437.894	-2.29233	521.426	0	180	-68.4506
437.853	-2.343	521.274	0	180	-68.4218
437.813	-2.39367	521.122	0	180	-68.3931
437.772	-2.44434	520.97	0	180	-68.3643
437.732	-2.49501	520.818	0	180	-68.3356
437.691	-2.54567	520.665	0	180	-68.3069
437.651	-2.59634	520.513	0	180	-68.2781
437.61	-2.64701	520.361	0	180	-68.2494
437.57	-2.69768	520.209	0	180	-68.2206
437.53	-2.74835	520.057	0	180	-68.1919
437.489	-2.79902	519.905	0	180	-68.1631
437.449	-2.84969	519.753	0	180	-68.1344
437.408	-2.90035	519.601	0	180	-68.1056
437.368	-2.95102	519.449	0	180	-68.0769
437.327	-3.00169	519.297	0	180	-68.0482
437.287	-3.05236	519.145	0	180	-68.0194
437.247	-3.10303	518.993	0	180	-67.9907
437.206	-3.1537	518.84	0	180	-67.9619
437.166	-3.20437	518.688	0	180	-67.9332
437.125	-3.25503	518.536	0	180	-67.9044
437.085	-3.3057	518.384	0	180	-67.8757
437.044	-3.35637	518.232	0	180	-67.8469
437.004	-3.40704	518.08	0	180	-67.8182
436.963	-3.45771	517.928	0	180	-67.7894
436.923	-3.50838	517.776	0	180	-67.7607
436.883	-3.55905	517.624	0	180	-67.732
436.842	-3.60971	517.472	0	180	-67.7032
436.802	-3.66038	517.32	0	180	-67.6745
436.761	-3.71105	517.168	0	180	-67.6457
436.721	-3.76172	517.015	0	180	-67.617
436.68	-3.81239	516.863	0	180	-67.5882
436.64	-3.86306	516.711	0	180	-67.5595
436.599	-3.91373	516.559	0	180	-67.5307
436.559	-3.96439	516.407	0	180	-67.502
436.519	-4.01506	516.255	0	180	-67.4732
436.478	-4.06573	516.103	0	180	-67.4445
436.438	-4.1164	515.951	0	180	-67.4158
436.397	-4.16707	515.799	0	180	-67.387
436.357	-4.21774	515.647	0	180	-67.3583
436.316	-4.26841	515.495	0	180	-67.3295
436.276	-4.31907	515.342	0	180	-67.3008
436.235	-4.36974	515.19	0	180	-67.272
436.195	-4.42041	515.038	0	180	-67.2433
436.155	-4.47108	514.886	0	180	-67.2145
436.114	-4.52175	514.734	0	180	-67.1858
436.074	-4.57242	514.582	0	180	-67.1571
436.033	-4.62309	514.43	0	180	-67.1283
435.993	-4.67375	514.278	0	180	-67.0996
435.952	-4.72442	514.126	0	180	-67.0708
435.912	-4.77509	513.974	0	180	-67.0421
435.871	-4.82576	513.822	0	180	-67.0133
435.831	-4.87643	513.67	0	180	-66.9846
435.791	-4.9271	513.517	0	180	-66.9558
435.75	-4.97777	513.365	0	180	-66.9271
435.71	-5.02843	513.213	0	180	-66.8983
435.669	-5.0791	513.061	0	180	-66.8696
435.629	-5.12977	512.909	0	180	-66.8409
435.588	-5.18044	512.757	0	180	-66.8121
435.548	-5.23111	512.605	0	180	-66.7834
435.507	-5.28178	512.453	0	180	-66.7546
435.467	-5.33245	512.301	0	180	-66.7259
435.427	-5.38311	512.149	0	180	-66.6971
435.386	-5.43378	511.997	0	180	-66.6684
435.346	-5.48445	511.845	0	180	-66.6396
435.305	-5.53512	511.692	0	180	-66.6109
435.265	-5.58579	511.54	0	180	-66.5822
435.224	-5.63646	511.388	0	180	-66.5534
435.184	-5.68713	511.236	0	180	-66.5247
435.143	-5.73779	511.084	0	180	-66.4959
435.103	-5.78846	510.932	0	180	-66.4672
435.063	-5.83913	510.78	0	180	-66.4384
435.022	-5.8898	510.628	0	180	-66.4097
434.982	-5.94047	510.476	0	180	-66.3809
434.941	-5.99114	510.324	0	180	-66.3522
434.901	-6.04181	510.172	0	180	-66.3234
434.86	-6.09247	510.02	0	180	-66.2947
434.82	-6.14314	509.867	0	180	-66.266
434.78	-6.19381	509.715	0	180	-66.2372
434.739	-6.24448	509.563	0	180	-66.2085
434.699	-6.29515	509.411	0	180	-66.1797
434.658	-6.34582	509.259	0	180	-66.151
434.618	-6.39649	509.107	0	180	-66.1222
434.577	-6.44715	508.955	0	180	-66.0935
434.537	-6.49782	508.803	0	180	-66.0647
434.496	-6.54849	508.651	0	180	-66.036
434.456	-6.59916	508.499	0	180	-66.0073
434.416	-6.64983	508.347	0	180	-65.9785
434.375	-6.7005	508.194	0	180	-65.9498
434.335	-6.75117	508.042	0	180	-65.921
434.294	-6.80183	507.89	0	180	-65.8923
434.254	-6.8525	507.738	0	180	-65.8635
434.213	-6.90317	507.586	0	180	-65.8348
434.173	-6.95384	507.434	0	180	-65.806
434.132	-7.00451	507.282	0	180	-65.7773
434.092	-7.05518	507.13	0	180	-65.7485
434.052	-7.10585	506.978	0	180	-65.7198
434.011	-7.15651	506.826	0	180	-65.6911
433.971	-7.20718	506.674	0	180	-65.6623
433.93	-7.25785	506.522	0	180	-65.6336
433.89	-7.30852	506.369	0	180	-65.6048
433.849	-7.35919	506.217	0	180	-65.5761
433.809	-7.40986	506.065	0	180	-65.5473
433.768	-7.46053	505.913	0	180	-65.5186
433.728	-7.51119	505.761	0	180	-65.4898
433.688	-7.56186	505.609	0	180	-65.4611
433.647	-7.61253	505.457	0	180	-65.4323
433.607	-7.6632	505.305	0	180	-65.4036
433.566	-7.71387	505.153	0	180	-65.3749
433.526	-7.76454	505.001	0	180	-65.3461
433.485	-7.81521	504.849	0	180	-65.3174
433.445	-7.86587	504.697	0	180	-65.2886
433.404	-7.91654	504.544	0	180	-65.2599
433.364	-7.96721	504.392	0	180	-65.2311
433.324	-8.01788	504.24	0	180	-65.2024
433.283	-8.06855	504.088	0	180	-65.1736
433.243	-8.11922	503.936	0	180	-65.1449
433.202	-8.16989	503.784	0	180	-65.1162
433.162	-8.22055	503.632	0	180	-65.0874
433.121	-8.27122	503.48	0	180	-65.0587
433.081	-8.32189	503.328	0	180	-65.0299
433.04	-8.37256	503.176	0	180	-65.0012
433	-8.42323	503.024	0	180	-64.9724
432.96	-8.4739	502.872	0	180	-64.9437
432.919	-8.52457	502.719	0	180	-64.9149
432.879	-8.57523	502.567	0	180	-64.8862
432.838	-8.6259	502.415	0	180	-64.8574
432.798	-8.67657	502.263	0	180	-64.8287
432.757	-8.72724	502.111	0	180	-64.8
432.717	-8.77791	501.959	0	180	-64.7712
432.677	-8.82858	501.807	0	180	-64.7425
432.636	-8.87925	501.655	0	180	-64.7137
432.596	-8.92991	501.503	0	180	-64.685
432.555	-8.98058	501.351	0	180	-64.6562
432.515	-9.03125	501.199	0	180	-64.6275
432.474	-9.08192	501.046	0	180	-64.5987
432.434	-9.13259	500.894	0	180	-64.57
432.393	-9.18326	500.742	0	180	-64.5413
432.353	-9.23393	500.59	0	180	-64.5125
432.313	-9.28459	500.438	0	180	-64.4838
432.272	-9.33526	500.286	0	180	-64.455
432.232	-9.38593	500.134	0	180	-64.4263
432.191	-9.4366	499.982	0	180	-64.3975
432.151	-9.48727	499.83	0	180	-64.3688
432.11	-9.53794	499.678	0	180	-64.34
432.07	-9.58861	499.526	0	180	-64.3113
432.029	-9.63927	499.374	0	180	-64.2825
431.989	-9.68994	499.221	0	180	-64.2538
431.949	-9.74061	499.069	0	180	-64.2251
431.908	-9.79128	498.917	0	180	-64.1963
431.868	-9.84195	498.765	0	180	-64.1676
431.827	-9.89262	498.613	0	180	-64.1388
431.787	-9.94329	498.461	0	180	-64.1101
431.746	-9.99395	498.309	0	180	-64.0813
431.706	-10.0446	498.157	0	180	-64.0526
431.665	-10.0953	498.005	0	180	-64.0238
431.625	-10.146	497.853	0	180	-63.9951
431.585	-10.1966	497.701	0	180	-63.9664
431.544	-10.2473	497.549	0	180	-63.9376
431.504	-10.298	497.396	0	180	-63.9089
431.463	-10.3486	497.244	0	180	-63.8801
431.423	-10.3993	497.092	0	180	-63.8514
431.382	-10.45	496.94	0	180	-63.8226
431.342	-10.5006	496.788	0	180	-63.7939
431.301	-10.5513	496.636	0	180	-63.7651
431.261	-10.602	496.484	0	180	-63.7364
431.221	-10.6526	496.332	0	180	-63.7076
431.18	-10.7033	496.18	0	180	-63.6789
431.14	-10.754	496.028	0	180	-63.6502
431.099	-10.8047	495.876	0	180	-63.6214
431.059	-10.8553	495.724	0	180	-63.5927
431.018	-10.906	495.571	0	180	-63.5639
430.978	-10.9567	495.419	0	180	-63.5352
430.937	-11.0073	495.267	0	180	-63.5064
430.897	-11.058	495.115	0	180	-63.4777
430.857	-11.1087	494.963	0	180	-63.4489
430.816	-11.1593	494.811	0	180	-63.4202
430.776	-11.21	494.659	0	180	-63.3914
430.735	-11.2607	494.507	0	180	-63.3627
430.695	-11.3113	494.355	0	180	-63.334
430.654	-11.362	494.203	0	180	-63.3052
430.614	-11.4127	494.051	0	180	-63.2765
430.574	-11.4633	493.898	0	180	-63.2477
430.533	-11.514	493.746	0	180	-63.219
430.493	-11.5647	493.594	0	180	-63.1902
430.452	-11.6153	493.442	0	180	-63.1615
430.412	-11.666	493.29	0	180	-63.1327
430.371	-11.7167	493.138	0	180	-63.104
430.331	-11.7674	492.986	0	180	-63.0753
430.29	-11.818	492.834	0	180	-63.0465
430.25	-11.8687	492.682	0	180	-63.0178
430.21	-11.9194	492.53	0	180	-62.989
430.169	-11.97	492.378	0	180	-62.9603
430.129	-12.0207	492.226	0	180	-62.9315
430.088	-12.0714	492.073	0	180	-62.9028
430.048	-12.122	491.921	0	180	-62.874
430.007	-12.1727	491.769	0	180	-62.8453
429.967	-12.2234	491.617	0	180	-62.8165
429.926	-12.274	491.465	0	180	-62.7878
429.886	-12.3247	491.313	0	180	-62.7591
429.846	-12.3754	491.161	0	180	-62.7303
429.805	-12.426	491.009	0	180	-62.7016
429.765	-12.4767	490.857	0	180	-62.6728
429.724	-12.5274	490.705	0	180	-62.6441
429.684	-12.5781	490.553	0	180	-62.6153
429.643	-12.6287	490.401	0	180	-62.5866
429.603	-12.6794	490.248	0	180	-62.5578
429.562	-12.7301	490.096	0	180	-62.5291
429.522	-12.7807	489.944	0	180	-62.5004
429.482	-12.8314	489.792	0	180	-62.4716
429.441	-12.8821	489.64	0	180	-62.4429
429.401	-12.9327	489.488	0	180	-62.4141
429.36	-12.9834	489.336	0	180	-62.3854
429.32	-13.0341	489.184	0	180	-62.3566
429.279	-13.0847	489.032	0	180	-62.3279
429.239	-13.1354	488.88	0	180	-62.2991
429.198	-13.1861	488.728	0	180	-62.2704
429.158	-13.2367	488.576	0	180	-62.2416
429.118	-13.2874	488.423	0	180	-62.2129
429.077	-13.3381	488.271	0	180	-62.1842
429.037	-13.3887	488.119	0	180	-62.1554
428.996	-13.4394	487.967	0	180	-62.1267
428.956	-13.4901	487.815	0	180	-62.0979
428.915	-13.5408	487.663	0	180	-62.0692
428.875	-13.5914	487.511	0	180	-62.0404
428.834	-13.6421	487.359	0	180	-62.0117
428.794	-13.6928	487.207	0	180	-61.9829
428.754	-13.7434	487.055	0	180	-61.9542
428.713	-13.7941	486.903	0	180	-61.9255
428.673	-13.8448	486.751	0	180	-61.8967
428.632	-13.8954	486.598	0	180	-61.868
428.592	-13.9461	486.446	0	180	-61.8392
428.551	-13.9968	486.294	0	180	-61.8105
428.511	-14.0474	486.142	0	180	-61.7817
428.471	-14.0981	485.99	0	180	-61.753
428.43	-14.1488	485.838	0	180	-61.7242
428.39	-14.1994	485.686	0	180	-61.6955
428.349	-14.2501	485.534	0	180	-61.6667
428.309	-14.3008	485.382	0	180	-61.638
428.268	-14.3515	485.23	0	180	-61.6093
428.228	-14.4021	485.078	0	180	-61.5805
428.187	-14.4528	484.925	0	180	-61.5518
428.147	-14.5035	484.773	0	180	-61.523
428.107	-14.5541	484.621	0	180	-61.4943
428.066	-14.6048	484.469	0	180	-61.4655
428.026	-14.6555	484.317	0	180	-61.4368
427.985	-14.7061	484.165	0	180	-61.408
427.945	-14.7568	484.013	0	180	-61.3793
427.904	-14.8075	483.861	0	180	-61.3505
427.864	-14.8581	483.709	0	180	-61.3218
427.823	-14.9088	483.557	0	180	-61.2931
427.783	-14.9595	483.405	0	180	-61.2643
427.743	-15.0101	483.253	0	180	-61.2356
427.702	-15.0608	483.1	0	180	-61.2068
427.662	-15.1115	482.948	0	180	-61.1781
427.621	-15.1621	482.796	0	180	-61.1493
427.581	-15.2128	482.644	0	180	-61.1206
427.54	-15.2635	482.492	0	180	-61.0918
427.5	-15.3142	482.34	0	180	-61.0631
427.459	-15.3648	482.188	0	180	-61.0344
427.419	-15.4155	482.036	0	180	-61.0056
427.379	-15.4662	481.884	0	180	-60.9769
427.338	-15.5168	481.732	0	180	-60.9481
427.298	-15.5675	481.58	0	180	-60.9194
427.257	-15.6182	481.428	0	180	-60.8906
427.217	-15.6688	481.275	0	180	-60.8619
427.176	-15.7195	481.123	0	180	-60.8331
427.136	-15.7702	480.971	0	180	-60.8044
427.095	-15.8208	480.819	0	180	-60.7756
427.055	-15.8715	480.667	0	180	-60.7469
427.015	-15.9222	480.515	0	180	-60.7182
426.974	-15.9728	480.363	0	180	-60.6894
426.934	-16.0235	480.211	0	180	-60.6607
426.893	-16.0742	480.059	0	180	-60.6319
426.853	-16.1249	479.907	0	180	-60.6032
426.812	-16.1755	479.755	0	180	-60.5744
426.772	-16.2262	479.603	0	180	-60.5457
426.731	-16.2769	479.45	0	180	-60.5169
426.691	-16.3275	479.298	0	180	-60.4882
426.651	-16.3782	479.146	0	180	-60.4595
426.61	-16.4289	478.994	0	180	-60.4307
426.57	-16.4795	478.842	0	180	-60.402
426.529	-16.5302	478.69	0	180	-60.3732
426.489	-16.5809	478.538	0	180	-60.3445
426.448	-16.6315	478.386	0	180	-60.3157
426.408	-16.6822	478.234	0	180	-60.287
426.367	-16.7329	478.082	0	180	-60.2582
426.327	-16.7835	477.93	0	180	-60.2295
426.287	-16.8342	477.777	0	180	-60.2007
426.246	-16.8849	477.625	0	180	-60.172
426.206	-16.9355	477.473	0	180	-60.1433
426.165	-16.9862	477.321	0	180	-60.1145
426.125	-17.0369	477.169	0	180	-60.0858
426.084	-17.0876	477.017	0	180	-60.057
426.044	-17.1382	476.865	0	180	-60.0283
426.004	-17.1889	476.713	0	180	-59.9995
425.963	-17.2396	476.561	0	180	-59.9708
425.923	-17.2902	476.409	0	180	-59.942
425.882	-17.3409	476.257	0	180	-59.9133
425.842	-17.3916	476.105	0	180	-59.8846
425.801	-17.4422	475.952	0	180	-59.8558
425.761	-17.4929	475.8	0	180	-59.8271
425.72	-17.5436	475.648	0	180	-59.7983
425.68	-17.5942	475.496	0	180	-59.7696
425.64	-17.6449	475.344	0	180	-59.7408
425.599	-17.6956	475.192	0	180	-59.7121
425.559	-17.7462	475.04	0	180	-59.6833
425.518	-17.7969	474.888	0	180	-59.6546
425.478	-17.8476	474.736	0	180	-59.6258
425.437	-17.8983	474.584	0	180	-59.5971
425.397	-17.9489	474.432	0	180	-59.5684
425.356	-17.9996	474.28	0	180	-59.5396
425.316	-18.0503	474.127	0	180	-59.5109
425.276	-18.1009	473.975	0	180	-59.4821
425.235	-18.1516	473.823	0	180	-59.4534
425.195	-18.2023	473.671	0	180	-59.4246
425.154	-18.2529	473.519	0	180	-59.3959
425.114	-18.3036	473.367	0	180	-59.3671
425.073	-18.3543	473.215	0	180	-59.3384
425.033	-18.4049	473.063	0	180	-59.3096
424.992	-18.4556	472.911	0	180	-59.2809
424.952	-18.5063	472.759	0	180	-59.2522
424.912	-18.5569	472.607	0	180	-59.2234
424.871	-18.6076	472.455	0	180	-59.1947
424.831	-18.6583	472.302	0	180	-59.1659
424.79	-18.7089	472.15	0	180	-59.1372
424.75	-18.7596	471.998	0	180	-59.1084
424.709	-18.8103	471.846	0	180	-59.0797
424.669	-18.861	471.694	0	180	-59.0509
424.628	-18.9116	471.542	0	180	-59.0222
424.588	-18.9623	471.39	0	180	-58.9935
424.548	-19.013	471.238	0	180	-58.9647
424.507	-19.0636	471.086	0	180	-58.936
424.467	-19.1143	470.934	0	180	-58.9072
424.426	-19.165	470.782	0	180	-58.8785
424.386	-19.2156	470.629	0	180	-58.8497
424.345	-19.2663	470.477	0	180	-58.821
424.305	-19.317	470.325	0	180	-58.7922
424.264	-19.3676	470.173	0	180	-58.7635
424.224	-19.4183	470.021	0	180	-58.7347
424.184	-19.469	469.869	0	180	-58.706
424.143	-19.5196	469.717	0	180	-58.6773
424.103	-19.5703	469.565	0	180	-58.6485
424.062	-19.621	469.413	0	180	-58.6198
424.022	-19.6717	469.261	0	180	-58.591
423.981	-19.7223	469.109	0	180	-58.5623
423.941	-19.773	468.957	0	180	-58.5335
423.901	-19.8237	468.804	0	180	-58.5048
423.86	-19.8743	468.652	0	180	-58.476
423.82	-19.925	468.5	0	180	-58.4473
423.779	-19.9757	468.348	0	180	-58.4186
423.739	-20.0263	468.196	0	180	-58.3898
423.698	-20.077	468.044	0	180	-58.3611
423.658	-20.1277	467.892	0	180	-58.3323
423.617	-20.1783	467.74	0	180	-58.3036
423.577	-20.229	467.588	0	180	-58.2748
423.537	-20.2797	467.436	0	180	-58.2461
423.496	-20.3303	467.285	0	180	-58.2173
423.456	-20.381	467.136	0	180	-58.1886
423.415	-20.4317	466.987	0	180	-58.1598
423.375	-20.4823	466.839	0	180	-58.1311
423.334	-20.533	466.692	0	180	-58.1024
423.294	-20.5837	466.547	0	180	-58.0736
423.253	-20.6344	466.402	0	180	-58.0449
423.213	-20.685	466.258	0	180	-58.0161
423.173	-20.7357	466.115	0	180	-57.9874
423.132	-20.7864	465.974	0	180	-57.9586
423.092	-20.837	465.833	0	180	-57.9299
423.051	-20.8877	465.693	0	180	-57.9011
423.011	-20.9384	465.554	0	180	-57.8724
422.97	-20.989	465.417	0	180	-57.8437
422.93	-21.0397	465.28	0	180	-57.8149
422.889	-21.0904	465.144	0	180	-57.7862
422.849	-21.141	465.01	0	180	-57.7574
422.809	-21.1917	464.876	0	180	-57.7287
422.768	-21.2424	464.743	0	180	-57.6999
422.728	-21.293	464.611	0	180	-57.6712
422.687	-21.3437	464.481	0	180	-57.6424
422.647	-21.3944	464.351	0	180	-57.6137
422.606	-21.4451	464.222	0	180	-57.5849
422.566	-21.4957	464.094	0	180	-57.5562
422.525	-21.5464	463.968	0	180	-57.5275
422.485	-21.5971	463.842	0	180	-57.4987
422.445	-21.6477	463.717	0	180	-57.47
422.404	-21.6984	463.593	0	180	-57.4412
422.364	-21.7491	463.471	0	180	-57.4125
422.323	-21.7997	463.349	0	180	-57.3837
422.283	-21.8504	463.228	0	180	-57.355
422.242	-21.9011	463.109	0	180	-57.3262
422.202	-21.9517	462.99	0	180	-57.2975
422.161	-22.0024	462.872	0	180	-57.2687
422.121	-22.0531	462.755	0	180	-57.24
422.081	-22.1037	462.64	0	180	-57.2113
422.04	-22.1544	462.525	0	180	-57.1825
422	-22.2051	462.411	0	180	-57.1538
421.959	-22.2557	462.298	0	180	-57.125
421.919	-22.3064	462.187	0	180	-57.0963
421.878	-22.3571	462.076	0	180	-57.0675
421.838	-22.4078	461.966	0	180	-57.0388
421.798	-22.4584	461.857	0	180	-57.01
421.757	-22.5091	461.75	0	180	-56.9813
421.717	-22.5598	461.643	0	180	-56.9526
421.676	-22.6104	461.537	0	180	-56.9238
421.636	-22.6611	461.432	0	180	-56.8951
421.595	-22.7118	461.329	0	180	-56.8663
421.555	-22.7624	461.226	0	180	-56.8376
421.514	-22.8131	461.124	0	180	-56.8088
421.474	-22.8638	461.024	0	180	-56.7801
421.434	-22.9144	460.924	0	180	-56.7513
421.393	-22.9651	460.825	0	180	-56.7226
421.353	-23.0158	460.727	0	180	-56.6938
421.312	-23.0664	460.631	0	180	-56.6651
421.272	-23.1171	460.535	0	180	-56.6364
421.231	-23.1678	460.44	0	180	-56.6076
421.191	-23.2185	460.346	0	180	-56.5789
421.15	-23.2691	460.254	0	180	-56.5501
421.11	-23.3198	460.162	0	180	-56.5214
421.07	-23.3705	460.071	0	180	-56.4926
421.029	-23.4211	459.981	0	180	-56.4639
420.989	-23.4718	459.893	0	180	-56.4351
420.948	-23.5225	459.805	0	180	-56.4064
420.908	-23.5731	459.718	0	180	-56.3777
420.867	-23.6238	459.633	0	180	-56.3489
420.827	-23.6745	459.548	0	180	-56.3202
420.786	-23.7251	459.464	0	180	-56.2914
420.746	-23.7758	459.381	0	180	-56.2627
420.706	-23.8265	459.3	0	180	-56.2339
420.665	-23.8771	459.219	0	180	-56.2052
420.625	-23.9278	459.139	0	180	-56.1764
420.584	-23.9785	459.06	0	180	-56.1477
420.544	-24.0291	458.983	0	180	-56.1189
420.503	-24.0798	458.906	0	180	-56.0902
420.463	-24.1305	458.83	0	180	-56.0615
420.422	-24.1812	458.755	0	180	-56.0327
420.382	-24.2318	458.682	0	180	-56.004
420.342	-24.2825	458.609	0	180	-55.9752
420.301	-24.3332	458.537	0	180	-55.9465
420.261	-24.3838	458.466	0	180	-55.9177
420.22	-24.4345	458.397	0	180	-55.889
420.18	-24.4852	458.328	0	180	-55.8602
420.139	-24.5358	458.26	0	180	-55.8315
420.099	-24.5865	458.194	0	180	-55.8028
420.058	-24.6372	458.128	0	180	-55.774
420.018	-24.6878	458.063	0	180	-55.7453
419.978	-24.7385	457.999	0	180	-55.7165
419.937	-24.7892	457.937	0	180	-55.6878
419.897	-24.8398	457.875	0	180	-55.659
419.856	-24.8905	457.814	0	180	-55.6303
419.816	-24.9412	457.754	0	180	-55.6015
419.775	-24.9919	457.696	0	180	-55.5728
419.735	-25.0425	457.638	0	180	-55.544
419.694	-25.0932	457.581	0	180	-55.5153
419.654	-25.1439	457.525	0	180	-55.4866
419.614	-25.1945	457.471	0	180	-55.4578
419.573	-25.2452	457.417	0	180	-55.4291
419.533	-25.2959	457.364	0	180	-55.4003
419.492	-25.3465	457.313	0	180	-55.3716
419.452	-25.3971	457.262	0	180	-55.3428
419.411	-25.4468	457.212	0	180	-55.3141
419.371	-25.4956	457.163	0	180	-55.2853
419.331	-25.5433	457.116	0	180	-55.2566
419.29	-25.59	457.069	0	180	-55.2278
419.25	-25.6358	457.023	0	180	-55.1991
419.209	-25.6805	456.978	0	180	-55.1704
419.169	-25.7243	456.935	0	180	-55.1416
419.128	-25.767	456.892	0	180	-55.1129
419.088	-25.8087	456.85	0	180	-55.0841
419.047	-25.8495	456.809	0	180	-55.0554
419.008	-25.8892	456.77	0	180	-55.0266
418.969	-25.9279	456.731	0	180	-54.9979
418.931	-25.9657	456.693	0	180	-54.9691
418.894	-26.0024	456.656	0	180	-54.9404
418.859	-26.0381	456.621	0	180	-54.9117
418.824	-26.0729	456.586	0	180	-54.8829
418.79	-26.1066	456.552	0	180	-54.8542
418.758	-26.1393	456.52	0	180	-54.8254
418.726	-26.1711	456.488	0	180	-54.7967
418.695	-26.2018	456.457	0	180	-54.7679
418.665	-26.2315	456.427	0	180	-54.7392
418.637	-26.2603	456.399	0	180	-54.7106
418.609	-26.288	456.371	0	180	-54.6828
418.582	-26.3148	456.344	0	180	-54.6561
418.556	-26.3405	456.318	0	180	-54.6304
418.532	-26.3652	456.294	0	180	-54.6056
418.508	-26.389	456.27	0	180	-54.5819
418.485	-26.4117	456.247	0	180	-54.5592
418.463	-26.4334	456.225	0	180	-54.5374
418.443	-26.4542	456.205	0	180	-54.5167
418.423	-26.4739	456.185	0	180	-54.497
418.404	-26.4926	456.166	0	180	-54.4782
418.387	-26.5104	456.149	0	180	-54.4605
418.37	-26.5271	456.132	0	180	-54.4437
418.354	-26.5428	456.116	0	180	-54.428
418.339	-26.5576	456.101	0	180	-54.4133
418.326	-26.5713	456.088	0	180	-54.3995
418.313	-26.584	456.075	0	180	-54.3868
418.301	-26.5958	456.063	0	180	-54.3751
418.29	-26.6065	456.052	0	180	-54.3643
418.281	-26.6163	456.043	0	180	-54.3546
418.272	-26.625	456.034	0	180	-54.3459
418.264	-26.6327	456.026	0	180	-54.3381
418.257	-26.6395	456.019	0	180	-54.3314
418.252	-26.6452	456.014	0	180	-54.3257
418.247	-26.6499	456.009	0	180	-54.3209
418.243	-26.6537	456.005	0	180	-54.3172
418.24	-26.6564	456.002	0	180	-54.3145
418.239	-26.6581	456.001	0	180	-54.3127
418.238	-26.6589	456	0	180	-54.312
