418.238	-26.6589	456	0	180	-54.312
418.238	-26.6584	456.001	0	180	-54.3125
418.24	-26.6569	456.002	0	180	-54.314
418.243	-26.6544	456.005	0	180	-54.3165
418.246	-26.6509	456.008	0	180	-54.32
418.251	-26.6464	456.013	0	180	-54.3245
418.256	-26.6409	456.018	0	180	-54.33
418.262	-26.6344	456.024	0	180	-54.3365
418.27	-26.6269	456.032	0	180	-54.344
418.279	-26.6184	456.041	0	180	-54.3525
418.288	-26.6089	456.05	0	180	-54.362
418.298	-26.5984	456.061	0	180	-54.3725
418.31	-26.5869	456.072	0	180	-54.384
418.322	-26.5744	456.084	0	180	-54.3965
418.336	-26.5609	456.098	0	180	-54.41
418.351	-26.5464	456.113	0	180	-54.4245
418.366	-26.5309	456.128	0	180	-54.44
418.382	-26.5144	456.144	0	180	-54.4565
418.4	-26.4969	456.162	0	180	-54.474
418.418	-26.4784	456.18	0	180	-54.4925
418.438	-26.4589	456.2	0	180	-54.512
418.459	-26.4384	456.221	0	180	-54.5325
418.48	-26.4169	456.242	0	180	-54.554
418.502	-26.3944	456.264	0	180	-54.5765
418.526	-26.3709	456.288	0	180	-54.6
418.55	-26.3464	456.312	0	180	-54.6245
418.576	-26.3209	456.338	0	180	-54.65
418.602	-26.2944	456.365	0	180	-54.6765
418.63	-26.2669	456.392	0	180	-54.704
418.659	-26.2384	456.421	0	180	-54.7325
418.688	-26.2089	456.45	0	180	-54.762
418.719	-26.1784	456.481	0	180	-54.7925
418.75	-26.1469	456.512	0	180	-54.824
418.783	-26.1144	456.545	0	180	-54.8565
418.816	-26.0809	456.578	0	180	-54.89
418.851	-26.0464	456.613	0	180	-54.9245
418.886	-26.0109	456.648	0	180	-54.96
418.922	-25.9744	456.685	0	180	-54.9965
418.96	-25.9369	456.722	0	180	-55.034
418.998	-25.8984	456.761	0	180	-55.0725
419.038	-25.8589	456.8	0	180	-55.112
419.079	-25.8184	456.841	0	180	-55.1525
419.12	-25.7769	456.882	0	180	-55.1939
419.162	-25.7344	456.925	0	180	-55.2358
419.204	-25.6909	456.968	0	180	-55.2776
419.246	-25.6464	457.013	0	180	-55.3194
419.287	-25.6009	457.058	0	180	-55.3613
419.329	-25.5544	457.105	0	180	-55.4031
419.371	-25.5069	457.152	0	180	-55.4449
419.413	-25.4584	457.201	0	180	-55.4868
419.455	-25.4089	457.25	0	180	-55.5286
419.497	-25.3584	457.3	0	180	-55.5704
419.538	-25.3069	457.352	0	180	-55.6122
419.58	-25.2544	457.404	0	180	-55.6541
419.622	-25.2009	457.458	0	180	-55.6959
419.664	-25.1464	457.512	0	180	-55.7377
419.706	-25.0909	457.568	0	180	-55.7796
419.748	-25.0344	457.625	0	180	-55.8214
419.79	-24.9769	457.682	0	180	-55.8632
419.831	-24.9184	457.74	0	180	-55.9051
419.873	-24.8589	457.8	0	180	-55.9469
419.915	-24.7984	457.861	0	180	-55.9887
419.957	-24.7369	457.922	0	180	-56.0305
419.999	-24.6744	457.985	0	180	-56.0724
420.041	-24.6109	458.048	0	180	-56.1142
420.082	-24.5464	458.113	0	180	-56.156
420.124	-24.4809	458.178	0	180	-56.1979
420.166	-24.4144	458.245	0	180	-56.2397
420.208	-24.3469	458.312	0	180	-56.2815
420.25	-24.2784	458.381	0	180	-56.3234
420.292	-24.2089	458.45	0	180	-56.3652
420.334	-24.1384	458.52	0	180	-56.407
420.375	-24.0669	458.592	0	180	-56.4488
420.417	-23.9944	458.665	0	180	-56.4907
420.459	-23.9209	458.738	0	180	-56.5325
420.501	-23.8464	458.811	0	180	-56.5743
420.543	-23.7709	458.884	0	180	-56.6162
420.585	-23.6944	458.957	0	180	-56.658
420.626	-23.6169	459.03	0	180	-56.6998
420.668	-23.5384	459.103	0	180	-56.7417
420.71	-23.4597	459.176	0	180	-56.7835
420.752	-23.381	459.249	0	180	-56.8253
420.794	-23.3022	459.322	0	180	-56.8672
420.836	-23.2235	459.395	0	180	-56.909
420.877	-23.1448	459.468	0	180	-56.9508
420.919	-23.066	459.541	0	180	-56.9926
420.961	-22.9873	459.614	0	180	-57.0345
421.003	-22.9086	459.687	0	180	-57.0763
421.045	-22.8298	459.76	0	180	-57.1181
421.087	-22.7511	459.833	0	180	-57.16
421.129	-22.6724	459.906	0	180	-57.2018
421.17	-22.5936	459.979	0	180	-57.2436
421.212	-22.5149	460.052	0	180	-57.2855
421.254	-22.4362	460.125	0	180	-57.3273
421.296	-22.3574	460.198	0	180	-57.3691
421.338	-22.2787	460.271	0	180	-57.4109
421.38	-22.2	460.344	0	180	-57.4528
421.421	-22.1212	460.417	0	180	-57.4946
421.463	-22.0425	460.49	0	180	-57.5364
421.505	-21.9638	460.563	0	180	-57.5783
421.547	-21.885	460.637	0	180	-57.6201
421.589	-21.8063	460.71	0	180	-57.6619
421.631	-21.7276	460.783	0	180	-57.7038
421.673	-21.6488	460.856	0	180	-57.7456
421.714	-21.5701	460.929	0	180	-57.7874
421.756	-21.4914	461.002	0	180	-57.8293
421.798	-21.4126	461.075	0	180	-57.8711
421.84	-21.3339	461.148	0	180	-57.9129
421.882	-21.2552	461.221	0	180	-57.9547
421.924	-21.1764	461.294	0	180	-57.9966
421.965	-21.0977	461.367	0	180	-58.0384
422.007	-21.019	461.44	0	180	-58.0802
422.049	-20.9402	461.513	0	180	-58.1221
422.091	-20.8615	461.586	0	180	-58.1639
422.133	-20.7828	461.659	0	180	-58.2057
422.175	-20.704	461.732	0	180	-58.2476
422.217	-20.6253	461.805	0	180	-58.2894
422.258	-20.5466	461.878	0	180	-58.3312
422.3	-20.4679	461.951	0	180	-58.373
422.342	-20.3891	462.024	0	180	-58.4149
422.384	-20.3104	462.097	0	180	-58.4567
422.426	-20.2317	462.17	0	180	-58.4985
422.468	-20.1529	462.243	0	180	-58.5404
422.509	-20.0742	462.316	0	180	-58.5822
422.551	-19.9955	462.389	0	180	-58.624
422.593	-19.9167	462.462	0	180	-58.6659
422.635	-19.838	462.535	0	180	-58.7077
422.677	-19.7593	462.609	0	180	-58.7495
422.719	-19.6805	462.682	0	180	-58.7914
422.761	-19.6018	462.755	0	180	-58.8332
422.802	-19.5231	462.828	0	180	-58.875
422.844	-19.4443	462.901	0	180	-58.9168
422.886	-19.3656	462.974	0	180	-58.9587
422.928	-19.2869	463.047	0	180	-59.0005
422.97	-19.2081	463.12	0	180	-59.0423
423.012	-19.1294	463.193	0	180	-59.0842
423.053	-19.0507	463.266	0	180	-59.126
423.095	-18.9719	463.339	0	180	-59.1678
423.137	-18.8932	463.412	0	180	-59.2097
423.179	-18.8145	463.485	0	180	-59.2515
423.221	-18.7357	463.558	0	180	-59.2933
423.263	-18.657	463.631	0	180	-59.3351
423.305	-18.5783	463.704	0	180	-59.377
423.346	-18.4995	463.777	0	180	-59.4188
423.388	-18.4208	463.85	0	180	-59.4606
423.43	-18.3421	463.923	0	180	-59.5025
423.472	-18.2633	463.996	0	180	-59.5443
423.514	-18.1846	464.069	0	180	-59.5861
423.556	-18.1059	464.142	0	180	-59.628
423.597	-18.0271	464.215	0	180	-59.6698
423.639	-17.9484	464.288	0	180	-59.7116
423.681	-17.8697	464.361	0	180	-59.7535
423.723	-17.7909	464.434	0	180	-59.7953
423.765	-17.7122	464.507	0	180	-59.8371
423.807	-17.6335	464.581	0	180	-59.8789
423.849	-17.5547	464.654	0	180	-59.9208
423.89	-17.476	464.727	0	180	-59.9626
423.932	-17.3973	464.8	0	180	-60.0044
423.974	-17.3185	464.873	0	180	-60.0463
424.016	-17.2398	464.946	0	180	-60.0881
424.058	-17.1611	465.019	0	180	-60.1299
424.1	-17.0823	465.092	0	180	-60.1718
424.141	-17.0036	465.165	0	180	-60.2136
424.183	-16.9249	465.238	0	180	-60.2554
424.225	-16.8461	465.311	0	180	-60.2972
424.267	-16.7674	465.384	0	180	-60.3391
424.309	-16.6887	465.457	0	180	-60.3809
424.351	-16.6099	465.53	0	180	-60.4227
424.392	-16.5312	465.603	0	180	-60.4646
424.434	-16.4525	465.676	0	180	-60.5064
424.476	-16.3737	465.749	0	180	-60.5482
424.518	-16.295	465.822	0	180	-60.5901
424.56	-16.2163	465.895	0	180	-60.6319
424.602	-16.1375	465.968	0	180	-60.6737
424.644	-16.0588	466.041	0	180	-60.7155
424.685	-15.9801	466.114	0	180	-60.7574
424.727	-15.9013	466.187	0	180	-60.7992
424.769	-15.8226	466.26	0	180	-60.841
424.811	-15.7439	466.333	0	180	-60.8829
424.853	-15.6651	466.406	0	180	-60.9247
424.895	-15.5864	466.48	0	180	-60.9665
424.936	-15.5077	466.553	0	180	-61.0084
424.978	-15.4289	466.626	0	180	-61.0502
425.02	-15.3502	466.699	0	180	-61.092
425.062	-15.2715	466.772	0	180	-61.1339
425.104	-15.1927	466.845	0	180	-61.1757
425.146	-15.114	466.918	0	180	-61.2175
425.188	-15.0353	466.991	0	180	-61.2593
425.229	-14.9565	467.064	0	180	-61.3012
425.271	-14.8778	467.137	0	180	-61.343
425.313	-14.7991	467.21	0	180	-61.3848
425.355	-14.7203	467.283	0	180	-61.4267
425.397	-14.6416	467.356	0	180	-61.4685
425.439	-14.5629	467.429	0	180	-61.5103
425.48	-14.4841	467.502	0	180	-61.5522
425.522	-14.4054	467.575	0	180	-61.594
425.564	-14.3267	467.648	0	180	-61.6358
425.606	-14.2479	467.721	0	180	-61.6776
425.648	-14.1692	467.794	0	180	-61.7195
425.69	-14.0905	467.867	0	180	-61.7613
425.732	-14.0117	467.94	0	180	-61.8031
425.773	-13.933	468.013	0	180	-61.845
425.815	-13.8543	468.086	0	180	-61.8868
425.857	-13.7756	468.159	0	180	-61.9286
425.899	-13.6968	468.232	0	180	-61.9705
425.941	-13.6181	468.305	0	180	-62.0123
425.983	-13.5394	468.378	0	180	-62.0541
426.024	-13.4606	468.452	0	180	-62.096
426.066	-13.3819	468.525	0	180	-62.1378
426.108	-13.3032	468.598	0	180	-62.1796
426.15	-13.2244	468.671	0	180	-62.2214
426.192	-13.1457	468.744	0	180	-62.2633
426.234	-13.067	468.817	0	180	-62.3051
426.276	-12.9882	468.89	0	180	-62.3469
426.317	-12.9095	468.963	0	180	-62.3888
426.359	-12.8308	469.036	0	180	-62.4306
426.401	-12.752	469.109	0	180	-62.4724
426.443	-12.6733	469.182	0	180	-62.5143
426.485	-12.5946	469.255	0	180	-62.5561
426.527	-12.5158	469.328	0	180	-62.5979
426.568	-12.4371	469.401	0	180	-62.6397
426.61	-12.3584	469.474	0	180	-62.6816
426.652	-12.2796	469.547	0	180	-62.7234
426.694	-12.2009	469.62	0	180	-62.7652
426.736	-12.1222	469.693	0	180	-62.8071
426.778	-12.0434	469.766	0	180	-62.8489
426.82	-11.9647	469.839	0	180	-62.8907
426.861	-11.886	469.912	0	180	-62.9326
426.903	-11.8072	469.985	0	180	-62.9744
426.945	-11.7285	470.058	0	180	-63.0162
426.987	-11.6498	470.131	0	180	-63.0581
427.029	-11.571	470.204	0	180	-63.0999
427.071	-11.4923	470.277	0	180	-63.1417
427.112	-11.4136	470.35	0	180	-63.1835
427.154	-11.3348	470.424	0	180	-63.2254
427.196	-11.2561	470.497	0	180	-63.2672
427.238	-11.1774	470.57	0	180	-63.309
427.28	-11.0986	470.643	0	180	-63.3509
427.322	-11.0199	470.716	0	180	-63.3927
427.364	-10.9412	470.789	0	180	-63.4345
427.405	-10.8624	470.862	0	180	-63.4764
427.447	-10.7837	470.935	0	180	-63.5182
427.489	-10.705	471.008	0	180	-63.56
427.531	-10.6262	471.081	0	180	-63.6018
427.573	-10.5475	471.154	0	180	-63.6437
427.615	-10.4688	471.227	0	180	-63.6855
427.656	-10.39	471.3	0	180	-63.7273
427.698	-10.3113	471.373	0	180	-63.7692
427.74	-10.2326	471.446	0	180	-63.811
427.782	-10.1538	471.519	0	180	-63.8528
427.824	-10.0751	471.592	0	180	-63.8947
427.866	-9.99637	471.665	0	180	-63.9365
427.908	-9.91764	471.738	0	180	-63.9783
427.949	-9.8389	471.811	0	180	-64.0201
427.991	-9.76017	471.884	0	180	-64.062
428.033	-9.68144	471.957	0	180	-64.1038
428.075	-9.6027	472.03	0	180	-64.1456
428.117	-9.52397	472.103	0	180	-64.1875
428.159	-9.44524	472.176	0	180	-64.2293
428.2	-9.36651	472.249	0	180	-64.2711
428.242	-9.28777	472.323	0	180	-64.313
428.284	-9.20904	472.396	0	180	-64.3548
428.326	-9.13031	472.469	0	180	-64.3966
428.368	-9.05157	472.542	0	180	-64.4385
428.41	-8.97284	472.615	0	180	-64.4803
428.451	-8.89411	472.688	0	180	-64.5221
428.493	-8.81537	472.761	0	180	-64.5639
428.535	-8.73664	472.834	0	180	-64.6058
428.577	-8.65791	472.907	0	180	-64.6476
428.619	-8.57918	472.98	0	180	-64.6894
428.661	-8.50044	473.053	0	180	-64.7313
428.703	-8.42171	473.126	0	180	-64.7731
428.744	-8.34298	473.199	0	180	-64.8149
428.786	-8.26424	473.272	0	180	-64.8568
428.828	-8.18551	473.345	0	180	-64.8986
428.87	-8.10678	473.418	0	180	-64.9404
428.912	-8.02804	473.491	0	180	-64.9822
428.954	-7.94931	473.564	0	180	-65.0241
428.995	-7.87058	473.637	0	180	-65.0659
429.037	-7.79185	473.71	0	180	-65.1077
429.079	-7.71311	473.783	0	180	-65.1496
429.121	-7.63438	473.856	0	180	-65.1914
429.163	-7.55565	473.929	0	180	-65.2332
429.205	-7.47691	474.002	0	180	-65.2751
429.247	-7.39818	474.075	0	180	-65.3169
429.288	-7.31945	474.148	0	180	-65.3587
429.33	-7.24072	474.221	0	180	-65.4006
429.372	-7.16198	474.295	0	180	-65.4424
429.414	-7.08325	474.368	0	180	-65.4842
429.456	-7.00452	474.441	0	180	-65.526
429.498	-6.92578	474.514	0	180	-65.5679
429.539	-6.84705	474.587	0	180	-65.6097
429.581	-6.76832	474.66	0	180	-65.6515
429.623	-6.68958	474.733	0	180	-65.6934
429.665	-6.61085	474.806	0	180	-65.7352
429.707	-6.53212	474.879	0	180	-65.777
429.749	-6.45339	474.952	0	180	-65.8189
429.791	-6.37465	475.025	0	180	-65.8607
429.832	-6.29592	475.098	0	180	-65.9025
429.874	-6.21719	475.171	0	180	-65.9443
429.916	-6.13845	475.244	0	180	-65.9862
429.958	-6.05972	475.317	0	180	-66.028
430	-5.98099	475.39	0	180	-66.0698
430.042	-5.90226	475.463	0	180	-66.1117
430.083	-5.82352	475.536	0	180	-66.1535
430.125	-5.74479	475.609	0	180	-66.1953
430.167	-5.66606	475.682	0	180	-66.2372
430.209	-5.58732	475.755	0	180	-66.279
430.251	-5.50859	475.828	0	180	-66.3208
430.293	-5.42986	475.901	0	180	-66.3627
430.335	-5.35112	475.974	0	180	-66.4045
430.376	-5.27239	476.047	0	180	-66.4463
430.418	-5.19366	476.12	0	180	-66.4881
430.46	-5.11493	476.193	0	180	-66.53
430.502	-5.03619	476.267	0	180	-66.5718
430.544	-4.95746	476.34	0	180	-66.6136
430.586	-4.87873	476.413	0	180	-66.6555
430.627	-4.79999	476.486	0	180	-66.6973
430.669	-4.72126	476.559	0	180	-66.7391
430.711	-4.64253	476.632	0	180	-66.781
430.753	-4.5638	476.705	0	180	-66.8228
430.795	-4.48506	476.778	0	180	-66.8646
430.837	-4.40633	476.851	0	180	-66.9064
430.879	-4.3276	476.924	0	180	-66.9483
430.92	-4.24886	476.997	0	180	-66.9901
430.962	-4.17013	477.07	0	180	-67.0319
431.004	-4.0914	477.143	0	180	-67.0738
431.046	-4.01266	477.216	0	180	-67.1156
431.088	-3.93393	477.289	0	180	-67.1574
431.13	-3.8552	477.362	0	180	-67.1993
431.171	-3.77647	477.435	0	180	-67.2411
431.213	-3.69773	477.508	0	180	-67.2829
431.255	-3.619	477.581	0	180	-67.3247
431.297	-3.54027	477.654	0	180	-67.3666
431.339	-3.46153	477.727	0	180	-67.4084
431.381	-3.3828	477.8	0	180	-67.4502
431.423	-3.30407	477.873	0	180	-67.4921
431.464	-3.22534	477.946	0	180	-67.5339
431.506	-3.1466	478.019	0	180	-67.5757
431.548	-3.06787	478.092	0	180	-67.6176
431.59	-2.98914	478.166	0	180	-67.6594
431.632	-2.9104	478.239	0	180	-67.7012
431.674	-2.83167	478.312	0	180	-67.7431
431.715	-2.75294	478.385	0	180	-67.7849
431.757	-2.6742	478.458	0	180	-67.8267
431.799	-2.59547	478.531	0	180	-67.8685
431.841	-2.51674	478.604	0	180	-67.9104
431.883	-2.43801	478.677	0	180	-67.9522
431.925	-2.35927	478.75	0	180	-67.994
431.967	-2.28054	478.823	0	180	-68.0359
432.008	-2.20181	478.896	0	180	-68.0777
432.05	-2.12307	478.969	0	180	-68.1195
432.092	-2.04434	479.042	0	180	-68.1614
432.134	-1.96561	479.115	0	180	-68.2032
432.176	-1.88688	479.188	0	180	-68.245
432.218	-1.80814	479.261	0	180	-68.2868
432.259	-1.72941	479.334	0	180	-68.3287
432.301	-1.65068	479.407	0	180	-68.3705
432.343	-1.57194	479.48	0	180	-68.4123
432.385	-1.49321	479.553	0	180	-68.4542
432.427	-1.41448	479.626	0	180	-68.496
432.469	-1.33574	479.699	0	180	-68.5378
432.51	-1.25701	479.772	0	180	-68.5797
432.552	-1.17828	479.845	0	180	-68.6215
432.594	-1.09955	479.918	0	180	-68.6633
432.636	-1.02081	479.991	0	180	-68.7052
432.678	-0.94208	480.064	0	180	-68.747
432.72	-0.863347	480.138	0	180	-68.7888
432.762	-0.784614	480.211	0	180	-68.8306
432.803	-0.705881	480.284	0	180	-68.8725
432.845	-0.627148	480.357	0	180	-68.9143
432.887	-0.548415	480.43	0	180	-68.9561
432.929	-0.469682	480.503	0	180	-68.998
432.971	-0.390949	480.576	0	180	-69.0398
433.013	-0.312216	480.649	0	180	-69.0816
433.054	-0.233483	480.722	0	180	-69.1235
433.096	-0.15475	480.795	0	180	-69.1653
433.138	-0.0760173	480.868	0	180	-69.2071
433.18	0.00271568	480.941	0	180	-69.2489
433.222	0.0814486	481.014	0	180	-69.2908
433.264	0.160182	481.087	0	180	-69.3326
433.306	0.238915	481.16	0	180	-69.3744
433.347	0.317647	481.233	0	180	-69.4163
433.389	0.39638	481.306	0	180	-69.4581
433.431	0.475113	481.379	0	180	-69.4999
433.473	0.553846	481.452	0	180	-69.5418
433.515	0.632579	481.525	0	180	-69.5836
433.557	0.711312	481.598	0	180	-69.6254
433.598	0.790045	481.671	0	180	-69.6673
433.64	0.868778	481.744	0	180	-69.7091
433.682	0.947511	481.817	0	180	-69.7509
433.724	1.02624	481.89	0	180	-69.7927
433.766	1.10498	481.963	0	180	-69.8346
433.808	1.18371	482.036	0	180	-69.8764
433.85	1.26244	482.11	0	180	-69.9182
433.891	1.34118	482.183	0	180	-69.9601
433.933	1.41991	482.256	0	180	-70.0019
433.975	1.49864	482.329	0	180	-70.0437
434.017	1.57737	482.402	0	180	-70.0856
434.059	1.65611	482.475	0	180	-70.1274
434.101	1.73484	482.548	0	180	-70.1692
434.142	1.81357	482.621	0	180	-70.211
434.184	1.89231	482.694	0	180	-70.2529
434.226	1.97104	482.767	0	180	-70.2947
434.268	2.04977	482.84	0	180	-70.3365
434.31	2.12851	482.913	0	180	-70.3784
434.352	2.20724	482.986	0	180	-70.4202
434.394	2.28597	483.059	0	180	-70.462
434.435	2.3647	483.132	0	180	-70.5039
434.477	2.44344	483.205	0	180	-70.5457
434.519	2.52217	483.278	0	180	-70.5875
434.561	2.6009	483.351	0	180	-70.6294
434.603	2.67964	483.424	0	180	-70.6712
434.645	2.75837	483.497	0	180	-70.713
434.686	2.8371	483.57	0	180	-70.7548
434.728	2.91583	483.643	0	180	-70.7967
434.77	2.99457	483.716	0	180	-70.8385
434.812	3.0733	483.789	0	180	-70.8803
434.854	3.15203	483.862	0	180	-70.9222
434.896	3.23077	483.935	0	180	-70.964
434.938	3.3095	484.009	0	180	-71.0058
434.979	3.38823	484.082	0	180	-71.0477
435.021	3.46697	484.155	0	180	-71.0895
435.063	3.5457	484.228	0	180	-71.1313
435.105	3.62443	484.301	0	180	-71.1731
435.147	3.70316	484.374	0	180	-71.215
435.189	3.7819	484.447	0	180	-71.2568
435.23	3.86063	484.52	0	180	-71.2986
435.272	3.93936	484.593	0	180	-71.3405
435.314	4.0181	484.666	0	180	-71.3823
435.356	4.09683	484.739	0	180	-71.4241
435.398	4.17556	484.812	0	180	-71.466
435.44	4.25429	484.885	0	180	-71.5078
435.482	4.33303	484.958	0	180	-71.5496
435.523	4.41176	485.031	0	180	-71.5914
435.565	4.49049	485.104	0	180	-71.6333
435.607	4.56923	485.177	0	180	-71.6751
435.649	4.64796	485.25	0	180	-71.7169
435.691	4.72669	485.323	0	180	-71.7588
435.733	4.80543	485.396	0	180	-71.8006
435.774	4.88416	485.469	0	180	-71.8424
435.816	4.96289	485.542	0	180	-71.8843
435.858	5.04162	485.615	0	180	-71.9261
435.9	5.12036	485.688	0	180	-71.9679
435.942	5.19909	485.761	0	180	-72.0098
435.984	5.27782	485.834	0	180	-72.0516
436.025	5.35656	485.907	0	180	-72.0934
436.067	5.43529	485.981	0	180	-72.1352
436.109	5.51402	486.054	0	180	-72.1771
436.151	5.59275	486.127	0	180	-72.2189
436.193	5.67149	486.2	0	180	-72.2607
436.235	5.75022	486.273	0	180	-72.3026
436.277	5.82895	486.346	0	180	-72.3444
436.318	5.90769	486.419	0	180	-72.3862
436.36	5.98642	486.492	0	180	-72.4281
436.402	6.06515	486.565	0	180	-72.4699
436.444	6.14389	486.638	0	180	-72.5117
436.486	6.22262	486.711	0	180	-72.5535
436.528	6.30135	486.784	0	180	-72.5954
436.569	6.38008	486.857	0	180	-72.6372
436.611	6.45882	486.93	0	180	-72.679
436.653	6.53755	487.003	0	180	-72.7209
436.695	6.61628	487.076	0	180	-72.7627
436.737	6.69502	487.149	0	180	-72.8045
436.779	6.77375	487.222	0	180	-72.8464
436.821	6.85248	487.295	0	180	-72.8882
436.862	6.93122	487.368	0	180	-72.93
436.904	7.00995	487.441	0	180	-72.9719
436.946	7.08868	487.514	0	180	-73.0137
436.988	7.16741	487.587	0	180	-73.0555
437.03	7.24615	487.66	0	180	-73.0973
437.072	7.32488	487.733	0	180	-73.1392
437.113	7.40361	487.806	0	180	-73.181
437.155	7.48235	487.879	0	180	-73.2228
437.197	7.56108	487.953	0	180	-73.2647
437.239	7.63981	488.026	0	180	-73.3065
437.281	7.71854	488.099	0	180	-73.3483
437.323	7.79728	488.172	0	180	-73.3902
437.365	7.87601	488.245	0	180	-73.432
437.406	7.95474	488.318	0	180	-73.4738
437.448	8.03348	488.391	0	180	-73.5156
437.49	8.11221	488.464	0	180	-73.5575
437.532	8.19094	488.537	0	180	-73.5993
437.574	8.26968	488.61	0	180	-73.6411
437.616	8.34841	488.683	0	180	-73.683
437.657	8.42714	488.756	0	180	-73.7248
437.699	8.50587	488.829	0	180	-73.7666
437.741	8.58461	488.902	0	180	-73.8085
437.783	8.66334	488.975	0	180	-73.8503
437.825	8.74207	489.048	0	180	-73.8921
437.867	8.82081	489.121	0	180	-73.934
437.909	8.89954	489.194	0	180	-73.9758
437.95	8.97827	489.267	0	180	-74.0176
437.992	9.057	489.34	0	180	-74.0594
438.034	9.13574	489.413	0	180	-74.1013
438.076	9.21447	489.486	0	180	-74.1431
438.118	9.2932	489.559	0	180	-74.1849
438.16	9.37194	489.632	0	180	-74.2268
438.201	9.45067	489.705	0	180	-74.2686
438.243	9.5294	489.778	0	180	-74.3104
438.285	9.60814	489.851	0	180	-74.3523
438.327	9.68687	489.925	0	180	-74.3941
438.369	9.7656	489.998	0	180	-74.4359
438.411	9.84433	490.071	0	180	-74.4777
438.453	9.92307	490.144	0	180	-74.5196
438.494	10.0018	490.217	0	180	-74.5614
438.536	10.0805	490.29	0	180	-74.6032
438.578	10.1593	490.363	0	180	-74.6451
438.62	10.238	490.436	0	180	-74.6869
438.662	10.3167	490.509	0	180	-74.7287
438.704	10.3955	490.582	0	180	-74.7706
438.745	10.4742	490.655	0	180	-74.8124
438.787	10.5529	490.728	0	180	-74.8542
438.829	10.6317	490.801	0	180	-74.896
438.871	10.7104	490.874	0	180	-74.9379
438.913	10.7891	490.947	0	180	-74.9797
438.955	10.8679	491.02	0	180	-75.0215
438.997	10.9466	491.093	0	180	-75.0634
439.038	11.0253	491.166	0	180	-75.1052
439.08	11.1041	491.239	0	180	-75.147
439.122	11.1828	491.312	0	180	-75.1889
439.164	11.2615	491.385	0	180	-75.2307
439.206	11.3403	491.458	0	180	-75.2725
439.248	11.419	491.531	0	180	-75.3144
439.289	11.4977	491.604	0	180	-75.3562
439.331	11.5765	491.677	0	180	-75.398
439.373	11.6552	491.75	0	180	-75.4398
439.415	11.7339	491.824	0	180	-75.4817
439.457	11.8127	491.897	0	180	-75.5235
439.499	11.8914	491.97	0	180	-75.5653
439.541	11.9701	492.043	0	180	-75.6072
439.582	12.0489	492.116	0	180	-75.649
439.624	12.1276	492.189	0	180	-75.6908
439.666	12.2063	492.262	0	180	-75.7327
439.708	12.2851	492.335	0	180	-75.7745
439.75	12.3638	492.408	0	180	-75.8163
439.792	12.4425	492.481	0	180	-75.8581
439.833	12.5213	492.554	0	180	-75.9
439.875	12.6	492.627	0	180	-75.9418
439.917	12.6787	492.7	0	180	-75.9836
439.959	12.7575	492.773	0	180	-76.0255
440.001	12.8362	492.846	0	180	-76.0673
440.043	12.9149	492.919	0	180	-76.1091
440.084	12.9937	492.992	0	180	-76.151
440.126	13.0724	493.065	0	180	-76.1928
440.168	13.1511	493.138	0	180	-76.2346
440.21	13.2299	493.211	0	180	-76.2765
440.252	13.3086	493.284	0	180	-76.3183
440.294	13.3873	493.357	0	180	-76.3601
440.336	13.466	493.43	0	180	-76.4019
440.377	13.5448	493.503	0	180	-76.4438
440.419	13.6235	493.576	0	180	-76.4856
440.461	13.7022	493.649	0	180	-76.5274
440.503	13.781	493.722	0	180	-76.5693
440.545	13.8597	493.796	0	180	-76.6111
440.587	13.9384	493.869	0	180	-76.6529
440.628	14.0172	493.942	0	180	-76.6948
440.67	14.0959	494.015	0	180	-76.7366
440.712	14.1746	494.088	0	180	-76.7784
440.754	14.2534	494.161	0	180	-76.8202
440.796	14.3321	494.234	0	180	-76.8621
440.838	14.4108	494.307	0	180	-76.9039
440.88	14.4896	494.38	0	180	-76.9457
440.921	14.5683	494.453	0	180	-76.9876
440.963	14.647	494.526	0	180	-77.0294
441.005	14.7258	494.599	0	180	-77.0712
441.047	14.8045	494.672	0	180	-77.1131
441.089	14.8832	494.745	0	180	-77.1549
441.131	14.962	494.818	0	180	-77.1967
441.172	15.0407	494.891	0	180	-77.2386
441.214	15.1194	494.964	0	180	-77.2804
441.256	15.1982	495.037	0	180	-77.3222
441.298	15.2769	495.11	0	180	-77.364
441.34	15.3556	495.183	0	180	-77.4059
441.382	15.4344	495.256	0	180	-77.4477
441.424	15.5131	495.329	0	180	-77.4895
441.465	15.5918	495.402	0	180	-77.5314
441.507	15.6706	495.475	0	180	-77.5732
441.549	15.7493	495.548	0	180	-77.615
441.591	15.828	495.621	0	180	-77.6569
441.633	15.9068	495.694	0	180	-77.6987
441.675	15.9855	495.768	0	180	-77.7405
441.716	16.0642	495.841	0	180	-77.7823
441.758	16.143	495.914	0	180	-77.8242
441.8	16.2217	495.987	0	180	-77.866
441.842	16.3004	496.06	0	180	-77.9078
441.884	16.3792	496.133	0	180	-77.9497
441.926	16.4579	496.206	0	180	-77.9915
441.968	16.5366	496.279	0	180	-78.0333
442.009	16.6154	496.352	0	180	-78.0752
442.051	16.6941	496.425	0	180	-78.117
442.093	16.7728	496.498	0	180	-78.1588
442.135	16.8516	496.571	0	180	-78.2006
442.177	16.9303	496.644	0	180	-78.2425
442.219	17.009	496.717	0	180	-78.2843
442.26	17.0878	496.79	0	180	-78.3261
442.302	17.1665	496.863	0	180	-78.368
442.344	17.2452	496.936	0	180	-78.4098
442.386	17.324	497.009	0	180	-78.4516
442.428	17.4027	497.082	0	180	-78.4935
442.47	17.4814	497.155	0	180	-78.5353
442.512	17.5602	497.228	0	180	-78.5771
442.553	17.6389	497.301	0	180	-78.619
442.595	17.7176	497.374	0	180	-78.6608
442.637	17.7964	497.447	0	180	-78.7026
442.679	17.8751	497.52	0	180	-78.7444
442.721	17.9538	497.593	0	180	-78.7863
442.763	18.0326	497.667	0	180	-78.8281
442.804	18.1113	497.74	0	180	-78.8699
442.846	18.19	497.813	0	180	-78.9118
442.888	18.2688	497.886	0	180	-78.9536
442.93	18.3475	497.959	0	180	-78.9954
442.972	18.4262	498.032	0	180	-79.0373
443.014	18.505	498.105	0	180	-79.0791
443.056	18.5837	498.178	0	180	-79.1209
443.097	18.6624	498.251	0	180	-79.1627
443.139	18.7412	498.324	0	180	-79.2046
443.181	18.8199	498.397	0	180	-79.2464
443.223	18.8986	498.47	0	180	-79.2882
443.265	18.9774	498.543	0	180	-79.3301
443.307	19.0561	498.616	0	180	-79.3719
443.348	19.1348	498.689	0	180	-79.4137
443.39	19.2136	498.762	0	180	-79.4556
443.432	19.2923	498.835	0	180	-79.4974
443.474	19.371	498.908	0	180	-79.5392
443.516	19.4498	498.981	0	180	-79.5811
443.558	19.5285	499.054	0	180	-79.6229
443.6	19.6072	499.127	0	180	-79.6647
443.641	19.686	499.2	0	180	-79.7065
443.683	19.7647	499.273	0	180	-79.7484
443.725	19.8434	499.346	0	180	-79.7902
443.767	19.9222	499.419	0	180	-79.832
443.809	20.0009	499.492	0	180	-79.8739
443.851	20.0796	499.565	0	180	-79.9157
443.892	20.1584	499.639	0	180	-79.9575
443.934	20.2371	499.712	0	180	-79.9994
443.976	20.3158	499.785	0	180	-80.0412
444.018	20.3945	499.858	0	180	-80.083
444.06	20.4733	499.931	0	180	-80.1248
444.102	20.552	500.004	0	180	-80.1667
444.143	20.6307	500.077	0	180	-80.2085
444.185	20.7095	500.15	0	180	-80.2503
444.227	20.7882	500.223	0	180	-80.2922
444.269	20.8669	500.296	0	180	-80.334
444.311	20.9457	500.369	0	180	-80.3758
444.353	21.0244	500.442	0	180	-80.4177
444.395	21.1031	500.515	0	180	-80.4595
444.436	21.1819	500.588	0	180	-80.5013
444.478	21.2606	500.661	0	180	-80.5432
444.52	21.3393	500.734	0	180	-80.585
444.562	21.4181	500.807	0	180	-80.6268
444.604	21.4968	500.88	0	180	-80.6686
444.646	21.5755	500.953	0	180	-80.7105
444.687	21.6543	501.026	0	180	-80.7523
444.729	21.733	501.099	0	180	-80.7941
444.771	21.8117	501.172	0	180	-80.836
444.813	21.8905	501.245	0	180	-80.8778
444.855	21.9692	501.318	0	180	-80.9196
444.897	22.0479	501.391	0	180	-80.9615
444.939	22.1267	501.464	0	180	-81.0033
444.98	22.2054	501.537	0	180	-81.0451
445.022	22.2841	501.611	0	180	-81.0869
445.064	22.3629	501.684	0	180	-81.1288
445.106	22.4416	501.757	0	180	-81.1706
445.148	22.5203	501.83	0	180	-81.2124
445.19	22.5991	501.903	0	180	-81.2543
445.231	22.6778	501.976	0	180	-81.2961
445.273	22.7565	502.049	0	180	-81.3379
445.315	22.8353	502.122	0	180	-81.3798
445.357	22.914	502.195	0	180	-81.4216
445.399	22.9927	502.268	0	180	-81.4634
445.441	23.0715	502.341	0	180	-81.5053
445.483	23.1502	502.414	0	180	-81.5471
445.524	23.2289	502.487	0	180	-81.5889
445.566	23.3077	502.56	0	180	-81.6307
445.608	23.3864	502.633	0	180	-81.6726
445.65	23.4651	502.706	0	180	-81.7144
445.692	23.5439	502.779	0	180	-81.7562
445.734	23.6226	502.852	0	180	-81.7981
445.775	23.7013	502.925	0	180	-81.8399
445.817	23.7801	502.998	0	180	-81.8817
445.859	23.8588	503.071	0	180	-81.9236
445.901	23.9375	503.144	0	180	-81.9654
445.943	24.0163	503.217	0	180	-82.0072
445.985	24.095	503.29	0	180	-82.049
446.027	24.1737	503.363	0	180	-82.0909
446.068	24.2525	503.436	0	180	-82.1327
446.11	24.3312	503.51	0	180	-82.1745
446.152	24.4099	503.583	0	180	-82.2164
446.194	24.4887	503.656	0	180	-82.2582
446.236	24.5674	503.729	0	180	-82.3
446.278	24.6461	503.802	0	180	-82.3419
446.319	24.7249	503.875	0	180	-82.3837
446.361	24.8036	503.948	0	180	-82.4255
446.403	24.8823	504.021	0	180	-82.4673
446.445	24.9611	504.094	0	180	-82.5092
446.487	25.0398	504.167	0	180	-82.551
446.529	25.1185	504.24	0	180	-82.5928
446.571	25.1973	504.313	0	180	-82.6347
446.612	25.276	504.386	0	180	-82.6765
446.654	25.3547	504.459	0	180	-82.7183
446.696	25.4335	504.532	0	180	-82.7602
446.738	25.5122	504.605	0	180	-82.802
446.78	25.5909	504.678	0	180	-82.8438
446.822	25.6697	504.751	0	180	-82.8857
446.863	25.7484	504.824	0	180	-82.9275
446.905	25.8271	504.897	0	180	-82.9693
446.947	25.9059	504.97	0	180	-83.0111
446.989	25.9846	505.043	0	180	-83.053
447.031	26.0633	505.116	0	180	-83.0948
447.073	26.1421	505.189	0	180	-83.1366
447.115	26.2208	505.262	0	180	-83.1785
447.156	26.2995	505.335	0	180	-83.2203
447.198	26.3783	505.408	0	180	-83.2621
447.24	26.457	505.482	0	180	-83.304
447.282	26.5357	505.555	0	180	-83.3458
447.324	26.6145	505.628	0	180	-83.3876
447.366	26.6932	505.701	0	180	-83.4294
447.407	26.7719	505.774	0	180	-83.4713
447.449	26.8507	505.847	0	180	-83.5131
447.491	26.9294	505.92	0	180	-83.5549
447.533	27.0081	505.993	0	180	-83.5968
447.575	27.0868	506.066	0	180	-83.6386
447.617	27.1656	506.139	0	180	-83.6804
447.658	27.2443	506.212	0	180	-83.7223
447.7	27.323	506.285	0	180	-83.7641
447.742	27.4018	506.358	0	180	-83.8059
447.784	27.4805	506.431	0	180	-83.8478
447.826	27.5592	506.504	0	180	-83.8896
447.868	27.638	506.577	0	180	-83.9314
447.91	27.7167	506.65	0	180	-83.9732
447.951	27.7954	506.723	0	180	-84.0151
447.993	27.8742	506.796	0	180	-84.0569
448.035	27.9529	506.869	0	180	-84.0987
448.077	28.0316	506.942	0	180	-84.1406
448.119	28.1104	507.015	0	180	-84.1824
448.161	28.1891	507.088	0	180	-84.2242
448.202	28.2678	507.161	0	180	-84.2661
448.244	28.3466	507.234	0	180	-84.3079
448.286	28.4253	507.307	0	180	-84.3497
448.328	28.504	507.38	0	180	-84.3915
448.37	28.5828	507.454	0	180	-84.4334
448.412	28.6615	507.527	0	180	-84.4752
448.454	28.7402	507.6	0	180	-84.517
448.495	28.819	507.673	0	180	-84.5589
448.537	28.8977	507.746	0	180	-84.6007
448.579	28.9764	507.819	0	180	-84.6425
448.621	29.0552	507.892	0	180	-84.6844
448.663	29.1339	507.965	0	180	-84.7262
448.705	29.2126	508.038	0	180	-84.768
448.746	29.2914	508.111	0	180	-84.8099
448.788	29.3701	508.184	0	180	-84.8517
448.83	29.4488	508.257	0	180	-84.8935
448.872	29.5276	508.33	0	180	-84.9353
448.914	29.6063	508.403	0	180	-84.9772
448.956	29.685	508.476	0	180	-85.019
448.998	29.7638	508.549	0	180	-85.0608
449.039	29.8425	508.622	0	180	-85.1027
449.081	29.9212	508.695	0	180	-85.1445
449.123	30	508.768	0	180	-85.1863
449.165	30.0787	508.841	0	180	-85.2282
449.207	30.1574	508.914	0	180	-85.27
449.249	30.2362	508.987	0	180	-85.3118
449.29	30.3149	509.06	0	180	-85.3536
449.332	30.3936	509.133	0	180	-85.3955
449.374	30.4724	509.206	0	180	-85.4373
449.416	30.5511	509.279	0	180	-85.4791
449.458	30.6298	509.353	0	180	-85.521
449.5	30.7086	509.426	0	180	-85.5628
449.542	30.7873	509.499	0	180	-85.6046
449.583	30.866	509.572	0	180	-85.6465
449.625	30.9448	509.645	0	180	-85.6883
449.667	31.0235	509.718	0	180	-85.7301
449.709	31.1022	509.791	0	180	-85.7719
449.751	31.181	509.864	0	180	-85.8138
449.793	31.2597	509.937	0	180	-85.8556
449.834	31.3384	510.01	0	180	-85.8974
449.876	31.4172	510.083	0	180	-85.9393
449.918	31.4959	510.156	0	180	-85.9811
449.96	31.5746	510.229	0	180	-86.0229
450.002	31.6534	510.302	0	180	-86.0648
450.044	31.7321	510.375	0	180	-86.1066
450.086	31.8108	510.448	0	180	-86.1484
450.127	31.8896	510.521	0	180	-86.1903
450.169	31.9683	510.594	0	180	-86.2321
450.211	32.047	510.667	0	180	-86.2739
450.253	32.1258	510.74	0	180	-86.3157
450.295	32.2045	510.813	0	180	-86.3576
450.337	32.2832	510.886	0	180	-86.3994
450.378	32.362	510.959	0	180	-86.4412
450.42	32.4407	511.032	0	180	-86.4831
450.462	32.5194	511.105	0	180	-86.5249
450.504	32.5982	511.178	0	180	-86.5667
450.546	32.6769	511.251	0	180	-86.6086
450.588	32.7556	511.325	0	180	-86.6504
450.63	32.8344	511.398	0	180	-86.6922
450.671	32.9131	511.471	0	180	-86.734
450.713	32.9918	511.544	0	180	-86.7759
450.755	33.0706	511.617	0	180	-86.8177
450.797	33.1493	511.69	0	180	-86.8595
450.839	33.228	511.763	0	180	-86.9014
450.881	33.3068	511.836	0	180	-86.9432
450.922	33.3855	511.909	0	180	-86.985
450.964	33.4642	511.982	0	180	-87.0269
451.006	33.543	512.055	0	180	-87.0687
451.048	33.6217	512.128	0	180	-87.1105
451.09	33.7004	512.201	0	180	-87.1524
451.132	33.7792	512.274	0	180	-87.1942
451.174	33.8579	512.347	0	180	-87.236
451.215	33.9366	512.42	0	180	-87.2778
451.257	34.0153	512.493	0	180	-87.3197
451.299	34.0941	512.566	0	180	-87.3615
451.341	34.1728	512.639	0	180	-87.4033
451.383	34.2515	512.712	0	180	-87.4452
451.425	34.3303	512.785	0	180	-87.487
451.466	34.409	512.858	0	180	-87.5288
451.508	34.4877	512.931	0	180	-87.5707
451.55	34.5665	513.004	0	180	-87.6125
451.592	34.6452	513.077	0	180	-87.6543
451.634	34.7239	513.15	0	180	-87.6961
451.676	34.8027	513.223	0	180	-87.738
451.717	34.8814	513.297	0	180	-87.7798
451.759	34.9601	513.37	0	180	-87.8216
451.801	35.0389	513.443	0	180	-87.8635
451.843	35.1176	513.516	0	180	-87.9053
451.885	35.1963	513.589	0	180	-87.9471
451.927	35.2751	513.662	0	180	-87.989
451.969	35.3538	513.735	0	180	-88.0308
452.01	35.4325	513.808	0	180	-88.0726
452.052	35.5113	513.881	0	180	-88.1145
452.094	35.59	513.954	0	180	-88.1563
452.136	35.6687	514.027	0	180	-88.1981
452.178	35.7475	514.1	0	180	-88.2399
452.22	35.8262	514.173	0	180	-88.2818
452.261	35.9049	514.246	0	180	-88.3236
452.303	35.9837	514.319	0	180	-88.3654
452.345	36.0624	514.392	0	180	-88.4073
452.387	36.1411	514.465	0	180	-88.4491
452.429	36.2199	514.538	0	180	-88.4909
452.471	36.2986	514.611	0	180	-88.5328
452.513	36.3773	514.684	0	180	-88.5746
452.554	36.4561	514.757	0	180	-88.6164
452.596	36.5348	514.83	0	180	-88.6582
452.638	36.6135	514.903	0	180	-88.7001
452.68	36.6923	514.976	0	180	-88.7419
452.722	36.771	515.049	0	180	-88.7837
452.764	36.8497	515.122	0	180	-88.8256
452.805	36.9285	515.195	0	180	-88.8674
452.847	37.0072	515.269	0	180	-88.9092
452.889	37.0859	515.342	0	180	-88.9511
452.931	37.1647	515.415	0	180	-88.9929
452.973	37.2434	515.488	0	180	-89.0347
453.015	37.3221	515.561	0	180	-89.0766
453.057	37.4009	515.634	0	180	-89.1184
453.098	37.4796	515.707	0	180	-89.1602
453.14	37.5583	515.78	0	180	-89.202
453.182	37.6371	515.853	0	180	-89.2439
453.224	37.7158	515.926	0	180	-89.2857
453.266	37.7945	515.999	0	180	-89.3275
453.308	37.8733	516.072	0	180	-89.3694
453.349	37.952	516.145	0	180	-89.4112
453.391	38.0307	516.218	0	180	-89.453
453.433	38.1095	516.291	0	180	-89.4949
453.475	38.1882	516.364	0	180	-89.5367
453.517	38.2669	516.437	0	180	-89.5785
453.559	38.3457	516.51	0	180	-89.6203
453.601	38.4244	516.583	0	180	-89.6622
453.642	38.5031	516.656	0	180	-89.704
453.684	38.5819	516.729	0	180	-89.7458
453.726	38.6606	516.802	0	180	-89.7877
453.768	38.7393	516.875	0	180	-89.8295
453.81	38.8181	516.948	0	180	-89.8713
453.852	38.8968	517.021	0	180	-89.9132
453.893	38.9755	517.094	0	180	-89.955
453.935	39.0543	517.168	0	180	-89.9968
453.977	39.133	517.241	0	180	-90.0386
454.019	39.2117	517.314	0	180	-90.0805
454.061	39.2905	517.387	0	180	-90.1223
454.103	39.3692	517.46	0	180	-90.1641
454.145	39.4479	517.533	0	180	-90.206
454.186	39.5267	517.606	0	180	-90.2478
454.228	39.6054	517.679	0	180	-90.2896
454.27	39.6841	517.752	0	180	-90.3315
454.312	39.7629	517.825	0	180	-90.3733
454.354	39.8416	517.898	0	180	-90.4151
454.396	39.9203	517.971	0	180	-90.457
454.437	39.9991	518.044	0	180	-90.4988
454.479	40.0778	518.117	0	180	-90.5406
454.521	40.1565	518.19	0	180	-90.5824
454.563	40.2353	518.263	0	180	-90.6243
454.605	40.314	518.336	0	180	-90.6661
454.647	40.3927	518.409	0	180	-90.7079
454.689	40.4715	518.482	0	180	-90.7498
454.73	40.5502	518.555	0	180	-90.7916
454.772	40.6289	518.628	0	180	-90.8334
454.814	40.7076	518.701	0	180	-90.8753
454.856	40.7864	518.774	0	180	-90.9171
454.898	40.8651	518.847	0	180	-90.9589
454.94	40.9438	518.92	0	180	-91.0007
454.981	41.0226	518.993	0	180	-91.0426
455.023	41.1013	519.066	0	180	-91.0844
455.065	41.18	519.14	0	180	-91.1262
455.107	41.2588	519.213	0	180	-91.1681
455.149	41.3375	519.286	0	180	-91.2099
455.191	41.4162	519.359	0	180	-91.2517
455.233	41.495	519.432	0	180	-91.2936
455.274	41.5737	519.505	0	180	-91.3354
455.316	41.6524	519.578	0	180	-91.3772
455.358	41.7312	519.651	0	180	-91.4191
455.4	41.8099	519.724	0	180	-91.4609
455.442	41.8886	519.797	0	180	-91.5027
455.484	41.9674	519.87	0	180	-91.5445
455.525	42.0461	519.943	0	180	-91.5864
455.567	42.1248	520.016	0	180	-91.6282
455.609	42.2036	520.089	0	180	-91.67
455.651	42.2823	520.162	0	180	-91.7119
455.693	42.361	520.235	0	180	-91.7537
455.735	42.4398	520.308	0	180	-91.7955
455.776	42.5185	520.381	0	180	-91.8374
455.818	42.5972	520.454	0	180	-91.8792
455.86	42.676	520.527	0	180	-91.921
455.902	42.7547	520.6	0	180	-91.9628
455.944	42.8334	520.673	0	180	-92.0047
455.986	42.9122	520.746	0	180	-92.0465
456.028	42.9909	520.819	0	180	-92.0883
456.069	43.0696	520.892	0	180	-92.1302
456.111	43.1484	520.965	0	180	-92.172
456.153	43.2271	521.038	0	180	-92.2138
456.195	43.3058	521.112	0	180	-92.2557
456.237	43.3846	521.185	0	180	-92.2975
456.279	43.4633	521.258	0	180	-92.3393
456.32	43.542	521.331	0	180	-92.3812
456.362	43.6208	521.404	0	180	-92.423
456.404	43.6995	521.477	0	180	-92.4648
456.446	43.7782	521.55	0	180	-92.5066
456.488	43.857	521.623	0	180	-92.5485
456.53	43.9357	521.696	0	180	-92.5903
456.572	44.0144	521.769	0	180	-92.6321
456.613	44.0932	521.842	0	180	-92.674
456.655	44.1719	521.915	0	180	-92.7158
456.697	44.2506	521.988	0	180	-92.7576
456.739	44.3294	522.061	0	180	-92.7995
456.781	44.4081	522.134	0	180	-92.8413
456.823	44.4868	522.207	0	180	-92.8831
456.864	44.5656	522.28	0	180	-92.9249
456.906	44.6443	522.353	0	180	-92.9668
456.948	44.723	522.426	0	180	-93.0086
456.99	44.8018	522.499	0	180	-93.0504
457.032	44.8805	522.572	0	180	-93.0923
457.074	44.9592	522.645	0	180	-93.1341
457.116	45.038	522.718	0	180	-93.1759
457.157	45.1167	522.791	0	180	-93.2178
457.199	45.1954	522.864	0	180	-93.2596
457.241	45.2742	522.937	0	180	-93.3014
457.283	45.3529	523.011	0	180	-93.3432
457.325	45.4316	523.084	0	180	-93.3851
457.367	45.5104	523.157	0	180	-93.4269
457.408	45.5891	523.23	0	180	-93.4687
457.45	45.6678	523.303	0	180	-93.5106
457.492	45.7466	523.376	0	180	-93.5524
457.534	45.8253	523.449	0	180	-93.5942
457.576	45.904	523.522	0	180	-93.6361
457.618	45.9828	523.595	0	180	-93.6779
457.66	46.0615	523.668	0	180	-93.7197
457.701	46.1402	523.741	0	180	-93.7616
457.743	46.219	523.814	0	180	-93.8034
457.785	46.2977	523.887	0	180	-93.8452
457.827	46.3764	523.96	0	180	-93.887
457.869	46.4552	524.033	0	180	-93.9289
457.911	46.5339	524.106	0	180	-93.9707
457.952	46.6126	524.179	0	180	-94.0125
457.994	46.6914	524.252	0	180	-94.0544
458.036	46.7701	524.325	0	180	-94.0962
458.078	46.8488	524.398	0	180	-94.138
458.12	46.9276	524.471	0	180	-94.1799
458.162	47.0063	524.544	0	180	-94.2217
458.204	47.085	524.617	0	180	-94.2635
458.245	47.1638	524.69	0	180	-94.3053
458.287	47.2425	524.763	0	180	-94.3472
458.329	47.3212	524.836	0	180	-94.389
458.371	47.4	524.909	0	180	-94.4308
458.413	47.4787	524.983	0	180	-94.4727
458.455	47.5574	525.056	0	180	-94.5145
458.496	47.6361	525.129	0	180	-94.5563
458.538	47.7149	525.202	0	180	-94.5982
458.58	47.7936	525.275	0	180	-94.64
458.622	47.8723	525.348	0	180	-94.6818
458.664	47.9511	525.421	0	180	-94.7237
458.706	48.0298	525.494	0	180	-94.7655
458.748	48.1085	525.567	0	180	-94.8073
458.789	48.1873	525.64	0	180	-94.8491
458.831	48.266	525.713	0	180	-94.891
458.873	48.3447	525.786	0	180	-94.9328
458.915	48.4235	525.859	0	180	-94.9746
458.957	48.5022	525.932	0	180	-95.0165
458.999	48.5809	526.005	0	180	-95.0583
459.04	48.6597	526.078	0	180	-95.1001
459.082	48.7384	526.151	0	180	-95.142
459.124	48.8171	526.224	0	180	-95.1838
459.166	48.8959	526.297	0	180	-95.2256
459.208	48.9746	526.37	0	180	-95.2674
459.25	49.0533	526.443	0	180	-95.3093
459.291	49.1321	526.516	0	180	-95.3511
459.333	49.2108	526.589	0	180	-95.3929
459.375	49.2895	526.662	0	180	-95.4348
459.417	49.3683	526.735	0	180	-95.4766
459.459	49.447	526.808	0	180	-95.5184
459.501	49.5257	526.881	0	180	-95.5603
459.543	49.6045	526.955	0	180	-95.6021
459.584	49.6832	527.028	0	180	-95.6439
459.626	49.7619	527.101	0	180	-95.6858
459.668	49.8407	527.174	0	180	-95.7276
459.71	49.9194	527.247	0	180	-95.7694
459.752	49.9981	527.32	0	180	-95.8112
459.794	50.0769	527.393	0	180	-95.8531
459.835	50.1556	527.466	0	180	-95.8949
459.877	50.2343	527.539	0	180	-95.9367
459.919	50.3131	527.612	0	180	-95.9786
459.961	50.3918	527.685	0	180	-96.0204
460.003	50.4705	527.758	0	180	-96.0622
460.045	50.5493	527.831	0	180	-96.1041
460.087	50.628	527.904	0	180	-96.1459
460.128	50.7067	527.977	0	180	-96.1877
460.17	50.7855	528.05	0	180	-96.2295
460.212	50.8642	528.123	0	180	-96.2714
460.254	50.9429	528.196	0	180	-96.3132
460.296	51.0217	528.269	0	180	-96.355
460.338	51.1004	528.342	0	180	-96.3969
460.379	51.1791	528.415	0	180	-96.4387
460.421	51.2579	528.488	0	180	-96.4805
460.463	51.3366	528.561	0	180	-96.5224
460.505	51.4153	528.634	0	180	-96.5642
460.547	51.4941	528.707	0	180	-96.606
460.589	51.5728	528.78	0	180	-96.6478
460.631	51.6515	528.854	0	180	-96.6897
460.672	51.7303	528.927	0	180	-96.7315
460.714	51.809	529	0	180	-96.7733
460.756	51.8877	529.073	0	180	-96.8152
460.798	51.9665	529.146	0	180	-96.857
460.84	52.0452	529.219	0	180	-96.8988
460.882	52.1239	529.292	0	180	-96.9407
460.923	52.2027	529.365	0	180	-96.9825
460.965	52.2814	529.438	0	180	-97.0243
461.007	52.3601	529.511	0	180	-97.0662
461.049	52.4389	529.584	0	180	-97.108
461.091	52.5176	529.657	0	180	-97.1498
461.133	52.5963	529.73	0	180	-97.1916
461.175	52.6751	529.803	0	180	-97.2335
461.216	52.7538	529.876	0	180	-97.2753
461.258	52.8325	529.949	0	180	-97.3171
461.3	52.9113	530.022	0	180	-97.359
461.342	52.99	530.095	0	180	-97.4008
461.384	53.0687	530.168	0	180	-97.4426
461.426	53.1475	530.241	0	180	-97.4845
461.467	53.2262	530.314	0	180	-97.5263
461.509	53.3049	530.387	0	180	-97.5681
461.551	53.3837	530.46	0	180	-97.6099
461.593	53.4624	530.533	0	180	-97.6518
461.635	53.5411	530.606	0	180	-97.6936
461.677	53.6199	530.679	0	180	-97.7354
461.719	53.6986	530.752	0	180	-97.7773
461.76	53.7773	530.826	0	180	-97.8191
461.802	53.8561	530.899	0	180	-97.8609
461.844	53.9348	530.972	0	180	-97.9028
461.886	54.0135	531.045	0	180	-97.9446
461.928	54.0923	531.118	0	180	-97.9864
461.97	54.171	531.191	0	180	-98.0283
462.011	54.2497	531.264	0	180	-98.0701
462.053	54.3284	531.337	0	180	-98.1119
462.095	54.4072	531.41	0	180	-98.1537
462.137	54.4859	531.483	0	180	-98.1956
462.179	54.5646	531.556	0	180	-98.2374
462.221	54.6434	531.629	0	180	-98.2792
462.263	54.7221	531.702	0	180	-98.3211
462.304	54.8008	531.775	0	180	-98.3629
462.346	54.8796	531.848	0	180	-98.4047
462.388	54.9583	531.921	0	180	-98.4466
462.43	55.037	531.994	0	180	-98.4884
462.472	55.1158	532.067	0	180	-98.5302
462.514	55.1945	532.14	0	180	-98.572
462.555	55.2732	532.213	0	180	-98.6139
462.597	55.352	532.286	0	180	-98.6557
462.639	55.4307	532.359	0	180	-98.6975
462.681	55.5094	532.432	0	180	-98.7394
462.723	55.5882	532.505	0	180	-98.7812
462.765	55.6669	532.578	0	180	-98.823
462.807	55.7456	532.651	0	180	-98.8649
462.848	55.8244	532.724	0	180	-98.9067
462.89	55.9031	532.798	0	180	-98.9485
462.932	55.9818	532.871	0	180	-98.9904
462.974	56.0606	532.944	0	180	-99.0322
463.016	56.1393	533.017	0	180	-99.074
463.058	56.218	533.09	0	180	-99.1158
463.099	56.2968	533.163	0	180	-99.1577
463.141	56.3755	533.236	0	180	-99.1995
463.183	56.4542	533.309	0	180	-99.2413
463.225	56.533	533.382	0	180	-99.2832
463.267	56.6117	533.455	0	180	-99.325
463.309	56.6904	533.528	0	180	-99.3668
463.35	56.7692	533.601	0	180	-99.4087
463.392	56.8479	533.674	0	180	-99.4505
463.434	56.9266	533.747	0	180	-99.4923
463.476	57.0054	533.82	0	180	-99.5341
463.518	57.0841	533.893	0	180	-99.576
463.56	57.1628	533.966	0	180	-99.6178
463.602	57.2416	534.039	0	180	-99.6596
463.643	57.3203	534.112	0	180	-99.7015
463.685	57.399	534.185	0	180	-99.7433
463.727	57.4778	534.258	0	180	-99.7851
463.769	57.5565	534.331	0	180	-99.827
463.811	57.6352	534.404	0	180	-99.8688
463.853	57.714	534.477	0	180	-99.9106
463.894	57.7927	534.55	0	180	-99.9525
463.936	57.8714	534.623	0	180	-99.9943
463.978	57.9502	534.697	0	180	-100.036
464.02	58.0289	534.77	0	180	-100.078
464.062	58.1076	534.843	0	180	-100.12
464.104	58.1864	534.916	0	180	-100.162
464.146	58.2651	534.989	0	180	-100.203
464.187	58.3438	535.062	0	180	-100.245
464.229	58.4226	535.135	0	180	-100.287
464.271	58.5013	535.208	0	180	-100.329
464.313	58.58	535.281	0	180	-100.371
464.355	58.6588	535.354	0	180	-100.413
464.397	58.7375	535.427	0	180	-100.454
464.438	58.8162	535.5	0	180	-100.496
464.48	58.895	535.573	0	180	-100.538
464.522	58.9737	535.646	0	180	-100.58
464.564	59.0524	535.719	0	180	-100.622
464.606	59.1312	535.792	0	180	-100.664
464.648	59.2099	535.865	0	180	-100.705
464.69	59.2886	535.938	0	180	-100.747
464.731	59.3674	536.011	0	180	-100.789
464.773	59.4461	536.084	0	180	-100.831
464.815	59.5248	536.157	0	180	-100.873
464.857	59.6036	536.23	0	180	-100.915
464.899	59.6823	536.303	0	180	-100.956
464.941	59.761	536.376	0	180	-100.998
464.982	59.8398	536.449	0	180	-101.04
465.024	59.9185	536.522	0	180	-101.082
465.066	59.9972	536.595	0	180	-101.124
465.108	60.076	536.669	0	180	-101.166
465.15	60.1547	536.742	0	180	-101.207
465.192	60.2334	536.815	0	180	-101.249
465.234	60.3122	536.888	0	180	-101.291
465.275	60.3909	536.961	0	180	-101.333
465.317	60.4696	537.034	0	180	-101.375
465.359	60.5484	537.107	0	180	-101.417
465.401	60.6271	537.18	0	180	-101.458
465.443	60.7058	537.253	0	180	-101.5
465.485	60.7846	537.326	0	180	-101.542
465.526	60.8633	537.399	0	180	-101.584
465.568	60.942	537.472	0	180	-101.626
465.61	61.0208	537.545	0	180	-101.667
465.652	61.0995	537.618	0	180	-101.709
465.694	61.1782	537.691	0	180	-101.751
465.736	61.2569	537.764	0	180	-101.793
465.778	61.3357	537.837	0	180	-101.835
465.819	61.4144	537.91	0	180	-101.877
465.861	61.4931	537.983	0	180	-101.918
465.903	61.5719	538.056	0	180	-101.96
465.945	61.6506	538.129	0	180	-102.002
465.987	61.7293	538.202	0	180	-102.044
466.029	61.8081	538.275	0	180	-102.086
466.07	61.8868	538.348	0	180	-102.128
466.112	61.9655	538.421	0	180	-102.169
466.154	62.0443	538.494	0	180	-102.211
466.196	62.123	538.567	0	180	-102.253
466.238	62.2017	538.641	0	180	-102.295
466.28	62.2805	538.714	0	180	-102.337
466.322	62.3592	538.787	0	180	-102.379
466.363	62.4379	538.86	0	180	-102.42
466.405	62.5167	538.933	0	180	-102.462
466.447	62.5954	539.006	0	180	-102.504
466.489	62.6741	539.079	0	180	-102.546
466.531	62.7529	539.152	0	180	-102.588
466.573	62.8316	539.225	0	180	-102.63
466.614	62.9103	539.298	0	180	-102.671
466.656	62.9891	539.371	0	180	-102.713
466.698	63.0678	539.444	0	180	-102.755
466.74	63.1465	539.517	0	180	-102.797
466.782	63.2253	539.59	0	180	-102.839
466.824	63.304	539.663	0	180	-102.881
466.866	63.3827	539.736	0	180	-102.922
466.907	63.4615	539.809	0	180	-102.964
466.949	63.5402	539.882	0	180	-103.006
466.991	63.6189	539.955	0	180	-103.048
467.033	63.6977	540.028	0	180	-103.09
467.075	63.7764	540.101	0	180	-103.132
467.117	63.8551	540.174	0	180	-103.173
467.158	63.9339	540.247	0	180	-103.215
467.2	64.0126	540.32	0	180	-103.257
467.242	64.0913	540.393	0	180	-103.299
467.284	64.1701	540.466	0	180	-103.341
467.326	64.2488	540.539	0	180	-103.383
467.368	64.3275	540.613	0	180	-103.424
467.409	64.4063	540.686	0	180	-103.466
467.451	64.485	540.759	0	180	-103.508
467.493	64.5637	540.832	0	180	-103.55
467.535	64.6425	540.905	0	180	-103.592
467.577	64.7212	540.978	0	180	-103.634
467.619	64.7999	541.051	0	180	-103.675
467.661	64.8787	541.124	0	180	-103.717
467.702	64.9574	541.197	0	180	-103.759
467.744	65.0361	541.27	0	180	-103.801
467.786	65.1149	541.343	0	180	-103.843
467.828	65.1936	541.416	0	180	-103.885
467.87	65.2723	541.489	0	180	-103.926
467.912	65.3511	541.562	0	180	-103.968
467.953	65.4298	541.635	0	180	-104.01
467.995	65.5085	541.708	0	180	-104.052
468.037	65.5873	541.781	0	180	-104.094
468.079	65.666	541.854	0	180	-104.135
468.121	65.7447	541.927	0	180	-104.177
468.163	65.8235	542	0	180	-104.219
468.205	65.9022	542.073	0	180	-104.261
468.246	65.9809	542.146	0	180	-104.303
468.288	66.0597	542.219	0	180	-104.345
468.33	66.1384	542.292	0	180	-104.386
468.372	66.2171	542.365	0	180	-104.428
468.414	66.2959	542.438	0	180	-104.47
468.456	66.3746	542.512	0	180	-104.512
468.497	66.4533	542.585	0	180	-104.554
468.539	66.5321	542.658	0	180	-104.596
468.581	66.6108	542.731	0	180	-104.637
468.623	66.6895	542.804	0	180	-104.679
468.665	66.7683	542.877	0	180	-104.721
468.707	66.847	542.95	0	180	-104.763
468.749	66.9257	543.023	0	180	-104.805
468.79	67.0045	543.096	0	180	-104.847
468.832	67.0832	543.169	0	180	-104.888
468.874	67.1619	543.242	0	180	-104.93
468.916	67.2407	543.315	0	180	-104.972
468.958	67.3194	543.388	0	180	-105.014
469	67.3981	543.461	0	180	-105.056
469.041	67.4769	543.534	0	180	-105.098
469.083	67.5556	543.607	0	180	-105.139
469.125	67.6343	543.68	0	180	-105.181
469.167	67.7131	543.753	0	180	-105.223
469.209	67.7918	543.826	0	180	-105.265
469.251	67.8705	543.899	0	180	-105.307
469.293	67.9492	543.972	0	180	-105.349
469.334	68.028	544.045	0	180	-105.39
469.376	68.1067	544.118	0	180	-105.432
469.418	68.1854	544.191	0	180	-105.474
469.46	68.2642	544.262	0	180	-105.516
469.502	68.3429	544.332	0	180	-105.558
469.544	68.4216	544.402	0	180	-105.6
469.585	68.5004	544.47	0	180	-105.641
469.627	68.5791	544.538	0	180	-105.683
469.669	68.6578	544.604	0	180	-105.725
469.711	68.7366	544.669	0	180	-105.767
469.753	68.8153	544.734	0	180	-105.809
469.795	68.894	544.797	0	180	-105.851
469.837	68.9728	544.86	0	180	-105.892
469.878	69.0515	544.921	0	180	-105.934
469.92	69.1302	544.981	0	180	-105.976
469.962	69.209	545.041	0	180	-106.018
470.004	69.2877	545.099	0	180	-106.06
470.046	69.3664	545.157	0	180	-106.102
470.088	69.4452	545.213	0	180	-106.143
470.129	69.5239	545.268	0	180	-106.185
470.171	69.6026	545.323	0	180	-106.227
470.213	69.6814	545.376	0	180	-106.269
470.255	69.7601	545.429	0	180	-106.311
470.297	69.8388	545.48	0	180	-106.352
470.339	69.9176	545.53	0	180	-106.394
470.381	69.9963	545.58	0	180	-106.436
470.422	70.075	545.628	0	180	-106.478
470.464	70.1538	545.675	0	180	-106.52
470.506	70.2325	545.722	0	180	-106.562
470.548	70.3112	545.767	0	180	-106.603
470.59	70.39	545.812	0	180	-106.645
470.632	70.4687	545.855	0	180	-106.687
470.673	70.5474	545.897	0	180	-106.729
470.715	70.6262	545.939	0	180	-106.771
470.757	70.7049	545.979	0	180	-106.813
470.799	70.7836	546.019	0	180	-106.854
470.841	70.8624	546.057	0	180	-106.896
470.883	70.9411	546.094	0	180	-106.938
470.924	71.0198	546.131	0	180	-106.98
470.966	71.0986	546.166	0	180	-107.022
471.008	71.1773	546.201	0	180	-107.064
471.05	71.256	546.234	0	180	-107.105
471.092	71.3348	546.266	0	180	-107.147
471.134	71.4135	546.298	0	180	-107.189
471.176	71.4922	546.328	0	180	-107.231
471.217	71.571	546.357	0	180	-107.273
471.259	71.6497	546.386	0	180	-107.315
471.301	71.7284	546.413	0	180	-107.356
471.343	71.8072	546.44	0	180	-107.398
471.385	71.8859	546.465	0	180	-107.44
471.427	71.9646	546.489	0	180	-107.482
471.468	72.0434	546.513	0	180	-107.524
471.51	72.1221	546.535	0	180	-107.566
471.552	72.2008	546.557	0	180	-107.607
471.594	72.2796	546.577	0	180	-107.649
471.636	72.3583	546.596	0	180	-107.691
471.678	72.437	546.615	0	180	-107.733
471.72	72.5158	546.632	0	180	-107.775
471.761	72.5945	546.649	0	180	-107.817
471.803	72.6732	546.664	0	180	-107.858
471.845	72.752	546.678	0	180	-107.9
471.887	72.8307	546.692	0	180	-107.942
471.929	72.9094	546.704	0	180	-107.984
471.971	72.9882	546.715	0	180	-108.026
472.012	73.0669	546.726	0	180	-108.068
472.054	73.1456	546.735	0	180	-108.109
472.096	73.2244	546.744	0	180	-108.151
472.138	73.3031	546.751	0	180	-108.193
472.18	73.3818	546.757	0	180	-108.235
472.222	73.4606	546.763	0	180	-108.277
472.264	73.5393	546.767	0	180	-108.319
472.305	73.618	546.771	0	180	-108.36
472.347	73.6968	546.773	0	180	-108.402
472.389	73.7755	546.774	0	180	-108.444
472.431	73.8542	546.775	0	180	-108.486
472.473	73.933	546.774	0	180	-108.526
472.515	74.0117	546.773	0	180	-108.566
472.556	74.0904	546.77	0	180	-108.605
472.598	74.1692	546.766	0	180	-108.643
472.64	74.2479	546.762	0	180	-108.679
472.682	74.3261	546.756	0	180	-108.715
472.723	74.4033	546.749	0	180	-108.75
472.764	74.4795	546.742	0	180	-108.783
472.803	74.5547	546.733	0	180	-108.816
472.842	74.6289	546.724	0	180	-108.848
472.88	74.7025	546.713	0	180	-108.879
472.919	74.7761	546.701	0	180	-108.908
472.958	74.8498	546.689	0	180	-108.937
472.996	74.9234	546.675	0	180	-108.965
473.035	74.997	546.661	0	180	-108.991
473.074	75.0706	546.645	0	180	-109.017
473.113	75.1442	546.628	0	180	-109.043
473.151	75.2178	546.611	0	180	-109.068
473.19	75.2914	546.592	0	180	-109.094
473.229	75.3651	546.573	0	180	-109.119
473.267	75.4387	546.552	0	180	-109.145
473.306	75.5123	546.53	0	180	-109.171
473.345	75.5859	546.508	0	180	-109.196
473.383	75.6595	546.484	0	180	-109.222
473.422	75.7331	546.46	0	180	-109.247
473.461	75.8067	546.434	0	180	-109.273
473.5	75.8804	546.407	0	180	-109.298
473.538	75.954	546.38	0	180	-109.324
473.577	76.0276	546.351	0	180	-109.349
473.616	76.1012	546.321	0	180	-109.375
473.654	76.1748	546.291	0	180	-109.401
473.693	76.2484	546.259	0	180	-109.426
473.732	76.322	546.227	0	180	-109.452
473.77	76.3957	546.193	0	180	-109.477
473.809	76.4693	546.158	0	180	-109.503
473.848	76.5429	546.123	0	180	-109.528
473.887	76.6165	546.086	0	180	-109.554
473.925	76.6901	546.049	0	180	-109.579
473.964	76.7637	546.01	0	180	-109.605
474.003	76.8374	545.97	0	180	-109.631
474.041	76.911	545.93	0	180	-109.656
474.08	76.9846	545.888	0	180	-109.682
474.119	77.0582	545.846	0	180	-109.707
474.158	77.1318	545.802	0	180	-109.733
474.196	77.2054	545.757	0	180	-109.758
474.235	77.279	545.712	0	180	-109.784
474.274	77.3527	545.665	0	180	-109.809
474.312	77.4263	545.617	0	180	-109.835
474.351	77.4999	545.569	0	180	-109.861
474.39	77.5735	545.519	0	180	-109.886
474.428	77.6471	545.469	0	180	-109.912
474.467	77.7207	545.417	0	180	-109.937
474.506	77.7943	545.364	0	180	-109.963
474.545	77.868	545.311	0	180	-109.988
474.583	77.9416	545.256	0	180	-110.014
474.622	78.0152	545.201	0	180	-110.039
474.661	78.0888	545.144	0	180	-110.065
474.699	78.1624	545.086	0	180	-110.091
474.738	78.236	545.028	0	180	-110.116
474.777	78.3097	544.968	0	180	-110.142
474.815	78.3833	544.908	0	180	-110.167
474.854	78.4569	544.846	0	180	-110.193
474.893	78.5305	544.783	0	180	-110.218
474.932	78.6041	544.72	0	180	-110.244
474.97	78.6777	544.655	0	180	-110.269
475.009	78.7513	544.589	0	180	-110.295
475.048	78.825	544.523	0	180	-110.321
475.086	78.8986	544.455	0	180	-110.346
475.125	78.9722	544.387	0	180	-110.372
475.164	79.0458	544.317	0	180	-110.397
475.203	79.1194	544.246	0	180	-110.423
475.241	79.193	544.175	0	180	-110.448
475.28	79.2666	544.102	0	180	-110.474
475.319	79.3403	544.029	0	180	-110.499
475.357	79.4139	543.954	0	180	-110.525
475.396	79.4875	543.878	0	180	-110.551
475.435	79.5611	543.802	0	180	-110.576
475.473	79.6347	543.724	0	180	-110.602
475.512	79.7083	543.646	0	180	-110.627
475.551	79.7819	543.566	0	180	-110.653
475.59	79.8556	543.485	0	180	-110.678
475.628	79.9292	543.404	0	180	-110.704
475.667	80.0028	543.321	0	180	-110.729
475.706	80.0764	543.237	0	180	-110.755
475.744	80.15	543.153	0	180	-110.781
475.783	80.2236	543.067	0	180	-110.806
475.822	80.2973	542.981	0	180	-110.832
475.86	80.3709	542.893	0	180	-110.857
475.899	80.4445	542.805	0	180	-110.883
475.938	80.5181	542.716	0	180	-110.908
475.977	80.5917	542.628	0	180	-110.934
476.015	80.6653	542.54	0	180	-110.959
476.054	80.7389	542.451	0	180	-110.985
476.093	80.8126	542.363	0	180	-111.011
476.131	80.8862	542.275	0	180	-111.036
476.17	80.9598	542.187	0	180	-111.062
476.209	81.0334	542.098	0	180	-111.087
476.248	81.107	542.01	0	180	-111.113
476.286	81.1806	541.922	0	180	-111.138
476.325	81.2542	541.833	0	180	-111.164
476.364	81.3279	541.745	0	180	-111.189
476.402	81.4015	541.657	0	180	-111.215
476.441	81.4751	541.568	0	180	-111.241
476.48	81.5487	541.48	0	180	-111.266
476.518	81.6223	541.392	0	180	-111.292
476.557	81.6959	541.303	0	180	-111.317
476.596	81.7696	541.215	0	180	-111.343
476.635	81.8432	541.127	0	180	-111.368
476.673	81.9168	541.038	0	180	-111.394
476.712	81.9904	540.95	0	180	-111.419
476.751	82.064	540.862	0	180	-111.445
476.789	82.1376	540.773	0	180	-111.471
476.828	82.2112	540.685	0	180	-111.496
476.867	82.2849	540.597	0	180	-111.522
476.905	82.3585	540.509	0	180	-111.547
476.944	82.4321	540.42	0	180	-111.573
476.983	82.5057	540.332	0	180	-111.598
477.022	82.5793	540.244	0	180	-111.624
477.06	82.6529	540.155	0	180	-111.649
477.099	82.7265	540.067	0	180	-111.675
477.138	82.8002	539.979	0	180	-111.7
477.176	82.8738	539.89	0	180	-111.726
477.215	82.9474	539.802	0	180	-111.752
477.254	83.021	539.714	0	180	-111.777
477.292	83.0946	539.625	0	180	-111.803
477.331	83.1682	539.537	0	180	-111.828
477.37	83.2418	539.449	0	180	-111.854
477.409	83.3155	539.36	0	180	-111.879
477.447	83.3891	539.272	0	180	-111.905
477.486	83.4627	539.184	0	180	-111.93
477.525	83.5363	539.095	0	180	-111.956
477.563	83.6099	539.007	0	180	-111.982
477.602	83.6835	538.919	0	180	-112.007
477.641	83.7572	538.83	0	180	-112.033
477.68	83.8308	538.742	0	180	-112.058
477.718	83.9044	538.654	0	180	-112.084
477.757	83.978	538.566	0	180	-112.109
477.796	84.0516	538.477	0	180	-112.135
477.834	84.1252	538.389	0	180	-112.16
477.873	84.1988	538.301	0	180	-112.186
477.912	84.2725	538.212	0	180	-112.212
477.95	84.3461	538.124	0	180	-112.237
477.989	84.4197	538.036	0	180	-112.263
478.028	84.4933	537.947	0	180	-112.288
478.067	84.5669	537.859	0	180	-112.314
478.105	84.6405	537.771	0	180	-112.339
478.144	84.7141	537.682	0	180	-112.365
478.183	84.7878	537.594	0	180	-112.39
478.221	84.8614	537.506	0	180	-112.416
478.26	84.935	537.417	0	180	-112.442
478.299	85.0086	537.329	0	180	-112.467
478.337	85.0822	537.241	0	180	-112.493
478.376	85.1558	537.152	0	180	-112.518
478.415	85.2295	537.064	0	180	-112.544
478.454	85.3031	536.976	0	180	-112.569
478.492	85.3767	536.888	0	180	-112.595
478.531	85.4503	536.799	0	180	-112.62
478.57	85.5239	536.711	0	180	-112.646
478.608	85.5975	536.623	0	180	-112.672
478.647	85.6711	536.534	0	180	-112.697
478.686	85.7448	536.446	0	180	-112.723
478.725	85.8184	536.358	0	180	-112.748
478.763	85.892	536.269	0	180	-112.774
478.802	85.9656	536.181	0	180	-112.799
478.841	86.0392	536.093	0	180	-112.825
478.879	86.1128	536.004	0	180	-112.85
478.918	86.1864	535.916	0	180	-112.876
478.957	86.2601	535.828	0	180	-112.902
478.995	86.3337	535.739	0	180	-112.927
479.034	86.4073	535.651	0	180	-112.953
479.073	86.4809	535.563	0	180	-112.978
479.112	86.5545	535.474	0	180	-113.004
479.15	86.6281	535.386	0	180	-113.029
479.189	86.7017	535.298	0	180	-113.055
479.228	86.7754	535.21	0	180	-113.08
479.266	86.849	535.121	0	180	-113.106
479.305	86.9226	535.033	0	180	-113.132
479.344	86.9962	534.945	0	180	-113.157
479.382	87.0698	534.856	0	180	-113.183
479.421	87.1434	534.768	0	180	-113.208
479.46	87.2171	534.68	0	180	-113.234
479.499	87.2907	534.591	0	180	-113.259
479.537	87.3643	534.503	0	180	-113.285
479.576	87.4379	534.415	0	180	-113.31
479.615	87.5115	534.326	0	180	-113.336
479.653	87.5851	534.238	0	180	-113.362
479.692	87.6587	534.15	0	180	-113.387
479.731	87.7324	534.061	0	180	-113.413
479.77	87.806	533.973	0	180	-113.438
479.808	87.8796	533.885	0	180	-113.464
479.847	87.9532	533.796	0	180	-113.489
479.886	88.0268	533.708	0	180	-113.515
479.924	88.1004	533.62	0	180	-113.54
479.963	88.174	533.531	0	180	-113.566
480.002	88.2477	533.443	0	180	-113.592
480.04	88.3213	533.355	0	180	-113.617
480.079	88.3949	533.267	0	180	-113.643
480.118	88.4685	533.178	0	180	-113.668
480.157	88.5421	533.09	0	180	-113.694
480.195	88.6157	533.002	0	180	-113.719
480.234	88.6894	532.913	0	180	-113.745
480.273	88.763	532.825	0	180	-113.77
480.311	88.8366	532.737	0	180	-113.796
480.35	88.9102	532.648	0	180	-113.822
480.389	88.9838	532.56	0	180	-113.847
480.427	89.0574	532.472	0	180	-113.873
480.466	89.131	532.383	0	180	-113.898
480.505	89.2047	532.295	0	180	-113.924
480.544	89.2783	532.207	0	180	-113.949
480.582	89.3519	532.118	0	180	-113.975
480.621	89.4255	532.03	0	180	-114
480.66	89.4991	531.942	0	180	-114.026
480.698	89.5727	531.853	0	180	-114.052
480.737	89.6463	531.765	0	180	-114.077
480.776	89.72	531.677	0	180	-114.103
480.814	89.7936	531.589	0	180	-114.128
480.853	89.8672	531.5	0	180	-114.154
480.892	89.9408	531.412	0	180	-114.179
480.931	90.0144	531.324	0	180	-114.205
480.969	90.088	531.235	0	180	-114.23
481.008	90.1616	531.147	0	180	-114.256
481.047	90.2353	531.059	0	180	-114.282
481.085	90.3089	530.97	0	180	-114.307
481.124	90.3825	530.882	0	180	-114.333
481.163	90.4561	530.794	0	180	-114.358
481.202	90.5297	530.705	0	180	-114.384
481.24	90.6033	530.617	0	180	-114.409
481.279	90.677	530.529	0	180	-114.435
481.318	90.7506	530.44	0	180	-114.46
481.356	90.8242	530.352	0	180	-114.486
481.395	90.8978	530.264	0	180	-114.511
481.434	90.9714	530.175	0	180	-114.537
481.472	91.045	530.087	0	180	-114.563
481.511	91.1186	529.999	0	180	-114.588
481.55	91.1923	529.91	0	180	-114.614
481.589	91.2659	529.822	0	180	-114.639
481.627	91.3395	529.734	0	180	-114.665
481.666	91.4131	529.646	0	180	-114.69
481.705	91.4867	529.557	0	180	-114.716
481.743	91.5603	529.469	0	180	-114.741
481.782	91.6339	529.381	0	180	-114.767
481.821	91.7076	529.292	0	180	-114.793
481.859	91.7812	529.204	0	180	-114.818
481.898	91.8548	529.116	0	180	-114.844
481.937	91.9284	529.027	0	180	-114.869
481.976	92.002	528.939	0	180	-114.895
482.014	92.0756	528.851	0	180	-114.92
482.053	92.1493	528.762	0	180	-114.946
482.092	92.2229	528.674	0	180	-114.971
482.13	92.2965	528.586	0	180	-114.997
482.169	92.3701	528.497	0	180	-115.023
482.208	92.4437	528.409	0	180	-115.048
482.247	92.5173	528.321	0	180	-115.074
482.285	92.5909	528.232	0	180	-115.099
482.324	92.6646	528.144	0	180	-115.125
482.363	92.7382	528.056	0	180	-115.15
482.401	92.8118	527.968	0	180	-115.176
482.44	92.8854	527.879	0	180	-115.201
482.479	92.959	527.791	0	180	-115.227
482.517	93.0326	527.703	0	180	-115.253
482.556	93.1062	527.614	0	180	-115.278
482.595	93.1799	527.526	0	180	-115.304
482.634	93.2535	527.438	0	180	-115.329
482.672	93.3271	527.349	0	180	-115.355
482.711	93.4007	527.261	0	180	-115.38
482.75	93.4743	527.173	0	180	-115.406
482.788	93.5479	527.084	0	180	-115.431
482.827	93.6215	526.996	0	180	-115.457
482.866	93.6952	526.908	0	180	-115.483
482.904	93.7688	526.819	0	180	-115.508
482.943	93.8424	526.731	0	180	-115.534
482.982	93.916	526.643	0	180	-115.559
483.021	93.9896	526.554	0	180	-115.585
483.059	94.0632	526.466	0	180	-115.61
483.098	94.1369	526.378	0	180	-115.636
483.137	94.2105	526.289	0	180	-115.661
483.175	94.2841	526.201	0	180	-115.687
483.214	94.3577	526.113	0	180	-115.713
483.253	94.4313	526.025	0	180	-115.738
483.292	94.5049	525.936	0	180	-115.764
483.33	94.5785	525.848	0	180	-115.789
483.369	94.6522	525.76	0	180	-115.815
483.408	94.7258	525.671	0	180	-115.84
483.446	94.7994	525.583	0	180	-115.866
483.485	94.873	525.495	0	180	-115.891
483.524	94.9466	525.406	0	180	-115.917
483.562	95.0202	525.318	0	180	-115.943
483.601	95.0938	525.23	0	180	-115.968
483.64	95.1675	525.141	0	180	-115.994
483.679	95.2411	525.053	0	180	-116.019
483.717	95.3147	524.965	0	180	-116.045
483.756	95.3883	524.876	0	180	-116.07
483.795	95.4619	524.788	0	180	-116.096
483.833	95.5355	524.7	0	180	-116.121
483.872	95.6092	524.611	0	180	-116.147
483.911	95.6828	524.523	0	180	-116.173
483.949	95.7564	524.435	0	180	-116.198
483.988	95.83	524.347	0	180	-116.224
484.027	95.9036	524.258	0	180	-116.249
484.066	95.9772	524.17	0	180	-116.275
484.104	96.0508	524.082	0	180	-116.3
484.143	96.1245	523.993	0	180	-116.326
484.182	96.1981	523.905	0	180	-116.351
484.22	96.2717	523.817	0	180	-116.377
484.259	96.3453	523.728	0	180	-116.403
484.298	96.4189	523.64	0	180	-116.428
484.336	96.4925	523.552	0	180	-116.454
484.375	96.5661	523.463	0	180	-116.479
484.414	96.6398	523.375	0	180	-116.505
484.453	96.7134	523.287	0	180	-116.53
484.491	96.787	523.198	0	180	-116.556
484.53	96.8606	523.11	0	180	-116.581
484.569	96.9342	523.022	0	180	-116.607
484.607	97.0078	522.933	0	180	-116.633
484.646	97.0814	522.845	0	180	-116.658
484.685	97.1551	522.757	0	180	-116.684
484.724	97.2287	522.668	0	180	-116.709
484.762	97.3023	522.58	0	180	-116.735
484.801	97.3759	522.492	0	180	-116.76
484.84	97.4495	522.404	0	180	-116.786
484.878	97.5231	522.315	0	180	-116.811
484.917	97.5968	522.227	0	180	-116.837
484.956	97.6704	522.139	0	180	-116.863
484.994	97.744	522.05	0	180	-116.888
485.033	97.8176	521.962	0	180	-116.914
485.072	97.8912	521.874	0	180	-116.939
485.111	97.9648	521.785	0	180	-116.965
485.149	98.0384	521.697	0	180	-116.99
485.188	98.1121	521.609	0	180	-117.016
485.227	98.1857	521.52	0	180	-117.041
485.265	98.2593	521.432	0	180	-117.067
485.304	98.3329	521.344	0	180	-117.093
485.343	98.4065	521.255	0	180	-117.118
485.381	98.4801	521.167	0	180	-117.144
485.42	98.5537	521.079	0	180	-117.169
485.459	98.6274	520.99	0	180	-117.195
485.498	98.701	520.902	0	180	-117.22
485.536	98.7746	520.814	0	180	-117.246
485.575	98.8482	520.726	0	180	-117.271
485.614	98.9218	520.637	0	180	-117.297
485.652	98.9954	520.549	0	180	-117.322
485.691	99.0691	520.461	0	180	-117.348
485.73	99.1427	520.372	0	180	-117.374
485.769	99.2163	520.284	0	180	-117.399
485.807	99.2899	520.196	0	180	-117.425
485.846	99.3635	520.107	0	180	-117.45
485.885	99.4371	520.019	0	180	-117.476
485.923	99.5107	519.931	0	180	-117.501
485.962	99.5844	519.842	0	180	-117.527
486.001	99.658	519.754	0	180	-117.552
486.039	99.7316	519.666	0	180	-117.578
486.078	99.8052	519.577	0	180	-117.604
486.117	99.8788	519.489	0	180	-117.629
486.156	99.9524	519.401	0	180	-117.655
486.194	100.026	519.312	0	180	-117.68
486.233	100.1	519.224	0	180	-117.706
486.272	100.173	519.136	0	180	-117.731
486.31	100.247	519.047	0	180	-117.757
486.349	100.321	518.959	0	180	-117.782
486.388	100.394	518.871	0	180	-117.808
486.426	100.468	518.783	0	180	-117.834
486.465	100.541	518.694	0	180	-117.859
486.504	100.615	518.606	0	180	-117.885
486.543	100.689	518.518	0	180	-117.91
486.581	100.762	518.429	0	180	-117.936
486.62	100.836	518.341	0	180	-117.961
486.659	100.909	518.253	0	180	-117.987
486.697	100.983	518.164	0	180	-118.012
486.736	101.057	518.076	0	180	-118.038
486.775	101.13	517.988	0	180	-118.064
486.814	101.204	517.899	0	180	-118.089
486.852	101.277	517.811	0	180	-118.115
486.891	101.351	517.723	0	180	-118.14
486.93	101.425	517.634	0	180	-118.166
486.968	101.498	517.546	0	180	-118.191
487.007	101.572	517.458	0	180	-118.217
487.046	101.646	517.369	0	180	-118.242
487.084	101.719	517.281	0	180	-118.268
487.123	101.793	517.193	0	180	-118.294
487.162	101.866	517.105	0	180	-118.319
487.201	101.94	517.016	0	180	-118.345
487.239	102.014	516.928	0	180	-118.37
487.278	102.087	516.84	0	180	-118.396
487.317	102.161	516.751	0	180	-118.421
487.355	102.234	516.663	0	180	-118.447
487.394	102.308	516.575	0	180	-118.472
487.433	102.382	516.486	0	180	-118.498
487.471	102.455	516.398	0	180	-118.524
487.51	102.529	516.31	0	180	-118.549
487.549	102.603	516.221	0	180	-118.575
487.588	102.676	516.133	0	180	-118.6
487.626	102.75	516.045	0	180	-118.626
487.665	102.823	515.956	0	180	-118.651
487.704	102.897	515.868	0	180	-118.677
487.742	102.971	515.78	0	180	-118.702
487.781	103.044	515.691	0	180	-118.728
487.82	103.118	515.603	0	180	-118.754
487.858	103.191	515.515	0	180	-118.779
487.897	103.265	515.426	0	180	-118.805
487.936	103.339	515.338	0	180	-118.83
487.975	103.412	515.25	0	180	-118.856
488.013	103.486	515.162	0	180	-118.881
488.052	103.56	515.073	0	180	-118.907
488.091	103.633	514.985	0	180	-118.932
488.129	103.707	514.897	0	180	-118.958
488.168	103.78	514.808	0	180	-118.984
488.207	103.854	514.72	0	180	-119.009
488.246	103.928	514.632	0	180	-119.035
488.284	104.001	514.543	0	180	-119.06
488.323	104.075	514.455	0	180	-119.086
488.362	104.148	514.367	0	180	-119.111
488.4	104.222	514.278	0	180	-119.137
488.439	104.296	514.19	0	180	-119.162
488.478	104.369	514.102	0	180	-119.188
488.516	104.443	514.013	0	180	-119.214
488.555	104.517	513.925	0	180	-119.239
488.594	104.59	513.837	0	180	-119.265
488.633	104.664	513.748	0	180	-119.29
488.671	104.737	513.66	0	180	-119.316
488.71	104.811	513.572	0	180	-119.341
488.749	104.885	513.484	0	180	-119.367
488.787	104.958	513.395	0	180	-119.392
488.826	105.032	513.307	0	180	-119.418
488.865	105.105	513.219	0	180	-119.444
488.903	105.179	513.13	0	180	-119.469
488.942	105.253	513.042	0	180	-119.495
488.981	105.326	512.954	0	180	-119.52
489.02	105.4	512.865	0	180	-119.546
489.058	105.474	512.777	0	180	-119.571
489.097	105.547	512.689	0	180	-119.597
489.136	105.621	512.6	0	180	-119.622
489.174	105.694	512.512	0	180	-119.648
489.213	105.768	512.424	0	180	-119.674
489.252	105.842	512.335	0	180	-119.699
489.291	105.915	512.247	0	180	-119.725
489.329	105.989	512.159	0	180	-119.75
489.368	106.062	512.07	0	180	-119.776
489.407	106.136	511.982	0	180	-119.801
489.445	106.21	511.894	0	180	-119.827
489.484	106.283	511.805	0	180	-119.852
489.523	106.357	511.717	0	180	-119.878
489.561	106.431	511.629	0	180	-119.904
489.6	106.504	511.541	0	180	-119.929
489.639	106.578	511.452	0	180	-119.955
489.678	106.651	511.364	0	180	-119.98
489.716	106.725	511.276	0	180	-120.006
489.755	106.799	511.187	0	180	-120.031
489.794	106.872	511.099	0	180	-120.057
489.832	106.946	511.011	0	180	-120.082
489.871	107.019	510.922	0	180	-120.108
489.91	107.093	510.834	0	180	-120.133
489.948	107.167	510.746	0	180	-120.159
489.987	107.24	510.657	0	180	-120.185
490.026	107.314	510.569	0	180	-120.21
490.065	107.388	510.481	0	180	-120.236
490.103	107.461	510.392	0	180	-120.261
490.142	107.535	510.304	0	180	-120.287
490.181	107.608	510.216	0	180	-120.312
490.219	107.682	510.127	0	180	-120.338
490.258	107.756	510.039	0	180	-120.363
490.297	107.829	509.951	0	180	-120.389
490.336	107.903	509.863	0	180	-120.415
490.374	107.976	509.774	0	180	-120.44
490.413	108.05	509.686	0	180	-120.466
490.452	108.124	509.598	0	180	-120.491
490.49	108.197	509.509	0	180	-120.517
490.529	108.271	509.421	0	180	-120.542
490.568	108.345	509.333	0	180	-120.568
490.606	108.418	509.244	0	180	-120.593
490.645	108.492	509.156	0	180	-120.619
490.684	108.565	509.068	0	180	-120.645
490.723	108.639	508.979	0	180	-120.67
490.761	108.713	508.891	0	180	-120.696
490.8	108.786	508.803	0	180	-120.721
490.839	108.86	508.714	0	180	-120.747
490.877	108.933	508.626	0	180	-120.772
490.916	109.007	508.538	0	180	-120.798
490.955	109.081	508.449	0	180	-120.823
490.993	109.154	508.361	0	180	-120.849
491.032	109.228	508.273	0	180	-120.875
491.071	109.302	508.184	0	180	-120.9
491.11	109.375	508.096	0	180	-120.926
491.148	109.449	508.008	0	180	-120.951
491.187	109.522	507.92	0	180	-120.977
491.226	109.596	507.831	0	180	-121.002
491.264	109.67	507.743	0	180	-121.028
491.303	109.743	507.655	0	180	-121.053
491.342	109.817	507.566	0	180	-121.079
491.38	109.89	507.478	0	180	-121.105
491.419	109.964	507.39	0	180	-121.13
491.458	110.038	507.301	0	180	-121.156
491.497	110.111	507.213	0	180	-121.181
491.535	110.185	507.125	0	180	-121.207
491.574	110.259	507.036	0	180	-121.232
491.613	110.332	506.948	0	180	-121.258
491.651	110.406	506.86	0	180	-121.283
491.69	110.479	506.771	0	180	-121.309
491.729	110.553	506.683	0	180	-121.335
491.768	110.627	506.595	0	180	-121.36
491.806	110.7	506.506	0	180	-121.386
491.845	110.774	506.418	0	180	-121.411
491.884	110.847	506.33	0	180	-121.437
491.922	110.921	506.242	0	180	-121.462
491.961	110.995	506.153	0	180	-121.488
492	111.068	506.065	0	180	-121.513
492.038	111.142	505.977	0	180	-121.539
492.077	111.216	505.888	0	180	-121.565
492.116	111.289	505.8	0	180	-121.59
492.155	111.363	505.712	0	180	-121.616
492.193	111.436	505.623	0	180	-121.641
492.232	111.51	505.535	0	180	-121.667
492.271	111.584	505.447	0	180	-121.692
492.309	111.657	505.358	0	180	-121.718
492.348	111.731	505.27	0	180	-121.743
492.387	111.804	505.182	0	180	-121.769
492.425	111.878	505.093	0	180	-121.795
492.464	111.952	505.005	0	180	-121.82
492.503	112.025	504.917	0	180	-121.846
492.542	112.099	504.828	0	180	-121.871
492.58	112.173	504.74	0	180	-121.897
492.619	112.246	504.652	0	180	-121.922
492.658	112.32	504.564	0	180	-121.948
492.696	112.393	504.475	0	180	-121.973
492.735	112.467	504.387	0	180	-121.999
492.774	112.541	504.299	0	180	-122.025
492.813	112.614	504.21	0	180	-122.05
492.851	112.688	504.122	0	180	-122.076
492.89	112.761	504.034	0	180	-122.101
492.929	112.835	503.945	0	180	-122.127
492.967	112.909	503.857	0	180	-122.152
493.006	112.982	503.769	0	180	-122.178
493.045	113.056	503.68	0	180	-122.203
493.083	113.129	503.592	0	180	-122.229
493.122	113.203	503.504	0	180	-122.255
493.161	113.277	503.415	0	180	-122.28
493.2	113.35	503.327	0	180	-122.306
493.238	113.424	503.239	0	180	-122.331
493.277	113.498	503.15	0	180	-122.357
493.316	113.571	503.062	0	180	-122.382
493.354	113.645	502.974	0	180	-122.408
493.393	113.718	502.885	0	180	-122.433
493.432	113.792	502.797	0	180	-122.459
493.47	113.866	502.709	0	180	-122.485
493.509	113.939	502.621	0	180	-122.51
493.548	114.013	502.532	0	180	-122.536
493.587	114.086	502.444	0	180	-122.561
493.625	114.16	502.356	0	180	-122.587
493.664	114.234	502.267	0	180	-122.612
493.703	114.307	502.179	0	180	-122.638
493.741	114.381	502.091	0	180	-122.663
493.78	114.455	502.002	0	180	-122.689
493.819	114.528	501.914	0	180	-122.715
493.858	114.602	501.826	0	180	-122.74
493.896	114.675	501.737	0	180	-122.766
493.935	114.749	501.649	0	180	-122.791
493.974	114.823	501.561	0	180	-122.817
494.012	114.896	501.472	0	180	-122.842
494.051	114.97	501.384	0	180	-122.868
494.09	115.043	501.296	0	180	-122.893
494.128	115.117	501.207	0	180	-122.919
494.167	115.191	501.119	0	180	-122.944
494.206	115.264	501.031	0	180	-122.97
494.245	115.338	500.943	0	180	-122.996
494.283	115.412	500.854	0	180	-123.021
494.322	115.485	500.766	0	180	-123.047
494.361	115.559	500.678	0	180	-123.072
494.399	115.632	500.589	0	180	-123.098
494.438	115.706	500.501	0	180	-123.123
494.477	115.78	500.413	0	180	-123.149
494.515	115.853	500.324	0	180	-123.174
494.554	115.927	500.236	0	180	-123.2
494.593	116	500.148	0	180	-123.226
494.632	116.074	500.059	0	180	-123.251
494.67	116.148	499.971	0	180	-123.277
494.709	116.221	499.883	0	180	-123.302
494.748	116.295	499.794	0	180	-123.328
494.786	116.369	499.706	0	180	-123.353
494.825	116.442	499.618	0	180	-123.379
494.864	116.516	499.529	0	180	-123.404
494.902	116.589	499.441	0	180	-123.43
494.941	116.663	499.353	0	180	-123.456
494.98	116.737	499.264	0	180	-123.481
495.019	116.81	499.176	0	180	-123.507
495.057	116.884	499.088	0	180	-123.532
495.096	116.957	499	0	180	-123.558
495.135	117.031	498.911	0	180	-123.583
495.173	117.105	498.823	0	180	-123.609
495.212	117.178	498.735	0	180	-123.634
495.251	117.252	498.646	0	180	-123.66
495.29	117.326	498.558	0	180	-123.686
495.328	117.399	498.47	0	180	-123.711
495.367	117.473	498.381	0	180	-123.737
495.406	117.546	498.293	0	180	-123.762
495.444	117.62	498.205	0	180	-123.788
495.483	117.694	498.116	0	180	-123.813
495.522	117.767	498.028	0	180	-123.839
495.56	117.841	497.94	0	180	-123.864
495.599	117.914	497.851	0	180	-123.89
495.638	117.988	497.763	0	180	-123.916
495.677	118.062	497.675	0	180	-123.941
495.715	118.135	497.586	0	180	-123.967
495.754	118.209	497.498	0	180	-123.992
495.793	118.283	497.41	0	180	-124.018
495.831	118.356	497.322	0	180	-124.043
495.87	118.43	497.233	0	180	-124.069
495.909	118.503	497.145	0	180	-124.094
495.947	118.577	497.057	0	180	-124.12
495.986	118.651	496.968	0	180	-124.146
496.025	118.724	496.88	0	180	-124.171
496.064	118.798	496.792	0	180	-124.197
496.102	118.871	496.703	0	180	-124.222
496.141	118.945	496.615	0	180	-124.248
496.18	119.019	496.527	0	180	-124.273
496.218	119.092	496.438	0	180	-124.299
496.257	119.166	496.35	0	180	-124.324
496.296	119.24	496.262	0	180	-124.35
496.335	119.313	496.173	0	180	-124.376
496.373	119.387	496.085	0	180	-124.401
496.412	119.46	495.997	0	180	-124.427
496.451	119.534	495.908	0	180	-124.452
496.489	119.608	495.82	0	180	-124.478
496.528	119.681	495.732	0	180	-124.503
496.567	119.755	495.643	0	180	-124.529
496.605	119.828	495.555	0	180	-124.554
496.644	119.902	495.467	0	180	-124.58
496.683	119.976	495.379	0	180	-124.606
496.722	120.049	495.29	0	180	-124.631
496.76	120.123	495.202	0	180	-124.657
496.799	120.197	495.114	0	180	-124.682
496.838	120.27	495.025	0	180	-124.708
496.876	120.344	494.937	0	180	-124.733
496.915	120.417	494.849	0	180	-124.759
496.954	120.491	494.76	0	180	-124.784
496.992	120.565	494.672	0	180	-124.81
497.031	120.638	494.584	0	180	-124.836
497.07	120.712	494.495	0	180	-124.861
497.109	120.785	494.407	0	180	-124.887
497.147	120.859	494.319	0	180	-124.912
497.186	120.933	494.23	0	180	-124.938
497.225	121.006	494.142	0	180	-124.963
497.263	121.08	494.054	0	180	-124.989
497.302	121.154	493.965	0	180	-125.014
497.341	121.227	493.877	0	180	-125.04
497.38	121.301	493.79	0	180	-125.066
497.418	121.374	493.703	0	180	-125.091
497.457	121.448	493.618	0	180	-125.117
497.496	121.522	493.533	0	180	-125.142
497.534	121.595	493.449	0	180	-125.168
497.573	121.669	493.367	0	180	-125.193
497.612	121.742	493.285	0	180	-125.219
497.65	121.816	493.205	0	180	-125.244
497.689	121.89	493.125	0	180	-125.27
497.728	121.963	493.047	0	180	-125.296
497.767	122.037	492.969	0	180	-125.321
497.805	122.111	492.892	0	180	-125.347
497.844	122.184	492.817	0	180	-125.372
497.883	122.258	492.742	0	180	-125.398
497.921	122.331	492.669	0	180	-125.423
497.96	122.404	492.596	0	180	-125.449
497.999	122.475	492.525	0	180	-125.474
498.037	122.546	492.454	0	180	-125.5
498.076	122.615	492.385	0	180	-125.526
498.115	122.684	492.316	0	180	-125.551
498.154	122.752	492.248	0	180	-125.577
498.192	122.818	492.182	0	180	-125.602
498.231	122.884	492.116	0	180	-125.628
498.27	122.948	492.052	0	180	-125.653
498.308	123.012	491.988	0	180	-125.679
498.347	123.074	491.926	0	180	-125.704
498.386	123.136	491.864	0	180	-125.73
498.424	123.196	491.804	0	180	-125.755
498.463	123.256	491.744	0	180	-125.781
498.502	123.315	491.685	0	180	-125.807
498.541	123.372	491.628	0	180	-125.832
498.579	123.429	491.571	0	180	-125.858
498.618	123.484	491.516	0	180	-125.883
498.657	123.539	491.461	0	180	-125.909
498.695	123.592	491.408	0	180	-125.934
498.734	123.645	491.355	0	180	-125.96
498.773	123.696	491.304	0	180	-125.985
498.812	123.747	491.253	0	180	-126.011
498.85	123.797	491.203	0	180	-126.037
498.889	123.845	491.155	0	180	-126.062
498.928	123.893	491.107	0	180	-126.088
498.966	123.939	491.061	0	180	-126.113
499.005	123.985	491.015	0	180	-126.139
499.044	124.029	490.971	0	180	-126.164
499.082	124.073	490.927	0	180	-126.19
499.121	124.116	490.884	0	180	-126.215
499.16	124.157	490.843	0	180	-126.241
499.199	124.198	490.802	0	180	-126.267
499.237	124.237	490.763	0	180	-126.292
499.276	124.276	490.724	0	180	-126.318
499.313	124.313	490.687	0	180	-126.343
499.35	124.35	490.65	0	180	-126.369
499.385	124.385	490.615	0	180	-126.394
499.42	124.42	490.58	0	180	-126.42
499.454	124.454	490.546	0	180	-126.445
499.486	124.486	490.514	0	180	-126.471
499.518	124.518	490.482	0	180	-126.497
499.548	124.548	490.452	0	180	-126.522
499.578	124.578	490.422	0	180	-126.548
499.606	124.606	490.394	0	180	-126.573
499.634	124.634	490.366	0	180	-126.599
499.66	124.66	490.34	0	180	-126.624
499.686	124.686	490.314	0	180	-126.65
499.711	124.711	490.289	0	180	-126.674
499.734	124.734	490.266	0	180	-126.698
499.757	124.757	490.243	0	180	-126.72
499.778	124.778	490.222	0	180	-126.742
499.799	124.799	490.201	0	180	-126.763
499.818	124.818	490.182	0	180	-126.782
499.837	124.837	490.163	0	180	-126.801
499.854	124.854	490.146	0	180	-126.818
499.871	124.871	490.129	0	180	-126.835
499.887	124.887	490.113	0	180	-126.85
499.901	124.901	490.099	0	180	-126.865
499.915	124.915	490.085	0	180	-126.878
499.927	124.927	490.073	0	180	-126.891
499.939	124.939	490.061	0	180	-126.903
499.949	124.949	490.051	0	180	-126.913
499.959	124.959	490.041	0	180	-126.923
499.968	124.968	490.032	0	180	-126.931
499.975	124.975	490.025	0	180	-126.939
499.982	124.982	490.018	0	180	-126.945
499.987	124.987	490.013	0	180	-126.951
499.992	124.992	490.008	0	180	-126.956
499.995	124.995	490.005	0	180	-126.959
499.998	124.998	490.002	0	180	-126.962
499.999	124.999	490.001	0	180	-126.963
500	125	490	0	180	-126.964
