500	125	490	0	180	-126.964
500	124.999	490	0	180	-126.963
500.002	124.998	490.002	0	180	-126.962
500.004	124.995	490.005	0	180	-126.959
500.008	124.992	490.008	0	180	-126.956
500.012	124.987	490.013	0	180	-126.951
500.018	124.982	490.018	0	180	-126.946
500.024	124.975	490.024	0	180	-126.939
500.032	124.968	490.032	0	180	-126.932
500.041	124.96	490.041	0	180	-126.923
500.05	124.95	490.05	0	180	-126.914
500.061	124.939	490.06	0	180	-126.903
500.072	124.928	490.072	0	180	-126.892
500.085	124.915	490.084	0	180	-126.879
500.098	124.902	490.098	0	180	-126.866
500.112	124.888	490.113	0	180	-126.851
500.128	124.872	490.128	0	180	-126.836
500.144	124.855	490.144	0	180	-126.819
500.162	124.838	490.162	0	180	-126.802
500.181	124.82	490.18	0	180	-126.783
500.2	124.8	490.2	0	180	-126.764
500.22	124.779	490.221	0	180	-126.743
500.242	124.758	490.242	0	180	-126.722
500.264	124.736	490.264	0	180	-126.699
500.288	124.712	490.288	0	180	-126.676
500.313	124.688	490.312	0	180	-126.651
500.338	124.662	490.338	0	180	-126.626
500.364	124.635	490.364	0	180	-126.599
500.392	124.608	490.392	0	180	-126.572
500.421	124.579	490.421	0	180	-126.543
500.45	124.55	490.45	0	180	-126.514
500.481	124.52	490.481	0	180	-126.483
500.512	124.488	490.512	0	180	-126.452
500.544	124.456	490.544	0	180	-126.419
500.578	124.422	490.578	0	180	-126.386
500.613	124.388	490.613	0	180	-126.351
500.648	124.352	490.648	0	180	-126.316
500.684	124.316	490.684	0	180	-126.279
500.722	124.278	490.722	0	180	-126.242
500.761	124.24	490.76	0	180	-126.203
500.8	124.2	490.8	0	180	-126.164
500.841	124.16	490.841	0	180	-126.123
500.882	124.118	490.882	0	180	-126.082
500.924	124.076	490.924	0	180	-126.039
500.968	124.032	490.968	0	180	-125.996
501.012	123.987	491.013	0	180	-125.951
501.058	123.942	491.058	0	180	-125.906
501.104	123.896	491.103	0	180	-125.859
501.152	123.848	491.148	0	180	-125.812
501.201	123.8	491.193	0	180	-125.763
501.25	123.75	491.238	0	180	-125.714
501.301	123.7	491.283	0	180	-125.663
501.352	123.648	491.328	0	180	-125.612
501.405	123.596	491.373	0	180	-125.559
501.458	123.542	491.418	0	180	-125.506
501.511	123.487	491.463	0	180	-125.451
501.564	123.432	491.509	0	180	-125.396
501.617	123.376	491.554	0	180	-125.341
501.67	123.318	491.599	0	180	-125.286
501.723	123.259	491.644	0	180	-125.231
501.776	123.2	491.689	0	180	-125.176
501.829	123.139	491.734	0	180	-125.121
501.882	123.078	491.779	0	180	-125.065
501.935	123.016	491.824	0	180	-125.01
501.989	122.952	491.869	0	180	-124.955
502.042	122.888	491.914	0	180	-124.9
502.095	122.822	491.96	0	180	-124.845
502.148	122.755	492.005	0	180	-124.79
502.201	122.688	492.05	0	180	-124.735
502.254	122.62	492.095	0	180	-124.68
502.307	122.55	492.14	0	180	-124.624
502.36	122.48	492.185	0	180	-124.569
502.413	122.408	492.23	0	180	-124.514
502.466	122.335	492.275	0	180	-124.459
502.52	122.262	492.32	0	180	-124.404
502.573	122.188	492.365	0	180	-124.349
502.626	122.112	492.411	0	180	-124.294
502.679	122.035	492.456	0	180	-124.239
502.732	121.958	492.501	0	180	-124.184
502.785	121.88	492.546	0	180	-124.128
502.838	121.801	492.591	0	180	-124.073
502.891	121.722	492.636	0	180	-124.018
502.944	121.643	492.681	0	180	-123.963
502.997	121.564	492.726	0	180	-123.908
503.051	121.486	492.771	0	180	-123.853
503.104	121.407	492.816	0	180	-123.798
503.157	121.328	492.862	0	180	-123.743
503.21	121.249	492.907	0	180	-123.687
503.263	121.171	492.952	0	180	-123.632
503.316	121.092	492.997	0	180	-123.577
503.369	121.013	493.042	0	180	-123.522
503.422	120.934	493.087	0	180	-123.467
503.475	120.856	493.132	0	180	-123.412
503.528	120.777	493.177	0	180	-123.357
503.582	120.698	493.222	0	180	-123.302
503.635	120.619	493.267	0	180	-123.246
503.688	120.541	493.313	0	180	-123.191
503.741	120.462	493.358	0	180	-123.136
503.794	120.383	493.403	0	180	-123.081
503.847	120.304	493.448	0	180	-123.026
503.9	120.226	493.493	0	180	-122.971
503.953	120.147	493.538	0	180	-122.916
504.006	120.068	493.583	0	180	-122.861
504.059	119.989	493.628	0	180	-122.805
504.113	119.91	493.673	0	180	-122.75
504.166	119.832	493.718	0	180	-122.695
504.219	119.753	493.764	0	180	-122.64
504.272	119.674	493.809	0	180	-122.585
504.325	119.595	493.854	0	180	-122.53
504.378	119.517	493.899	0	180	-122.475
504.431	119.438	493.944	0	180	-122.42
504.484	119.359	493.989	0	180	-122.365
504.537	119.28	494.034	0	180	-122.309
504.59	119.202	494.079	0	180	-122.254
504.644	119.123	494.124	0	180	-122.199
504.697	119.044	494.169	0	180	-122.144
504.75	118.965	494.215	0	180	-122.089
504.803	118.887	494.26	0	180	-122.034
504.856	118.808	494.305	0	180	-121.979
504.909	118.729	494.35	0	180	-121.924
504.962	118.65	494.395	0	180	-121.868
505.015	118.572	494.44	0	180	-121.813
505.068	118.493	494.485	0	180	-121.758
505.121	118.414	494.53	0	180	-121.703
505.175	118.335	494.575	0	180	-121.648
505.228	118.257	494.62	0	180	-121.593
505.281	118.178	494.666	0	180	-121.538
505.334	118.099	494.711	0	180	-121.483
505.387	118.02	494.756	0	180	-121.427
505.44	117.941	494.801	0	180	-121.372
505.493	117.863	494.846	0	180	-121.317
505.546	117.784	494.891	0	180	-121.262
505.599	117.705	494.936	0	180	-121.207
505.652	117.626	494.981	0	180	-121.152
505.706	117.548	495.026	0	180	-121.097
505.759	117.469	495.071	0	180	-121.042
505.812	117.39	495.117	0	180	-120.987
505.865	117.311	495.162	0	180	-120.931
505.918	117.233	495.207	0	180	-120.876
505.971	117.154	495.252	0	180	-120.821
506.024	117.075	495.297	0	180	-120.766
506.077	116.996	495.342	0	180	-120.711
506.13	116.918	495.387	0	180	-120.656
506.183	116.839	495.432	0	180	-120.601
506.237	116.76	495.477	0	180	-120.546
506.29	116.681	495.522	0	180	-120.49
506.343	116.603	495.568	0	180	-120.435
506.396	116.524	495.613	0	180	-120.38
506.449	116.445	495.658	0	180	-120.325
506.502	116.366	495.703	0	180	-120.27
506.555	116.287	495.748	0	180	-120.215
506.608	116.209	495.793	0	180	-120.16
506.661	116.13	495.838	0	180	-120.105
506.714	116.051	495.883	0	180	-120.049
506.768	115.972	495.928	0	180	-119.994
506.821	115.894	495.973	0	180	-119.939
506.874	115.815	496.019	0	180	-119.884
506.927	115.736	496.064	0	180	-119.829
506.98	115.657	496.109	0	180	-119.774
507.033	115.579	496.154	0	180	-119.719
507.086	115.5	496.199	0	180	-119.664
507.139	115.421	496.244	0	180	-119.609
507.192	115.342	496.289	0	180	-119.553
507.245	115.264	496.334	0	180	-119.498
507.299	115.185	496.379	0	180	-119.443
507.352	115.106	496.424	0	180	-119.388
507.405	115.027	496.47	0	180	-119.333
507.458	114.949	496.515	0	180	-119.278
507.511	114.87	496.56	0	180	-119.223
507.564	114.791	496.605	0	180	-119.168
507.617	114.712	496.65	0	180	-119.112
507.67	114.633	496.695	0	180	-119.057
507.723	114.555	496.74	0	180	-119.002
507.776	114.476	496.785	0	180	-118.947
507.83	114.397	496.83	0	180	-118.892
507.883	114.318	496.875	0	180	-118.837
507.936	114.24	496.921	0	180	-118.782
507.989	114.161	496.966	0	180	-118.727
508.042	114.082	497.011	0	180	-118.671
508.095	114.003	497.056	0	180	-118.616
508.148	113.925	497.101	0	180	-118.561
508.201	113.846	497.146	0	180	-118.506
508.254	113.767	497.191	0	180	-118.451
508.307	113.688	497.236	0	180	-118.396
508.361	113.61	497.281	0	180	-118.341
508.414	113.531	497.326	0	180	-118.286
508.467	113.452	497.372	0	180	-118.231
508.52	113.373	497.417	0	180	-118.175
508.573	113.295	497.462	0	180	-118.12
508.626	113.216	497.507	0	180	-118.065
508.679	113.137	497.552	0	180	-118.01
508.732	113.058	497.597	0	180	-117.955
508.785	112.979	497.642	0	180	-117.9
508.838	112.901	497.687	0	180	-117.845
508.892	112.822	497.732	0	180	-117.79
508.945	112.743	497.777	0	180	-117.734
508.998	112.664	497.823	0	180	-117.679
509.051	112.586	497.868	0	180	-117.624
509.104	112.507	497.913	0	180	-117.569
509.157	112.428	497.958	0	180	-117.514
509.21	112.349	498.003	0	180	-117.459
509.263	112.271	498.048	0	180	-117.404
509.316	112.192	498.093	0	180	-117.349
509.369	112.113	498.138	0	180	-117.293
509.423	112.034	498.183	0	180	-117.238
509.476	111.956	498.228	0	180	-117.183
509.529	111.877	498.274	0	180	-117.128
509.582	111.798	498.319	0	180	-117.073
509.635	111.719	498.364	0	180	-117.018
509.688	111.641	498.409	0	180	-116.963
509.741	111.562	498.454	0	180	-116.908
509.794	111.483	498.499	0	180	-116.853
509.847	111.404	498.544	0	180	-116.797
509.9	111.326	498.589	0	180	-116.742
509.954	111.247	498.634	0	180	-116.687
510.007	111.168	498.679	0	180	-116.632
510.06	111.089	498.725	0	180	-116.577
510.113	111.01	498.77	0	180	-116.522
510.166	110.932	498.815	0	180	-116.467
510.219	110.853	498.86	0	180	-116.412
510.272	110.774	498.905	0	180	-116.356
510.325	110.695	498.95	0	180	-116.301
510.378	110.617	498.995	0	180	-116.246
510.431	110.538	499.04	0	180	-116.191
510.485	110.459	499.085	0	180	-116.136
510.538	110.38	499.13	0	180	-116.081
510.591	110.302	499.176	0	180	-116.026
510.644	110.223	499.221	0	180	-115.971
510.697	110.144	499.266	0	180	-115.915
510.75	110.065	499.311	0	180	-115.86
510.803	109.987	499.356	0	180	-115.805
510.856	109.908	499.401	0	180	-115.75
510.909	109.829	499.446	0	180	-115.695
510.962	109.75	499.491	0	180	-115.64
511.015	109.672	499.536	0	180	-115.585
511.069	109.593	499.581	0	180	-115.53
511.122	109.514	499.627	0	180	-115.475
511.175	109.435	499.672	0	180	-115.419
511.228	109.356	499.717	0	180	-115.364
511.281	109.278	499.762	0	180	-115.309
511.334	109.199	499.807	0	180	-115.254
511.387	109.12	499.852	0	180	-115.199
511.44	109.041	499.897	0	180	-115.144
511.493	108.963	499.942	0	180	-115.089
511.546	108.884	499.987	0	180	-115.034
511.6	108.805	500.032	0	180	-114.978
511.653	108.726	500.077	0	180	-114.923
511.706	108.648	500.123	0	180	-114.868
511.759	108.569	500.168	0	180	-114.813
511.812	108.49	500.213	0	180	-114.758
511.865	108.411	500.258	0	180	-114.703
511.918	108.333	500.303	0	180	-114.648
511.971	108.254	500.348	0	180	-114.593
512.024	108.175	500.393	0	180	-114.537
512.077	108.096	500.438	0	180	-114.482
512.131	108.018	500.483	0	180	-114.427
512.184	107.939	500.528	0	180	-114.372
512.237	107.86	500.574	0	180	-114.317
512.29	107.781	500.619	0	180	-114.262
512.343	107.702	500.664	0	180	-114.207
512.396	107.624	500.709	0	180	-114.152
512.449	107.545	500.754	0	180	-114.097
512.502	107.466	500.799	0	180	-114.041
512.555	107.387	500.844	0	180	-113.986
512.608	107.309	500.889	0	180	-113.931
512.662	107.23	500.934	0	180	-113.876
512.715	107.151	500.979	0	180	-113.821
512.768	107.072	501.025	0	180	-113.766
512.821	106.994	501.07	0	180	-113.711
512.874	106.915	501.115	0	180	-113.656
512.927	106.836	501.16	0	180	-113.6
512.98	106.757	501.205	0	180	-113.545
513.033	106.679	501.25	0	180	-113.49
513.086	106.6	501.295	0	180	-113.435
513.139	106.521	501.34	0	180	-113.38
513.193	106.442	501.385	0	180	-113.325
513.246	106.364	501.43	0	180	-113.27
513.299	106.285	501.476	0	180	-113.215
513.352	106.206	501.521	0	180	-113.159
513.405	106.127	501.566	0	180	-113.104
513.458	106.048	501.611	0	180	-113.049
513.511	105.97	501.656	0	180	-112.994
513.564	105.891	501.701	0	180	-112.939
513.617	105.812	501.746	0	180	-112.884
513.67	105.733	501.791	0	180	-112.829
513.724	105.655	501.836	0	180	-112.774
513.777	105.576	501.881	0	180	-112.719
513.83	105.497	501.927	0	180	-112.663
513.883	105.418	501.972	0	180	-112.608
513.936	105.34	502.017	0	180	-112.553
513.989	105.261	502.062	0	180	-112.498
514.042	105.182	502.107	0	180	-112.443
514.095	105.103	502.152	0	180	-112.388
514.148	105.025	502.197	0	180	-112.333
514.201	104.946	502.242	0	180	-112.278
514.255	104.867	502.287	0	180	-112.222
514.308	104.788	502.332	0	180	-112.167
514.361	104.71	502.378	0	180	-112.112
514.414	104.631	502.423	0	180	-112.057
514.467	104.552	502.468	0	180	-112.002
514.52	104.473	502.513	0	180	-111.947
514.573	104.395	502.558	0	180	-111.892
514.626	104.316	502.603	0	180	-111.837
514.679	104.237	502.648	0	180	-111.781
514.732	104.158	502.693	0	180	-111.726
514.786	104.079	502.738	0	180	-111.671
514.839	104.001	502.783	0	180	-111.616
514.892	103.922	502.829	0	180	-111.561
514.945	103.843	502.874	0	180	-111.506
514.998	103.764	502.919	0	180	-111.451
515.051	103.686	502.964	0	180	-111.396
515.104	103.607	503.009	0	180	-111.341
515.157	103.528	503.054	0	180	-111.285
515.21	103.449	503.099	0	180	-111.23
515.263	103.371	503.144	0	180	-111.175
515.317	103.292	503.189	0	180	-111.12
515.37	103.213	503.234	0	180	-111.065
515.423	103.134	503.28	0	180	-111.01
515.476	103.056	503.325	0	180	-110.955
515.529	102.977	503.37	0	180	-110.9
515.582	102.898	503.415	0	180	-110.844
515.635	102.819	503.46	0	180	-110.789
515.688	102.741	503.505	0	180	-110.734
515.741	102.662	503.55	0	180	-110.679
515.794	102.583	503.595	0	180	-110.624
515.848	102.504	503.64	0	180	-110.569
515.901	102.425	503.685	0	180	-110.514
515.954	102.347	503.731	0	180	-110.459
516.007	102.268	503.776	0	180	-110.403
516.06	102.189	503.821	0	180	-110.348
516.113	102.11	503.866	0	180	-110.293
516.166	102.032	503.911	0	180	-110.238
516.219	101.953	503.956	0	180	-110.183
516.272	101.874	504.001	0	180	-110.128
516.325	101.795	504.046	0	180	-110.073
516.379	101.717	504.091	0	180	-110.018
516.432	101.638	504.136	0	180	-109.962
516.485	101.559	504.182	0	180	-109.907
516.538	101.48	504.227	0	180	-109.852
516.591	101.402	504.272	0	180	-109.797
516.644	101.323	504.317	0	180	-109.742
516.697	101.244	504.362	0	180	-109.687
516.75	101.165	504.407	0	180	-109.632
516.803	101.087	504.452	0	180	-109.577
516.856	101.008	504.497	0	180	-109.522
516.91	100.929	504.542	0	180	-109.466
516.963	100.85	504.587	0	180	-109.411
517.016	100.771	504.633	0	180	-109.356
517.069	100.693	504.678	0	180	-109.301
517.122	100.614	504.723	0	180	-109.246
517.175	100.535	504.768	0	180	-109.191
517.228	100.456	504.813	0	180	-109.136
517.281	100.378	504.858	0	180	-109.081
517.334	100.299	504.903	0	180	-109.025
517.387	100.22	504.948	0	180	-108.97
517.441	100.141	504.993	0	180	-108.915
517.494	100.063	505.038	0	180	-108.86
517.547	99.9839	505.084	0	180	-108.805
517.6	99.9051	505.129	0	180	-108.75
517.653	99.8264	505.174	0	180	-108.695
517.706	99.7476	505.219	0	180	-108.64
517.759	99.6688	505.264	0	180	-108.584
517.812	99.5901	505.309	0	180	-108.529
517.865	99.5113	505.354	0	180	-108.474
517.918	99.4325	505.399	0	180	-108.419
517.972	99.3538	505.444	0	180	-108.364
518.025	99.275	505.489	0	180	-108.309
518.078	99.1963	505.535	0	180	-108.254
518.131	99.1175	505.58	0	180	-108.199
518.184	99.0387	505.625	0	180	-108.144
518.237	98.96	505.67	0	180	-108.088
518.29	98.8812	505.715	0	180	-108.033
518.343	98.8025	505.76	0	180	-107.978
518.396	98.7237	505.805	0	180	-107.923
518.449	98.6449	505.85	0	180	-107.868
518.503	98.5662	505.895	0	180	-107.813
518.556	98.4874	505.94	0	180	-107.758
518.609	98.4086	505.986	0	180	-107.703
518.662	98.3299	506.031	0	180	-107.647
518.715	98.2511	506.076	0	180	-107.592
518.768	98.1724	506.121	0	180	-107.537
518.821	98.0936	506.166	0	180	-107.482
518.874	98.0148	506.211	0	180	-107.427
518.927	97.9361	506.256	0	180	-107.372
518.98	97.8573	506.301	0	180	-107.317
519.034	97.7786	506.346	0	180	-107.262
519.087	97.6998	506.391	0	180	-107.206
519.14	97.621	506.437	0	180	-107.151
519.193	97.5423	506.482	0	180	-107.096
519.246	97.4635	506.527	0	180	-107.041
519.299	97.3847	506.572	0	180	-106.986
519.352	97.306	506.617	0	180	-106.931
519.405	97.2272	506.662	0	180	-106.876
519.458	97.1485	506.707	0	180	-106.821
519.511	97.0697	506.752	0	180	-106.766
519.565	96.9909	506.797	0	180	-106.71
519.618	96.9122	506.842	0	180	-106.655
519.671	96.8334	506.888	0	180	-106.6
519.724	96.7547	506.933	0	180	-106.545
519.777	96.6759	506.978	0	180	-106.49
519.83	96.5971	507.023	0	180	-106.435
519.883	96.5184	507.068	0	180	-106.38
519.936	96.4396	507.113	0	180	-106.325
519.989	96.3609	507.158	0	180	-106.269
520.042	96.2821	507.203	0	180	-106.214
520.096	96.2033	507.248	0	180	-106.159
520.149	96.1246	507.293	0	180	-106.104
520.202	96.0458	507.339	0	180	-106.049
520.255	95.967	507.384	0	180	-105.994
520.308	95.8883	507.429	0	180	-105.939
520.361	95.8095	507.474	0	180	-105.884
520.414	95.7308	507.519	0	180	-105.828
520.467	95.652	507.564	0	180	-105.773
520.52	95.5732	507.609	0	180	-105.718
520.573	95.4945	507.654	0	180	-105.663
520.626	95.4157	507.699	0	180	-105.608
520.68	95.337	507.744	0	180	-105.553
520.733	95.2582	507.79	0	180	-105.498
520.786	95.1794	507.835	0	180	-105.443
520.839	95.1007	507.88	0	180	-105.388
520.892	95.0219	507.925	0	180	-105.332
520.945	94.9431	507.97	0	180	-105.277
520.998	94.8644	508.015	0	180	-105.222
521.051	94.7856	508.06	0	180	-105.167
521.104	94.7069	508.105	0	180	-105.112
521.157	94.6281	508.15	0	180	-105.057
521.211	94.5493	508.195	0	180	-105.002
521.264	94.4706	508.241	0	180	-104.947
521.317	94.3918	508.286	0	180	-104.891
521.37	94.3131	508.331	0	180	-104.836
521.423	94.2343	508.376	0	180	-104.781
521.476	94.1555	508.421	0	180	-104.726
521.529	94.0768	508.466	0	180	-104.671
521.582	93.998	508.511	0	180	-104.616
521.635	93.9192	508.556	0	180	-104.561
521.688	93.8405	508.601	0	180	-104.506
521.742	93.7617	508.646	0	180	-104.45
521.795	93.683	508.692	0	180	-104.395
521.848	93.6042	508.737	0	180	-104.34
521.901	93.5254	508.782	0	180	-104.285
521.954	93.4467	508.827	0	180	-104.23
522.007	93.3679	508.872	0	180	-104.175
522.06	93.2892	508.917	0	180	-104.12
522.113	93.2104	508.962	0	180	-104.065
522.166	93.1316	509.007	0	180	-104.01
522.219	93.0529	509.052	0	180	-103.954
522.273	92.9741	509.097	0	180	-103.899
522.326	92.8954	509.142	0	180	-103.844
522.379	92.8166	509.188	0	180	-103.789
522.432	92.7378	509.233	0	180	-103.734
522.485	92.6591	509.278	0	180	-103.679
522.538	92.5803	509.323	0	180	-103.624
522.591	92.5015	509.368	0	180	-103.569
522.644	92.4228	509.413	0	180	-103.513
522.697	92.344	509.458	0	180	-103.458
522.75	92.2653	509.503	0	180	-103.403
522.804	92.1865	509.548	0	180	-103.348
522.857	92.1077	509.593	0	180	-103.293
522.91	92.029	509.639	0	180	-103.238
522.963	91.9502	509.684	0	180	-103.183
523.016	91.8715	509.729	0	180	-103.128
523.069	91.7927	509.774	0	180	-103.072
523.122	91.7139	509.819	0	180	-103.017
523.175	91.6352	509.864	0	180	-102.962
523.228	91.5564	509.909	0	180	-102.907
523.281	91.4776	509.954	0	180	-102.852
523.335	91.3989	509.999	0	180	-102.797
523.388	91.3201	510.044	0	180	-102.742
523.441	91.2414	510.09	0	180	-102.687
523.494	91.1626	510.135	0	180	-102.632
523.547	91.0838	510.18	0	180	-102.576
523.6	91.0051	510.225	0	180	-102.521
523.653	90.9263	510.27	0	180	-102.466
523.706	90.8476	510.315	0	180	-102.411
523.759	90.7688	510.36	0	180	-102.356
523.812	90.69	510.405	0	180	-102.301
523.866	90.6113	510.45	0	180	-102.246
523.919	90.5325	510.495	0	180	-102.191
523.972	90.4537	510.541	0	180	-102.135
524.025	90.375	510.586	0	180	-102.08
524.078	90.2962	510.631	0	180	-102.025
524.131	90.2175	510.676	0	180	-101.97
524.184	90.1387	510.721	0	180	-101.915
524.237	90.0599	510.766	0	180	-101.86
524.29	89.9812	510.811	0	180	-101.805
524.343	89.9024	510.856	0	180	-101.75
524.397	89.8237	510.901	0	180	-101.694
524.45	89.7449	510.946	0	180	-101.639
524.503	89.6661	510.992	0	180	-101.584
524.556	89.5874	511.037	0	180	-101.529
524.609	89.5086	511.082	0	180	-101.474
524.662	89.4299	511.127	0	180	-101.419
524.715	89.3511	511.172	0	180	-101.364
524.768	89.2723	511.217	0	180	-101.309
524.821	89.1936	511.262	0	180	-101.254
524.874	89.1148	511.307	0	180	-101.198
524.928	89.036	511.352	0	180	-101.143
524.981	88.9573	511.397	0	180	-101.088
525.034	88.8785	511.443	0	180	-101.033
525.087	88.7998	511.488	0	180	-100.978
525.14	88.721	511.533	0	180	-100.923
525.193	88.6422	511.578	0	180	-100.868
525.246	88.5635	511.623	0	180	-100.813
525.299	88.4847	511.668	0	180	-100.757
525.352	88.406	511.713	0	180	-100.702
525.405	88.3272	511.758	0	180	-100.647
525.459	88.2484	511.803	0	180	-100.592
525.512	88.1697	511.848	0	180	-100.537
525.565	88.0909	511.894	0	180	-100.482
525.618	88.0121	511.939	0	180	-100.427
525.671	87.9334	511.984	0	180	-100.372
525.724	87.8546	512.029	0	180	-100.316
525.777	87.7759	512.074	0	180	-100.261
525.83	87.6971	512.119	0	180	-100.206
525.883	87.6183	512.164	0	180	-100.151
525.936	87.5396	512.209	0	180	-100.096
525.99	87.4608	512.254	0	180	-100.041
526.043	87.3821	512.299	0	180	-99.9857
526.096	87.3033	512.345	0	180	-99.9306
526.149	87.2245	512.39	0	180	-99.8755
526.202	87.1458	512.435	0	180	-99.8204
526.255	87.067	512.48	0	180	-99.7653
526.308	86.9882	512.525	0	180	-99.7101
526.361	86.9095	512.57	0	180	-99.655
526.414	86.8307	512.615	0	180	-99.5999
526.467	86.752	512.66	0	180	-99.5448
526.521	86.6732	512.705	0	180	-99.4897
526.574	86.5944	512.75	0	180	-99.4345
526.627	86.5157	512.796	0	180	-99.3794
526.68	86.4369	512.841	0	180	-99.3243
526.733	86.3582	512.886	0	180	-99.2692
526.786	86.2794	512.931	0	180	-99.2141
526.839	86.2006	512.976	0	180	-99.1589
526.892	86.1219	513.021	0	180	-99.1038
526.945	86.0431	513.066	0	180	-99.0487
526.998	85.9644	513.111	0	180	-98.9936
527.052	85.8856	513.156	0	180	-98.9385
527.105	85.8068	513.201	0	180	-98.8833
527.158	85.7281	513.247	0	180	-98.8282
527.211	85.6493	513.292	0	180	-98.7731
527.264	85.5705	513.337	0	180	-98.718
527.317	85.4918	513.382	0	180	-98.6629
527.37	85.413	513.427	0	180	-98.6077
527.423	85.3343	513.472	0	180	-98.5526
527.476	85.2555	513.517	0	180	-98.4975
527.529	85.1767	513.562	0	180	-98.4424
527.583	85.098	513.607	0	180	-98.3873
527.636	85.0192	513.652	0	180	-98.3321
527.689	84.9405	513.698	0	180	-98.277
527.742	84.8617	513.743	0	180	-98.2219
527.795	84.7829	513.788	0	180	-98.1668
527.848	84.7042	513.833	0	180	-98.1117
527.901	84.6254	513.878	0	180	-98.0565
527.954	84.5466	513.923	0	180	-98.0014
528.007	84.4679	513.968	0	180	-97.9463
528.06	84.3891	514.013	0	180	-97.8912
528.114	84.3104	514.058	0	180	-97.8361
528.167	84.2316	514.103	0	180	-97.7809
528.22	84.1528	514.149	0	180	-97.7258
528.273	84.0741	514.194	0	180	-97.6707
528.326	83.9953	514.239	0	180	-97.6156
528.379	83.9166	514.284	0	180	-97.5605
528.432	83.8378	514.329	0	180	-97.5053
528.485	83.759	514.374	0	180	-97.4502
528.538	83.6803	514.419	0	180	-97.3951
528.591	83.6015	514.464	0	180	-97.34
528.645	83.5228	514.509	0	180	-97.2849
528.698	83.444	514.554	0	180	-97.2297
528.751	83.3652	514.6	0	180	-97.1746
528.804	83.2865	514.645	0	180	-97.1195
528.857	83.2077	514.69	0	180	-97.0644
528.91	83.1289	514.735	0	180	-97.0093
528.963	83.0502	514.78	0	180	-96.9541
529.016	82.9714	514.825	0	180	-96.899
529.069	82.8927	514.87	0	180	-96.8439
529.122	82.8139	514.915	0	180	-96.7888
529.176	82.7351	514.96	0	180	-96.7337
529.229	82.6564	515.005	0	180	-96.6785
529.282	82.5776	515.051	0	180	-96.6234
529.335	82.4989	515.096	0	180	-96.5683
529.388	82.4201	515.141	0	180	-96.5132
529.441	82.3413	515.186	0	180	-96.4581
529.494	82.2626	515.231	0	180	-96.4029
529.547	82.1838	515.276	0	180	-96.3478
529.6	82.105	515.321	0	180	-96.2927
529.653	82.0263	515.366	0	180	-96.2376
529.707	81.9475	515.411	0	180	-96.1825
529.76	81.8688	515.456	0	180	-96.1273
529.813	81.79	515.502	0	180	-96.0722
529.866	81.7112	515.547	0	180	-96.0171
529.919	81.6325	515.592	0	180	-95.962
529.972	81.5537	515.637	0	180	-95.9069
530.025	81.475	515.682	0	180	-95.8517
530.078	81.3962	515.727	0	180	-95.7966
530.131	81.3174	515.772	0	180	-95.7415
530.184	81.2387	515.817	0	180	-95.6864
530.238	81.1599	515.862	0	180	-95.6313
530.291	81.0811	515.907	0	180	-95.5761
530.344	81.0024	515.953	0	180	-95.521
530.397	80.9236	515.998	0	180	-95.4659
530.45	80.8449	516.043	0	180	-95.4108
530.503	80.7661	516.088	0	180	-95.3557
530.556	80.6873	516.133	0	180	-95.3005
530.609	80.6086	516.178	0	180	-95.2454
530.662	80.5298	516.223	0	180	-95.1903
530.715	80.4511	516.268	0	180	-95.1352
530.768	80.3723	516.313	0	180	-95.0801
530.822	80.2935	516.358	0	180	-95.0249
530.875	80.2148	516.404	0	180	-94.9698
530.928	80.136	516.449	0	180	-94.9147
530.981	80.0573	516.494	0	180	-94.8596
531.034	79.9785	516.539	0	180	-94.8045
531.087	79.8997	516.584	0	180	-94.7493
531.14	79.821	516.629	0	180	-94.6942
531.193	79.7422	516.674	0	180	-94.6391
531.246	79.6634	516.719	0	180	-94.584
531.299	79.5847	516.764	0	180	-94.5288
531.353	79.5059	516.809	0	180	-94.4737
531.406	79.4272	516.855	0	180	-94.4186
531.459	79.3484	516.9	0	180	-94.3635
531.512	79.2696	516.945	0	180	-94.3084
531.565	79.1909	516.99	0	180	-94.2532
531.618	79.1121	517.035	0	180	-94.1981
531.671	79.0334	517.08	0	180	-94.143
531.724	78.9546	517.125	0	180	-94.0879
531.777	78.8758	517.17	0	180	-94.0328
531.83	78.7971	517.215	0	180	-93.9776
531.884	78.7183	517.26	0	180	-93.9225
531.937	78.6395	517.306	0	180	-93.8674
531.99	78.5608	517.351	0	180	-93.8123
532.043	78.482	517.396	0	180	-93.7572
532.096	78.4033	517.441	0	180	-93.702
532.149	78.3245	517.486	0	180	-93.6469
532.202	78.2457	517.531	0	180	-93.5918
532.255	78.167	517.576	0	180	-93.5367
532.308	78.0882	517.621	0	180	-93.4816
532.361	78.0095	517.666	0	180	-93.4264
532.415	77.9307	517.711	0	180	-93.3713
532.468	77.8519	517.757	0	180	-93.3162
532.521	77.7732	517.802	0	180	-93.2611
532.574	77.6944	517.847	0	180	-93.206
532.627	77.6156	517.892	0	180	-93.1508
532.68	77.5369	517.937	0	180	-93.0957
532.733	77.4581	517.982	0	180	-93.0406
532.786	77.3794	518.027	0	180	-92.9855
532.839	77.3006	518.072	0	180	-92.9304
532.892	77.2218	518.117	0	180	-92.8752
532.946	77.1431	518.162	0	180	-92.8201
532.999	77.0643	518.207	0	180	-92.765
533.052	76.9856	518.253	0	180	-92.7099
533.105	76.9068	518.298	0	180	-92.6548
533.158	76.828	518.343	0	180	-92.5996
533.211	76.7493	518.388	0	180	-92.5445
533.264	76.6705	518.433	0	180	-92.4894
533.317	76.5918	518.478	0	180	-92.4343
533.37	76.513	518.523	0	180	-92.3792
533.423	76.4342	518.568	0	180	-92.324
533.477	76.3555	518.613	0	180	-92.2689
533.53	76.2767	518.658	0	180	-92.2138
533.583	76.1979	518.704	0	180	-92.1587
533.636	76.1192	518.749	0	180	-92.1036
533.689	76.0404	518.794	0	180	-92.0484
533.742	75.9617	518.839	0	180	-91.9933
533.795	75.8829	518.884	0	180	-91.9382
533.848	75.8041	518.929	0	180	-91.8831
533.901	75.7254	518.974	0	180	-91.828
533.954	75.6466	519.019	0	180	-91.7728
534.008	75.5679	519.064	0	180	-91.7177
534.061	75.4891	519.109	0	180	-91.6626
534.114	75.4103	519.155	0	180	-91.6075
534.167	75.3316	519.2	0	180	-91.5524
534.22	75.2528	519.245	0	180	-91.4972
534.273	75.174	519.29	0	180	-91.4421
534.326	75.0953	519.335	0	180	-91.387
534.379	75.0165	519.38	0	180	-91.3319
534.432	74.9378	519.425	0	180	-91.2768
534.485	74.859	519.47	0	180	-91.2216
534.539	74.7802	519.515	0	180	-91.1665
534.592	74.7015	519.56	0	180	-91.1114
534.645	74.6227	519.606	0	180	-91.0563
534.698	74.544	519.651	0	180	-91.0012
534.751	74.4652	519.696	0	180	-90.946
534.804	74.3864	519.741	0	180	-90.8909
534.857	74.3077	519.786	0	180	-90.8358
534.91	74.2289	519.831	0	180	-90.7807
534.963	74.1501	519.876	0	180	-90.7256
535.016	74.0714	519.921	0	180	-90.6704
535.07	73.9926	519.966	0	180	-90.6153
535.123	73.9139	520.011	0	180	-90.5602
535.176	73.8351	520.057	0	180	-90.5051
535.229	73.7563	520.102	0	180	-90.45
535.282	73.6776	520.147	0	180	-90.3948
535.335	73.5988	520.192	0	180	-90.3397
535.388	73.5201	520.237	0	180	-90.2846
535.441	73.4413	520.282	0	180	-90.2295
535.494	73.3625	520.327	0	180	-90.1744
535.547	73.2838	520.372	0	180	-90.1192
535.601	73.205	520.417	0	180	-90.0641
535.654	73.1263	520.462	0	180	-90.009
535.707	73.0475	520.508	0	180	-89.9539
535.76	72.9687	520.553	0	180	-89.8988
535.813	72.89	520.598	0	180	-89.8436
535.866	72.8112	520.643	0	180	-89.7885
535.919	72.7324	520.688	0	180	-89.7334
535.972	72.6537	520.733	0	180	-89.6783
536.025	72.5749	520.778	0	180	-89.6232
536.078	72.4962	520.823	0	180	-89.568
536.132	72.4174	520.868	0	180	-89.5129
536.185	72.3386	520.913	0	180	-89.4578
536.238	72.2599	520.959	0	180	-89.4027
536.291	72.1811	521.004	0	180	-89.3476
536.344	72.1024	521.049	0	180	-89.2924
536.397	72.0236	521.094	0	180	-89.2373
536.45	71.9448	521.139	0	180	-89.1822
536.503	71.8661	521.184	0	180	-89.1271
536.556	71.7873	521.229	0	180	-89.072
536.609	71.7085	521.274	0	180	-89.0168
536.663	71.6298	521.319	0	180	-88.9617
536.716	71.551	521.364	0	180	-88.9066
536.769	71.4723	521.41	0	180	-88.8515
536.822	71.3935	521.455	0	180	-88.7964
536.875	71.3147	521.5	0	180	-88.7412
536.928	71.236	521.545	0	180	-88.6861
536.981	71.1572	521.59	0	180	-88.631
537.034	71.0785	521.635	0	180	-88.5759
537.087	70.9997	521.68	0	180	-88.5208
537.14	70.9209	521.725	0	180	-88.4656
537.194	70.8422	521.77	0	180	-88.4105
537.247	70.7634	521.815	0	180	-88.3554
537.3	70.6847	521.861	0	180	-88.3003
537.353	70.6059	521.906	0	180	-88.2451
537.406	70.5271	521.951	0	180	-88.19
537.459	70.4484	521.996	0	180	-88.1349
537.512	70.3696	522.041	0	180	-88.0798
537.565	70.2908	522.086	0	180	-88.0247
537.618	70.2121	522.131	0	180	-87.9695
537.671	70.1333	522.176	0	180	-87.9144
537.725	70.0546	522.221	0	180	-87.8593
537.778	69.9758	522.266	0	180	-87.8042
537.831	69.897	522.312	0	180	-87.7491
537.884	69.8183	522.357	0	180	-87.6939
537.937	69.7395	522.402	0	180	-87.6388
537.99	69.6608	522.447	0	180	-87.5837
538.043	69.582	522.492	0	180	-87.5286
538.096	69.5032	522.537	0	180	-87.4735
538.149	69.4245	522.582	0	180	-87.4183
538.202	69.3457	522.627	0	180	-87.3632
538.256	69.2669	522.672	0	180	-87.3081
538.309	69.1882	522.717	0	180	-87.253
538.362	69.1094	522.763	0	180	-87.1979
538.415	69.0307	522.808	0	180	-87.1427
538.468	68.9519	522.853	0	180	-87.0876
538.521	68.8731	522.898	0	180	-87.0325
538.574	68.7944	522.943	0	180	-86.9774
538.627	68.7156	522.988	0	180	-86.9223
538.68	68.6369	523.033	0	180	-86.8671
538.733	68.5581	523.078	0	180	-86.812
538.787	68.4793	523.123	0	180	-86.7569
538.84	68.4006	523.168	0	180	-86.7018
538.893	68.3218	523.214	0	180	-86.6467
538.946	68.243	523.259	0	180	-86.5915
538.999	68.1643	523.304	0	180	-86.5364
539.052	68.0855	523.349	0	180	-86.4813
539.105	68.0068	523.394	0	180	-86.4262
539.158	67.928	523.439	0	180	-86.3711
539.211	67.8492	523.484	0	180	-86.3159
539.264	67.7705	523.529	0	180	-86.2608
539.318	67.6917	523.574	0	180	-86.2057
539.371	67.613	523.619	0	180	-86.1506
539.424	67.5342	523.665	0	180	-86.0955
539.477	67.4554	523.71	0	180	-86.0403
539.53	67.3767	523.755	0	180	-85.9852
539.583	67.2979	523.8	0	180	-85.9301
539.636	67.2192	523.845	0	180	-85.875
539.689	67.1404	523.89	0	180	-85.8199
539.742	67.0616	523.935	0	180	-85.7647
539.795	66.9829	523.98	0	180	-85.7096
539.849	66.9041	524.025	0	180	-85.6545
539.902	66.8253	524.07	0	180	-85.5994
539.955	66.7466	524.116	0	180	-85.5443
540.008	66.6678	524.161	0	180	-85.4891
540.061	66.5891	524.206	0	180	-85.434
540.114	66.5103	524.251	0	180	-85.3789
540.167	66.4315	524.296	0	180	-85.3238
540.22	66.3528	524.341	0	180	-85.2687
540.273	66.274	524.386	0	180	-85.2135
540.326	66.1953	524.431	0	180	-85.1584
540.379	66.1165	524.476	0	180	-85.1033
540.433	66.0377	524.521	0	180	-85.0482
540.486	65.959	524.567	0	180	-84.9931
540.539	65.8802	524.612	0	180	-84.9379
540.592	65.8014	524.657	0	180	-84.8828
540.645	65.7227	524.702	0	180	-84.8277
540.698	65.6439	524.747	0	180	-84.7726
540.751	65.5652	524.792	0	180	-84.7175
540.804	65.4864	524.837	0	180	-84.6623
540.857	65.4076	524.882	0	180	-84.6072
540.91	65.3289	524.927	0	180	-84.5521
540.964	65.2501	524.972	0	180	-84.497
541.017	65.1714	525.018	0	180	-84.4419
541.07	65.0926	525.063	0	180	-84.3867
541.123	65.0138	525.108	0	180	-84.3316
541.176	64.9351	525.153	0	180	-84.2765
541.229	64.8563	525.198	0	180	-84.2214
541.282	64.7775	525.243	0	180	-84.1663
541.335	64.6988	525.288	0	180	-84.1111
541.388	64.62	525.333	0	180	-84.056
541.441	64.5413	525.378	0	180	-84.0009
541.495	64.4625	525.423	0	180	-83.9458
541.548	64.3837	525.469	0	180	-83.8907
541.601	64.305	525.514	0	180	-83.8355
541.654	64.2262	525.559	0	180	-83.7804
541.707	64.1475	525.604	0	180	-83.7253
541.76	64.0687	525.649	0	180	-83.6702
541.813	63.9899	525.694	0	180	-83.6151
541.866	63.9112	525.739	0	180	-83.5599
541.919	63.8324	525.784	0	180	-83.5048
541.972	63.7537	525.829	0	180	-83.4497
542.026	63.6749	525.874	0	180	-83.3946
542.079	63.5961	525.92	0	180	-83.3395
542.132	63.5174	525.965	0	180	-83.2843
542.185	63.4386	526.01	0	180	-83.2292
542.238	63.3598	526.055	0	180	-83.1741
542.291	63.2811	526.1	0	180	-83.119
542.344	63.2023	526.145	0	180	-83.0639
542.397	63.1236	526.19	0	180	-83.0087
542.45	63.0448	526.235	0	180	-82.9536
542.503	62.966	526.28	0	180	-82.8985
542.557	62.8873	526.325	0	180	-82.8434
542.61	62.8085	526.371	0	180	-82.7883
542.663	62.7298	526.416	0	180	-82.7331
542.716	62.651	526.461	0	180	-82.678
542.769	62.5722	526.506	0	180	-82.6229
542.822	62.4935	526.551	0	180	-82.5678
542.875	62.4147	526.596	0	180	-82.5127
542.928	62.3359	526.641	0	180	-82.4575
542.981	62.2572	526.686	0	180	-82.4024
543.034	62.1784	526.731	0	180	-82.3473
543.088	62.0997	526.776	0	180	-82.2922
543.141	62.0209	526.822	0	180	-82.2371
543.194	61.9421	526.867	0	180	-82.1819
543.247	61.8634	526.912	0	180	-82.1268
543.3	61.7846	526.957	0	180	-82.0717
543.353	61.7059	527.002	0	180	-82.0166
543.406	61.6271	527.047	0	180	-81.9615
543.459	61.5483	527.092	0	180	-81.9063
543.512	61.4696	527.137	0	180	-81.8512
543.565	61.3908	527.182	0	180	-81.7961
543.619	61.312	527.227	0	180	-81.741
543.672	61.2333	527.273	0	180	-81.6858
543.725	61.1545	527.318	0	180	-81.6307
543.778	61.0758	527.363	0	180	-81.5756
543.831	60.997	527.408	0	180	-81.5205
543.884	60.9182	527.453	0	180	-81.4654
543.937	60.8395	527.498	0	180	-81.4102
543.99	60.7607	527.543	0	180	-81.3551
544.043	60.682	527.588	0	180	-81.3
544.096	60.6032	527.633	0	180	-81.2449
544.15	60.5244	527.678	0	180	-81.1898
544.203	60.4457	527.723	0	180	-81.1346
544.256	60.3669	527.769	0	180	-81.0795
544.309	60.2882	527.814	0	180	-81.0244
544.362	60.2094	527.859	0	180	-80.9693
544.415	60.1306	527.904	0	180	-80.9142
544.468	60.0519	527.949	0	180	-80.859
544.521	59.9731	527.994	0	180	-80.8039
544.574	59.8943	528.039	0	180	-80.7488
544.627	59.8156	528.084	0	180	-80.6937
544.681	59.7368	528.129	0	180	-80.6386
544.734	59.6581	528.174	0	180	-80.5834
544.787	59.5793	528.22	0	180	-80.5283
544.84	59.5005	528.265	0	180	-80.4732
544.893	59.4218	528.31	0	180	-80.4181
544.946	59.343	528.355	0	180	-80.363
544.999	59.2643	528.4	0	180	-80.3078
545.052	59.1855	528.445	0	180	-80.2527
545.105	59.1067	528.49	0	180	-80.1976
545.158	59.028	528.535	0	180	-80.1425
545.212	58.9492	528.58	0	180	-80.0874
545.265	58.8704	528.625	0	180	-80.0322
545.318	58.7917	528.671	0	180	-79.9771
545.371	58.7129	528.716	0	180	-79.922
545.424	58.6342	528.761	0	180	-79.8669
545.477	58.5554	528.806	0	180	-79.8118
545.53	58.4766	528.851	0	180	-79.7566
545.583	58.3979	528.896	0	180	-79.7015
545.636	58.3191	528.941	0	180	-79.6464
545.689	58.2404	528.986	0	180	-79.5913
545.743	58.1616	529.031	0	180	-79.5362
545.796	58.0828	529.076	0	180	-79.481
545.849	58.0041	529.122	0	180	-79.4259
545.902	57.9253	529.167	0	180	-79.3708
545.955	57.8465	529.212	0	180	-79.3157
546.008	57.7678	529.257	0	180	-79.2606
546.061	57.689	529.302	0	180	-79.2054
546.114	57.6103	529.347	0	180	-79.1503
546.167	57.5315	529.392	0	180	-79.0952
546.22	57.4527	529.437	0	180	-79.0401
546.274	57.374	529.482	0	180	-78.985
546.327	57.2952	529.527	0	180	-78.9298
546.38	57.2165	529.573	0	180	-78.8747
546.433	57.1377	529.618	0	180	-78.8196
546.486	57.0589	529.663	0	180	-78.7645
546.539	56.9802	529.708	0	180	-78.7094
546.592	56.9014	529.753	0	180	-78.6542
546.645	56.8227	529.798	0	180	-78.5991
546.698	56.7439	529.843	0	180	-78.544
546.751	56.6651	529.888	0	180	-78.4889
546.805	56.5864	529.933	0	180	-78.4338
546.858	56.5076	529.978	0	180	-78.3786
546.911	56.4288	530.024	0	180	-78.3235
546.964	56.3501	530.069	0	180	-78.2684
547.017	56.2713	530.114	0	180	-78.2133
547.07	56.1926	530.159	0	180	-78.1582
547.123	56.1138	530.204	0	180	-78.103
547.176	56.035	530.249	0	180	-78.0479
547.229	55.9563	530.294	0	180	-77.9928
547.282	55.8775	530.339	0	180	-77.9377
547.336	55.7988	530.384	0	180	-77.8826
547.389	55.72	530.429	0	180	-77.8274
547.442	55.6412	530.475	0	180	-77.7723
547.495	55.5625	530.52	0	180	-77.7172
547.548	55.4837	530.565	0	180	-77.6621
547.601	55.4049	530.61	0	180	-77.607
547.654	55.3262	530.655	0	180	-77.5518
547.707	55.2474	530.7	0	180	-77.4967
547.76	55.1687	530.745	0	180	-77.4416
547.813	55.0899	530.79	0	180	-77.3865
547.867	55.0111	530.835	0	180	-77.3314
547.92	54.9324	530.88	0	180	-77.2762
547.973	54.8536	530.926	0	180	-77.2211
548.026	54.7749	530.971	0	180	-77.166
548.079	54.6961	531.016	0	180	-77.1109
548.132	54.6173	531.061	0	180	-77.0558
548.185	54.5386	531.106	0	180	-77.0006
548.238	54.4598	531.151	0	180	-76.9455
548.291	54.3811	531.196	0	180	-76.8904
548.344	54.3023	531.241	0	180	-76.8353
548.398	54.2235	531.286	0	180	-76.7802
548.451	54.1448	531.331	0	180	-76.725
548.504	54.066	531.377	0	180	-76.6699
548.557	53.9872	531.422	0	180	-76.6148
548.61	53.9085	531.467	0	180	-76.5597
548.663	53.8297	531.512	0	180	-76.5046
548.716	53.751	531.557	0	180	-76.4494
548.769	53.6722	531.602	0	180	-76.3943
548.822	53.5934	531.647	0	180	-76.3392
548.875	53.5147	531.692	0	180	-76.2841
548.929	53.4359	531.737	0	180	-76.229
548.982	53.3572	531.782	0	180	-76.1738
549.035	53.2784	531.828	0	180	-76.1187
549.088	53.1996	531.873	0	180	-76.0636
549.141	53.1209	531.918	0	180	-76.0085
549.194	53.0421	531.963	0	180	-75.9534
549.247	52.9633	532.008	0	180	-75.8982
549.3	52.8846	532.053	0	180	-75.8431
549.353	52.8058	532.098	0	180	-75.788
549.406	52.7271	532.143	0	180	-75.7329
549.46	52.6483	532.188	0	180	-75.6778
549.513	52.5695	532.233	0	180	-75.6226
549.566	52.4908	532.279	0	180	-75.5675
549.619	52.412	532.324	0	180	-75.5124
549.672	52.3333	532.369	0	180	-75.4573
549.725	52.2545	532.414	0	180	-75.4021
549.778	52.1757	532.459	0	180	-75.347
549.831	52.097	532.504	0	180	-75.2919
549.884	52.0182	532.549	0	180	-75.2368
549.937	51.9394	532.594	0	180	-75.1817
549.99	51.8607	532.639	0	180	-75.1265
550.044	51.7819	532.684	0	180	-75.0714
550.097	51.7032	532.73	0	180	-75.0163
550.15	51.6244	532.775	0	180	-74.9612
550.203	51.5456	532.82	0	180	-74.9061
550.256	51.4669	532.865	0	180	-74.8509
550.309	51.3881	532.91	0	180	-74.7958
550.362	51.3094	532.955	0	180	-74.7407
550.415	51.2306	533	0	180	-74.6856
550.468	51.1518	533.045	0	180	-74.6305
550.521	51.0731	533.09	0	180	-74.5753
550.575	50.9943	533.135	0	180	-74.5202
550.628	50.9156	533.181	0	180	-74.4651
550.681	50.8368	533.226	0	180	-74.41
550.734	50.758	533.271	0	180	-74.3549
550.787	50.6793	533.316	0	180	-74.2997
550.84	50.6005	533.361	0	180	-74.2446
550.893	50.5217	533.406	0	180	-74.1895
550.946	50.443	533.451	0	180	-74.1344
550.999	50.3642	533.496	0	180	-74.0793
551.052	50.2855	533.541	0	180	-74.0241
551.106	50.2067	533.586	0	180	-73.969
551.159	50.1279	533.632	0	180	-73.9139
551.212	50.0492	533.677	0	180	-73.8588
551.265	49.9704	533.722	0	180	-73.8037
551.318	49.8917	533.767	0	180	-73.7485
551.371	49.8129	533.812	0	180	-73.6934
551.424	49.7341	533.857	0	180	-73.6383
551.477	49.6554	533.902	0	180	-73.5832
551.53	49.5766	533.947	0	180	-73.5281
551.583	49.4978	533.992	0	180	-73.4729
551.637	49.4191	534.037	0	180	-73.4178
551.69	49.3403	534.083	0	180	-73.3627
551.743	49.2616	534.128	0	180	-73.3076
551.796	49.1828	534.173	0	180	-73.2525
551.849	49.104	534.218	0	180	-73.1973
551.902	49.0253	534.263	0	180	-73.1422
551.955	48.9465	534.308	0	180	-73.0871
552.008	48.8678	534.353	0	180	-73.032
552.061	48.789	534.398	0	180	-72.9769
552.114	48.7102	534.443	0	180	-72.9217
552.168	48.6315	534.488	0	180	-72.8666
552.221	48.5527	534.534	0	180	-72.8115
552.274	48.4739	534.579	0	180	-72.7564
552.327	48.3952	534.624	0	180	-72.7013
552.38	48.3164	534.669	0	180	-72.6461
552.433	48.2377	534.714	0	180	-72.591
552.486	48.1589	534.759	0	180	-72.5359
552.539	48.0801	534.804	0	180	-72.4808
552.592	48.0014	534.849	0	180	-72.4257
552.645	47.9226	534.894	0	180	-72.3705
552.699	47.8439	534.939	0	180	-72.3154
552.752	47.7651	534.985	0	180	-72.2603
552.805	47.6863	535.03	0	180	-72.2052
552.858	47.6076	535.075	0	180	-72.1501
552.911	47.5288	535.12	0	180	-72.0949
552.964	47.4501	535.165	0	180	-72.0398
553.017	47.3713	535.21	0	180	-71.9847
553.07	47.2925	535.255	0	180	-71.9296
553.123	47.2138	535.3	0	180	-71.8745
553.176	47.135	535.345	0	180	-71.8193
553.23	47.0562	535.39	0	180	-71.7642
553.283	46.9775	535.436	0	180	-71.7091
553.336	46.8987	535.481	0	180	-71.654
553.389	46.82	535.526	0	180	-71.5989
553.442	46.7412	535.571	0	180	-71.5437
553.495	46.6624	535.616	0	180	-71.4886
553.548	46.5837	535.661	0	180	-71.4335
553.601	46.5049	535.706	0	180	-71.3784
553.654	46.4262	535.751	0	180	-71.3233
553.707	46.3474	535.796	0	180	-71.2681
553.761	46.2686	535.841	0	180	-71.213
553.814	46.1899	535.887	0	180	-71.1579
553.867	46.1111	535.932	0	180	-71.1028
553.92	46.0323	535.977	0	180	-71.0477
553.973	45.9536	536.022	0	180	-70.9925
554.026	45.8748	536.067	0	180	-70.9374
554.079	45.7961	536.112	0	180	-70.8823
554.132	45.7173	536.157	0	180	-70.8272
554.185	45.6385	536.202	0	180	-70.7721
554.238	45.5598	536.247	0	180	-70.7169
554.292	45.481	536.292	0	180	-70.6618
554.345	45.4023	536.338	0	180	-70.6067
554.398	45.3235	536.383	0	180	-70.5516
554.451	45.2447	536.428	0	180	-70.4965
554.504	45.166	536.473	0	180	-70.4413
554.557	45.0872	536.518	0	180	-70.3862
554.61	45.0084	536.563	0	180	-70.3311
554.663	44.9297	536.608	0	180	-70.276
554.716	44.8509	536.653	0	180	-70.2209
554.769	44.7722	536.698	0	180	-70.1657
554.823	44.6934	536.743	0	180	-70.1106
554.876	44.6146	536.788	0	180	-70.0555
554.929	44.5359	536.834	0	180	-70.0004
554.982	44.4571	536.879	0	180	-69.9453
555.035	44.3784	536.924	0	180	-69.8901
555.088	44.2996	536.969	0	180	-69.835
555.141	44.2208	537.014	0	180	-69.7799
555.194	44.1421	537.059	0	180	-69.7248
555.247	44.0633	537.104	0	180	-69.6697
555.3	43.9846	537.149	0	180	-69.6145
555.354	43.9058	537.194	0	180	-69.5594
555.407	43.827	537.239	0	180	-69.5043
555.46	43.7483	537.285	0	180	-69.4492
555.513	43.6695	537.33	0	180	-69.3941
555.566	43.5907	537.375	0	180	-69.3389
555.619	43.512	537.42	0	180	-69.2838
555.672	43.4332	537.465	0	180	-69.2287
555.725	43.3545	537.51	0	180	-69.1736
555.778	43.2757	537.555	0	180	-69.1185
555.831	43.1969	537.6	0	180	-69.0633
555.885	43.1182	537.645	0	180	-69.0082
555.938	43.0394	537.69	0	180	-68.9531
555.991	42.9607	537.736	0	180	-68.898
556.044	42.8819	537.781	0	180	-68.8428
556.097	42.8031	537.826	0	180	-68.7877
556.15	42.7244	537.871	0	180	-68.7326
556.203	42.6456	537.916	0	180	-68.6775
556.256	42.5668	537.961	0	180	-68.6224
556.309	42.4881	538.006	0	180	-68.5672
556.362	42.4093	538.051	0	180	-68.5121
556.416	42.3306	538.096	0	180	-68.457
556.469	42.2518	538.141	0	180	-68.4019
556.522	42.173	538.187	0	180	-68.3468
556.575	42.0943	538.232	0	180	-68.2916
556.628	42.0155	538.277	0	180	-68.2365
556.681	41.9368	538.322	0	180	-68.1814
556.734	41.858	538.367	0	180	-68.1263
556.787	41.7792	538.412	0	180	-68.0712
556.84	41.7005	538.457	0	180	-68.016
556.893	41.6217	538.502	0	180	-67.9609
556.947	41.543	538.547	0	180	-67.9058
557	41.4642	538.592	0	180	-67.8507
557.053	41.3854	538.638	0	180	-67.7956
557.106	41.3067	538.683	0	180	-67.7404
557.159	41.2279	538.728	0	180	-67.6853
557.212	41.1491	538.773	0	180	-67.6302
557.265	41.0704	538.818	0	180	-67.5751
557.318	40.9916	538.863	0	180	-67.52
557.371	40.9129	538.908	0	180	-67.4648
557.424	40.8341	538.953	0	180	-67.4097
557.478	40.7553	538.998	0	180	-67.3546
557.531	40.6766	539.043	0	180	-67.2995
557.584	40.5978	539.089	0	180	-67.2444
557.637	40.5191	539.134	0	180	-67.1892
557.69	40.4403	539.179	0	180	-67.1341
557.743	40.3615	539.224	0	180	-67.079
557.796	40.2828	539.269	0	180	-67.0239
557.849	40.204	539.314	0	180	-66.9688
557.902	40.1252	539.359	0	180	-66.9136
557.955	40.0465	539.404	0	180	-66.8585
558.009	39.9677	539.449	0	180	-66.8034
558.062	39.889	539.494	0	180	-66.7483
558.115	39.8102	539.54	0	180	-66.6932
558.168	39.7314	539.585	0	180	-66.638
558.221	39.6527	539.63	0	180	-66.5829
558.274	39.5739	539.675	0	180	-66.5278
558.327	39.4952	539.72	0	180	-66.4727
558.38	39.4164	539.765	0	180	-66.4176
558.433	39.3376	539.81	0	180	-66.3624
558.486	39.2589	539.855	0	180	-66.3073
558.54	39.1801	539.9	0	180	-66.2522
558.593	39.1013	539.945	0	180	-66.1971
558.646	39.0226	539.991	0	180	-66.142
558.699	38.9438	540.036	0	180	-66.0868
558.752	38.8651	540.081	0	180	-66.0317
558.805	38.7863	540.126	0	180	-65.9766
558.858	38.7075	540.171	0	180	-65.9215
558.911	38.6288	540.216	0	180	-65.8664
558.964	38.55	540.261	0	180	-65.8112
559.017	38.4713	540.306	0	180	-65.7561
559.071	38.3925	540.351	0	180	-65.701
559.124	38.3137	540.396	0	180	-65.6459
559.177	38.235	540.442	0	180	-65.5908
559.23	38.1562	540.487	0	180	-65.5356
559.283	38.0775	540.532	0	180	-65.4805
559.336	37.9987	540.577	0	180	-65.4254
559.389	37.9199	540.622	0	180	-65.3703
559.442	37.8412	540.667	0	180	-65.3152
559.495	37.7624	540.712	0	180	-65.26
559.548	37.6836	540.757	0	180	-65.2049
559.602	37.6049	540.802	0	180	-65.1498
559.655	37.5261	540.847	0	180	-65.0947
559.708	37.4474	540.893	0	180	-65.0396
559.761	37.3686	540.938	0	180	-64.9844
559.814	37.2898	540.983	0	180	-64.9293
559.867	37.2111	541.028	0	180	-64.8742
559.92	37.1323	541.073	0	180	-64.8191
559.973	37.0536	541.118	0	180	-64.764
560.026	36.9748	541.163	0	180	-64.7088
560.079	36.896	541.208	0	180	-64.6537
560.132	36.8173	541.253	0	180	-64.5986
560.186	36.7385	541.298	0	180	-64.5435
560.239	36.6597	541.344	0	180	-64.4884
560.292	36.581	541.389	0	180	-64.4332
560.345	36.5022	541.434	0	180	-64.3781
560.398	36.4235	541.479	0	180	-64.323
560.451	36.3447	541.524	0	180	-64.2679
560.504	36.2659	541.569	0	180	-64.2128
560.557	36.1872	541.614	0	180	-64.1576
560.61	36.1084	541.659	0	180	-64.1025
560.663	36.0297	541.704	0	180	-64.0474
560.717	35.9509	541.749	0	180	-63.9923
560.77	35.8721	541.795	0	180	-63.9372
560.823	35.7934	541.84	0	180	-63.882
560.876	35.7146	541.885	0	180	-63.8269
560.929	35.6358	541.93	0	180	-63.7718
560.982	35.5571	541.975	0	180	-63.7167
561.035	35.4783	542.02	0	180	-63.6616
561.088	35.3996	542.065	0	180	-63.6064
561.141	35.3208	542.11	0	180	-63.5513
561.194	35.242	542.155	0	180	-63.4962
561.248	35.1633	542.2	0	180	-63.4411
561.301	35.0845	542.246	0	180	-63.386
561.354	35.0058	542.291	0	180	-63.3308
561.407	34.927	542.336	0	180	-63.2757
561.46	34.8482	542.381	0	180	-63.2206
561.513	34.7695	542.426	0	180	-63.1655
561.566	34.6907	542.471	0	180	-63.1104
561.619	34.612	542.516	0	180	-63.0552
561.672	34.5332	542.561	0	180	-63.0001
561.725	34.4544	542.606	0	180	-62.945
561.779	34.3757	542.651	0	180	-62.8899
561.832	34.2969	542.697	0	180	-62.8348
561.885	34.2181	542.742	0	180	-62.7796
561.938	34.1394	542.787	0	180	-62.7245
561.991	34.0606	542.832	0	180	-62.6694
562.044	33.9819	542.877	0	180	-62.6143
562.097	33.9031	542.922	0	180	-62.5591
562.15	33.8243	542.967	0	180	-62.504
562.203	33.7456	543.012	0	180	-62.4489
562.256	33.6668	543.057	0	180	-62.3938
562.31	33.5881	543.102	0	180	-62.3387
562.363	33.5093	543.148	0	180	-62.2835
562.416	33.4305	543.193	0	180	-62.2284
562.469	33.3518	543.238	0	180	-62.1733
562.522	33.273	543.283	0	180	-62.1182
562.575	33.1942	543.328	0	180	-62.0631
562.628	33.1155	543.373	0	180	-62.0079
562.681	33.0367	543.418	0	180	-61.9528
562.734	32.958	543.463	0	180	-61.8977
562.787	32.8792	543.508	0	180	-61.8426
562.841	32.8004	543.553	0	180	-61.7875
562.894	32.7217	543.599	0	180	-61.7323
562.947	32.6429	543.644	0	180	-61.6772
563	32.5642	543.689	0	180	-61.6221
563.053	32.4854	543.734	0	180	-61.567
563.106	32.4066	543.779	0	180	-61.5119
563.159	32.3279	543.824	0	180	-61.4567
563.212	32.2491	543.869	0	180	-61.4016
563.265	32.1703	543.914	0	180	-61.3465
563.318	32.0916	543.959	0	180	-61.2914
563.372	32.0128	544.004	0	180	-61.2363
563.425	31.9341	544.05	0	180	-61.1811
563.478	31.8553	544.095	0	180	-61.126
563.531	31.7765	544.14	0	180	-61.0709
563.584	31.6978	544.185	0	180	-61.0158
563.637	31.619	544.23	0	180	-60.9607
563.69	31.5403	544.275	0	180	-60.9055
563.743	31.4615	544.32	0	180	-60.8504
563.796	31.3827	544.365	0	180	-60.7953
563.849	31.304	544.41	0	180	-60.7402
563.903	31.2252	544.455	0	180	-60.6851
563.956	31.1465	544.501	0	180	-60.6299
564.009	31.0677	544.546	0	180	-60.5748
564.062	30.9889	544.591	0	180	-60.5197
564.115	30.9102	544.636	0	180	-60.4646
564.168	30.8314	544.681	0	180	-60.4095
564.221	30.7526	544.726	0	180	-60.3543
564.274	30.6739	544.771	0	180	-60.2992
564.327	30.5951	544.816	0	180	-60.2441
564.38	30.5164	544.861	0	180	-60.189
564.434	30.4376	544.906	0	180	-60.1339
564.487	30.3588	544.952	0	180	-60.0787
564.54	30.2801	544.997	0	180	-60.0236
564.593	30.2013	545.042	0	180	-59.9685
564.646	30.1226	545.087	0	180	-59.9134
564.699	30.0438	545.132	0	180	-59.8583
564.752	29.965	545.177	0	180	-59.8031
564.805	29.8863	545.222	0	180	-59.748
564.858	29.8075	545.267	0	180	-59.6929
564.911	29.7287	545.312	0	180	-59.6378
564.965	29.65	545.357	0	180	-59.5827
565.018	29.5712	545.403	0	180	-59.5275
565.071	29.4925	545.448	0	180	-59.4724
565.124	29.4137	545.493	0	180	-59.4173
565.177	29.3349	545.538	0	180	-59.3622
565.23	29.2562	545.583	0	180	-59.3071
565.283	29.1774	545.628	0	180	-59.2519
565.336	29.0987	545.673	0	180	-59.1968
565.389	29.0199	545.718	0	180	-59.1417
565.442	28.9411	545.763	0	180	-59.0866
565.496	28.8624	545.808	0	180	-59.0315
565.549	28.7836	545.853	0	180	-58.9763
565.602	28.7048	545.899	0	180	-58.9212
565.655	28.6261	545.943	0	180	-58.8661
565.708	28.5473	545.986	0	180	-58.811
565.761	28.4686	546.028	0	180	-58.7559
565.814	28.3898	546.07	0	180	-58.7007
565.867	28.311	546.11	0	180	-58.6456
565.92	28.2323	546.149	0	180	-58.5905
565.973	28.1535	546.188	0	180	-58.5354
566.027	28.0748	546.225	0	180	-58.4803
566.08	27.996	546.261	0	180	-58.4251
566.133	27.9172	546.297	0	180	-58.37
566.186	27.8385	546.331	0	180	-58.3149
566.239	27.7597	546.364	0	180	-58.2598
566.292	27.681	546.396	0	180	-58.2047
566.345	27.6022	546.428	0	180	-58.1495
566.398	27.5234	546.458	0	180	-58.0944
566.451	27.4447	546.487	0	180	-58.0393
566.504	27.3659	546.516	0	180	-57.9842
566.558	27.2871	546.543	0	180	-57.9291
566.611	27.2084	546.569	0	180	-57.8739
566.664	27.1296	546.595	0	180	-57.8188
566.717	27.0509	546.619	0	180	-57.7637
566.77	26.9721	546.642	0	180	-57.7086
566.823	26.8933	546.665	0	180	-57.6535
566.876	26.8146	546.686	0	180	-57.5983
566.929	26.7358	546.706	0	180	-57.5432
566.982	26.6571	546.725	0	180	-57.4881
567.035	26.5783	546.744	0	180	-57.433
567.089	26.4995	546.761	0	180	-57.3779
567.142	26.4208	546.777	0	180	-57.3227
567.195	26.342	546.793	0	180	-57.2676
567.248	26.2632	546.807	0	180	-57.2125
567.301	26.1845	546.82	0	180	-57.1574
567.354	26.1057	546.833	0	180	-57.1023
567.407	26.027	546.844	0	180	-57.0471
567.46	25.9482	546.854	0	180	-56.992
567.513	25.8694	546.863	0	180	-56.9369
567.566	25.7907	546.872	0	180	-56.8818
567.62	25.7119	546.879	0	180	-56.8267
567.673	25.6332	546.885	0	180	-56.7715
567.726	25.5544	546.891	0	180	-56.7164
567.779	25.4756	546.895	0	180	-56.6613
567.832	25.3969	546.898	0	180	-56.6062
567.885	25.3181	546.901	0	180	-56.5511
567.938	25.2394	546.902	0	180	-56.4959
567.991	25.1606	546.902	0	180	-56.4408
568.044	25.0818	546.901	0	180	-56.3857
568.097	25.0031	546.9	0	180	-56.3306
568.151	24.9243	546.897	0	180	-56.2755
568.204	24.8455	546.893	0	180	-56.2203
568.257	24.7668	546.889	0	180	-56.1652
568.31	24.688	546.883	0	180	-56.1101
568.363	24.6093	546.876	0	180	-56.055
568.416	24.5305	546.869	0	180	-55.9998
568.469	24.4517	546.86	0	180	-55.9447
568.522	24.373	546.85	0	180	-55.8896
568.575	24.2942	546.84	0	180	-55.8345
568.628	24.2155	546.828	0	180	-55.7794
568.682	24.1367	546.815	0	180	-55.7242
568.735	24.0579	546.801	0	180	-55.6691
568.788	23.9792	546.787	0	180	-55.614
568.841	23.9004	546.771	0	180	-55.5589
568.894	23.8216	546.754	0	180	-55.5038
568.947	23.7429	546.737	0	180	-55.4486
569	23.6641	546.718	0	180	-55.3935
569.053	23.5854	546.698	0	180	-55.3384
569.106	23.5066	546.678	0	180	-55.2833
569.159	23.4278	546.656	0	180	-55.2282
569.213	23.3491	546.633	0	180	-55.173
569.266	23.2703	546.609	0	180	-55.1179
569.319	23.1916	546.585	0	180	-55.0628
569.372	23.1128	546.559	0	180	-55.0077
569.425	23.034	546.532	0	180	-54.9526
569.478	22.9553	546.505	0	180	-54.8974
569.531	22.8765	546.476	0	180	-54.8423
569.584	22.7977	546.446	0	180	-54.7872
569.637	22.719	546.416	0	180	-54.7321
569.69	22.6402	546.384	0	180	-54.677
569.743	22.5615	546.351	0	180	-54.6218
569.797	22.4827	546.317	0	180	-54.5667
569.85	22.4039	546.283	0	180	-54.5116
569.903	22.3252	546.247	0	180	-54.4571
569.956	22.2464	546.21	0	180	-54.4035
570.009	22.1677	546.173	0	180	-54.351
570.062	22.0889	546.134	0	180	-54.2995
570.115	22.0101	546.094	0	180	-54.2489
570.168	21.9314	546.054	0	180	-54.1994
570.221	21.8526	546.012	0	180	-54.1509
570.274	21.7739	545.969	0	180	-54.1033
570.327	21.696	545.926	0	180	-54.0568
570.38	21.6191	545.881	0	180	-54.0113
570.431	21.5432	545.835	0	180	-53.9667
570.481	21.4683	545.788	0	180	-53.9232
570.53	21.3944	545.741	0	180	-53.8806
570.578	21.3215	545.692	0	180	-53.8391
570.627	21.2493	545.642	0	180	-53.7986
570.675	21.1772	545.592	0	180	-53.759
570.723	21.105	545.54	0	180	-53.7205
570.772	21.0328	545.487	0	180	-53.683
570.82	20.9607	545.434	0	180	-53.6464
570.868	20.8885	545.379	0	180	-53.6109
570.917	20.8164	545.323	0	180	-53.5764
570.965	20.7442	545.266	0	180	-53.5428
571.013	20.672	545.209	0	180	-53.5098
571.062	20.5999	545.15	0	180	-53.4767
571.11	20.5277	545.09	0	180	-53.4436
571.158	20.4556	545.03	0	180	-53.4106
571.207	20.3834	544.968	0	180	-53.3775
571.255	20.3112	544.905	0	180	-53.3444
571.303	20.2391	544.842	0	180	-53.3114
571.352	20.1669	544.777	0	180	-53.2783
571.4	20.0947	544.711	0	180	-53.2452
571.448	20.0226	544.644	0	180	-53.2121
571.497	19.9504	544.577	0	180	-53.1791
571.545	19.8783	544.508	0	180	-53.146
571.593	19.8061	544.438	0	180	-53.1129
571.642	19.7339	544.368	0	180	-53.0799
571.69	19.6618	544.296	0	180	-53.0468
571.738	19.5896	544.223	0	180	-53.0137
571.786	19.5175	544.15	0	180	-52.9807
571.835	19.4453	544.075	0	180	-52.9476
571.883	19.3731	543.999	0	180	-52.9145
571.931	19.301	543.923	0	180	-52.8815
571.98	19.2288	543.845	0	180	-52.8484
572.028	19.1567	543.766	0	180	-52.8153
572.076	19.0845	543.686	0	180	-52.7823
572.125	19.0123	543.606	0	180	-52.7492
572.173	18.9402	543.524	0	180	-52.7161
572.221	18.868	543.441	0	180	-52.6831
572.27	18.7959	543.358	0	180	-52.65
572.318	18.7237	543.273	0	180	-52.6169
572.366	18.6515	543.187	0	180	-52.5838
572.415	18.5794	543.101	0	180	-52.5508
572.463	18.5072	543.013	0	180	-52.5177
572.511	18.4351	542.924	0	180	-52.4846
572.56	18.3629	542.834	0	180	-52.4516
572.608	18.2907	542.744	0	180	-52.4185
572.656	18.2186	542.652	0	180	-52.3854
572.705	18.1464	542.559	0	180	-52.3524
572.753	18.0743	542.466	0	180	-52.3193
572.801	18.0021	542.371	0	180	-52.2862
572.85	17.9299	542.275	0	180	-52.2532
572.898	17.8578	542.179	0	180	-52.2201
572.946	17.7856	542.081	0	180	-52.187
572.995	17.7135	541.982	0	180	-52.154
573.043	17.6413	541.882	0	180	-52.1209
573.091	17.5691	541.782	0	180	-52.0878
573.139	17.497	541.68	0	180	-52.0548
573.188	17.4248	541.577	0	180	-52.0217
573.236	17.3527	541.474	0	180	-51.9886
573.284	17.2805	541.369	0	180	-51.9555
573.333	17.2083	541.263	0	180	-51.9225
573.381	17.1362	541.157	0	180	-51.8894
573.429	17.064	541.049	0	180	-51.8563
573.478	16.9919	540.94	0	180	-51.8233
573.526	16.9197	540.831	0	180	-51.7902
573.574	16.8475	540.72	0	180	-51.7571
573.623	16.7754	540.608	0	180	-51.7241
573.671	16.7032	540.495	0	180	-51.691
573.719	16.6311	540.382	0	180	-51.6579
573.768	16.5589	540.267	0	180	-51.6249
573.816	16.4867	540.151	0	180	-51.5918
573.864	16.4146	540.035	0	180	-51.5587
573.913	16.3424	539.917	0	180	-51.5257
573.961	16.2703	539.798	0	180	-51.4926
574.009	16.1981	539.679	0	180	-51.4595
574.058	16.1259	539.558	0	180	-51.4265
574.106	16.0538	539.436	0	180	-51.3934
574.154	15.9816	539.313	0	180	-51.3603
574.203	15.9095	539.19	0	180	-51.3273
574.251	15.8373	539.065	0	180	-51.2942
574.299	15.7651	538.939	0	180	-51.2611
574.348	15.693	538.813	0	180	-51.228
574.396	15.6208	538.685	0	180	-51.195
574.444	15.5487	538.556	0	180	-51.1619
574.492	15.4765	538.427	0	180	-51.1288
574.541	15.4043	538.296	0	180	-51.0958
574.589	15.3322	538.164	0	180	-51.0627
574.637	15.26	538.031	0	180	-51.0296
574.686	15.1878	537.898	0	180	-50.9966
574.734	15.1157	537.763	0	180	-50.9635
574.782	15.0435	537.627	0	180	-50.9304
574.831	14.9714	537.491	0	180	-50.8974
574.879	14.8992	537.353	0	180	-50.8643
574.927	14.827	537.216	0	180	-50.8312
574.976	14.7549	537.079	0	180	-50.7982
575.024	14.6827	536.941	0	180	-50.7651
575.072	14.6106	536.804	0	180	-50.732
575.121	14.5384	536.666	0	180	-50.699
575.169	14.4662	536.529	0	180	-50.6659
575.217	14.3941	536.392	0	180	-50.6328
575.266	14.3219	536.254	0	180	-50.5997
575.314	14.2498	536.117	0	180	-50.5667
575.362	14.1776	535.98	0	180	-50.5336
575.411	14.1054	535.842	0	180	-50.5005
575.459	14.0333	535.705	0	180	-50.4675
575.507	13.9611	535.567	0	180	-50.4344
575.556	13.889	535.43	0	180	-50.4013
575.604	13.8168	535.293	0	180	-50.3683
575.652	13.7446	535.155	0	180	-50.3352
575.7	13.6725	535.018	0	180	-50.3021
575.749	13.6003	534.881	0	180	-50.2691
575.797	13.5282	534.743	0	180	-50.236
575.845	13.456	534.606	0	180	-50.2029
575.894	13.3838	534.468	0	180	-50.1699
575.942	13.3117	534.331	0	180	-50.1368
575.99	13.2395	534.194	0	180	-50.1037
576.039	13.1674	534.056	0	180	-50.0707
576.087	13.0952	533.919	0	180	-50.0376
576.135	13.023	533.782	0	180	-50.0045
576.184	12.9509	533.644	0	180	-49.9714
576.232	12.8787	533.507	0	180	-49.9384
576.28	12.8066	533.369	0	180	-49.9053
576.329	12.7344	533.232	0	180	-49.8722
576.377	12.6622	533.095	0	180	-49.8392
576.425	12.5901	532.957	0	180	-49.8061
576.474	12.5179	532.82	0	180	-49.773
576.522	12.4458	532.683	0	180	-49.74
576.57	12.3736	532.545	0	180	-49.7069
576.619	12.3014	532.408	0	180	-49.6738
576.667	12.2293	532.27	0	180	-49.6408
576.715	12.1571	532.133	0	180	-49.6077
576.764	12.085	531.996	0	180	-49.5746
576.812	12.0128	531.858	0	180	-49.5416
576.86	11.9406	531.721	0	180	-49.5085
576.909	11.8685	531.584	0	180	-49.4754
576.957	11.7963	531.446	0	180	-49.4424
577.005	11.7242	531.309	0	180	-49.4093
577.053	11.652	531.171	0	180	-49.3762
577.102	11.5798	531.034	0	180	-49.3432
577.15	11.5077	530.897	0	180	-49.3101
577.198	11.4355	530.759	0	180	-49.277
577.247	11.3634	530.622	0	180	-49.2439
577.295	11.2912	530.485	0	180	-49.2109
577.343	11.219	530.347	0	180	-49.1778
577.392	11.1469	530.21	0	180	-49.1447
577.44	11.0747	530.072	0	180	-49.1117
577.488	11.0026	529.935	0	180	-49.0786
577.537	10.9304	529.798	0	180	-49.0455
577.585	10.8582	529.66	0	180	-49.0125
577.633	10.7861	529.523	0	180	-48.9794
577.682	10.7139	529.386	0	180	-48.9463
577.73	10.6418	529.248	0	180	-48.9133
577.778	10.5696	529.111	0	180	-48.8802
577.827	10.4974	528.973	0	180	-48.8471
577.875	10.4253	528.836	0	180	-48.8141
577.923	10.3531	528.699	0	180	-48.781
577.972	10.281	528.561	0	180	-48.7479
578.02	10.2088	528.424	0	180	-48.7149
578.068	10.1366	528.287	0	180	-48.6818
578.117	10.0645	528.149	0	180	-48.6487
578.165	9.99231	528.012	0	180	-48.6156
578.213	9.92015	527.874	0	180	-48.5826
578.261	9.84799	527.737	0	180	-48.5495
578.31	9.77583	527.6	0	180	-48.5164
578.358	9.70367	527.462	0	180	-48.4834
578.406	9.63151	527.325	0	180	-48.4503
578.455	9.55935	527.187	0	180	-48.4172
578.503	9.48719	527.05	0	180	-48.3842
578.551	9.41503	526.913	0	180	-48.3511
578.6	9.34287	526.775	0	180	-48.318
578.648	9.27071	526.638	0	180	-48.285
578.696	9.19855	526.501	0	180	-48.2519
578.745	9.12639	526.363	0	180	-48.2188
578.793	9.05423	526.226	0	180	-48.1858
578.841	8.98206	526.088	0	180	-48.1527
578.89	8.9099	525.951	0	180	-48.1196
578.938	8.83774	525.814	0	180	-48.0866
578.986	8.76558	525.676	0	180	-48.0535
579.035	8.69342	525.539	0	180	-48.0204
579.083	8.62126	525.402	0	180	-47.9874
579.131	8.5491	525.264	0	180	-47.9543
579.18	8.47694	525.127	0	180	-47.9212
579.228	8.40478	524.989	0	180	-47.8881
579.276	8.33262	524.852	0	180	-47.8551
579.325	8.26046	524.715	0	180	-47.822
579.373	8.1883	524.577	0	180	-47.7889
579.421	8.11614	524.44	0	180	-47.7559
579.47	8.04398	524.303	0	180	-47.7228
579.518	7.97182	524.165	0	180	-47.6897
579.566	7.89966	524.028	0	180	-47.6567
579.614	7.8275	523.89	0	180	-47.6236
579.663	7.75534	523.753	0	180	-47.5905
579.711	7.68318	523.616	0	180	-47.5575
579.759	7.61102	523.478	0	180	-47.5244
579.808	7.53886	523.341	0	180	-47.4913
579.856	7.4667	523.204	0	180	-47.4583
579.904	7.39454	523.066	0	180	-47.4252
579.953	7.32238	522.929	0	180	-47.3921
580.001	7.25022	522.791	0	180	-47.3591
580.049	7.17806	522.654	0	180	-47.326
580.098	7.1059	522.517	0	180	-47.2929
580.146	7.03374	522.379	0	180	-47.2598
580.194	6.96158	522.242	0	180	-47.2268
580.243	6.88942	522.105	0	180	-47.1937
580.291	6.81726	521.967	0	180	-47.1606
580.339	6.7451	521.83	0	180	-47.1276
580.388	6.67294	521.692	0	180	-47.0945
580.436	6.60078	521.555	0	180	-47.0614
580.484	6.52861	521.418	0	180	-47.0284
580.533	6.45645	521.28	0	180	-46.9953
580.581	6.38429	521.143	0	180	-46.9622
580.629	6.31213	521.006	0	180	-46.9292
580.678	6.23997	520.868	0	180	-46.8961
580.726	6.16781	520.731	0	180	-46.863
580.774	6.09565	520.593	0	180	-46.83
580.823	6.02349	520.456	0	180	-46.7969
580.871	5.95133	520.319	0	180	-46.7638
580.919	5.87917	520.181	0	180	-46.7308
580.967	5.80701	520.044	0	180	-46.6977
581.016	5.73485	519.907	0	180	-46.6646
581.064	5.66269	519.769	0	180	-46.6315
581.112	5.59053	519.632	0	180	-46.5985
581.161	5.51837	519.494	0	180	-46.5654
581.209	5.44621	519.357	0	180	-46.5323
581.257	5.37405	519.22	0	180	-46.4993
581.306	5.30189	519.082	0	180	-46.4662
581.354	5.22973	518.945	0	180	-46.4331
581.402	5.15757	518.808	0	180	-46.4001
581.451	5.08541	518.67	0	180	-46.367
581.499	5.01325	518.533	0	180	-46.3339
581.547	4.94109	518.395	0	180	-46.3009
581.596	4.86893	518.258	0	180	-46.2678
581.644	4.79677	518.121	0	180	-46.2347
581.692	4.72461	517.983	0	180	-46.2017
581.741	4.65245	517.846	0	180	-46.1686
581.789	4.58029	517.709	0	180	-46.1355
581.837	4.50813	517.571	0	180	-46.1025
581.886	4.43597	517.434	0	180	-46.0694
581.934	4.36381	517.296	0	180	-46.0363
581.982	4.29165	517.159	0	180	-46.0033
582.031	4.21949	517.022	0	180	-45.9702
582.079	4.14733	516.884	0	180	-45.9371
582.127	4.07517	516.747	0	180	-45.904
582.175	4.003	516.61	0	180	-45.871
582.224	3.93084	516.472	0	180	-45.8379
582.272	3.85868	516.335	0	180	-45.8048
582.32	3.78652	516.197	0	180	-45.7718
582.369	3.71436	516.06	0	180	-45.7387
582.417	3.6422	515.923	0	180	-45.7056
582.465	3.57004	515.785	0	180	-45.6726
582.514	3.49788	515.648	0	180	-45.6395
582.562	3.42572	515.511	0	180	-45.6064
582.61	3.35356	515.373	0	180	-45.5734
582.659	3.2814	515.236	0	180	-45.5403
582.707	3.20924	515.098	0	180	-45.5072
582.755	3.13708	514.961	0	180	-45.4742
582.804	3.06492	514.824	0	180	-45.4411
582.852	2.99276	514.686	0	180	-45.408
582.9	2.9206	514.549	0	180	-45.375
582.949	2.84844	514.412	0	180	-45.3419
582.997	2.77628	514.274	0	180	-45.3088
583.045	2.70412	514.137	0	180	-45.2757
583.094	2.63196	513.999	0	180	-45.2427
583.142	2.5598	513.862	0	180	-45.2096
583.19	2.48764	513.725	0	180	-45.1765
583.239	2.41548	513.587	0	180	-45.1435
583.287	2.34332	513.45	0	180	-45.1104
583.335	2.27116	513.313	0	180	-45.0773
583.384	2.199	513.175	0	180	-45.0443
583.432	2.12684	513.038	0	180	-45.0112
583.48	2.05468	512.9	0	180	-44.9781
583.528	1.98252	512.763	0	180	-44.9451
583.577	1.91036	512.626	0	180	-44.912
583.625	1.8382	512.488	0	180	-44.8789
583.673	1.76604	512.351	0	180	-44.8459
583.722	1.69388	512.214	0	180	-44.8128
583.77	1.62172	512.076	0	180	-44.7797
583.818	1.54955	511.939	0	180	-44.7467
583.867	1.47739	511.801	0	180	-44.7136
583.915	1.40523	511.664	0	180	-44.6805
583.963	1.33307	511.527	0	180	-44.6474
584.012	1.26091	511.389	0	180	-44.6144
584.06	1.18875	511.252	0	180	-44.5813
584.108	1.11659	511.114	0	180	-44.5482
584.157	1.04443	510.977	0	180	-44.5152
584.205	0.972273	510.84	0	180	-44.4821
584.253	0.900112	510.702	0	180	-44.449
584.302	0.827952	510.565	0	180	-44.416
584.35	0.755792	510.428	0	180	-44.3829
584.398	0.683631	510.29	0	180	-44.3498
584.447	0.611471	510.153	0	180	-44.3168
584.495	0.539311	510.015	0	180	-44.2837
584.543	0.467151	509.878	0	180	-44.2506
584.592	0.39499	509.741	0	180	-44.2176
584.64	0.32283	509.603	0	180	-44.1845
584.688	0.25067	509.466	0	180	-44.1514
584.736	0.178509	509.329	0	180	-44.1184
584.785	0.106349	509.191	0	180	-44.0853
584.833	0.0341888	509.054	0	180	-44.0522
584.881	-0.0379715	508.916	0	180	-44.0192
584.93	-0.110132	508.779	0	180	-43.9861
584.978	-0.182292	508.642	0	180	-43.953
585.026	-0.254452	508.504	0	180	-43.9199
585.075	-0.326613	508.367	0	180	-43.8869
585.123	-0.398773	508.23	0	180	-43.8538
585.171	-0.470933	508.092	0	180	-43.8207
585.22	-0.543093	507.955	0	180	-43.7877
585.268	-0.615254	507.817	0	180	-43.7546
585.316	-0.687414	507.68	0	180	-43.7215
585.365	-0.759574	507.543	0	180	-43.6885
585.413	-0.831735	507.405	0	180	-43.6554
585.461	-0.903895	507.268	0	180	-43.6223
585.51	-0.976055	507.131	0	180	-43.5893
585.558	-1.04822	506.993	0	180	-43.5562
585.606	-1.12038	506.856	0	180	-43.5231
585.655	-1.19254	506.718	0	180	-43.4901
585.703	-1.2647	506.581	0	180	-43.457
585.751	-1.33686	506.444	0	180	-43.4239
585.8	-1.40902	506.306	0	180	-43.3909
585.848	-1.48118	506.169	0	180	-43.3578
585.896	-1.55334	506.032	0	180	-43.3247
585.945	-1.6255	505.894	0	180	-43.2916
585.993	-1.69766	505.757	0	180	-43.2586
586.041	-1.76982	505.619	0	180	-43.2255
586.089	-1.84198	505.482	0	180	-43.1924
586.138	-1.91414	505.345	0	180	-43.1594
586.186	-1.9863	505.207	0	180	-43.1263
586.234	-2.05846	505.07	0	180	-43.0932
586.283	-2.13062	504.933	0	180	-43.0602
586.331	-2.20278	504.795	0	180	-43.0271
586.379	-2.27494	504.658	0	180	-42.994
586.428	-2.3471	504.52	0	180	-42.961
586.476	-2.41926	504.383	0	180	-42.9279
586.524	-2.49142	504.246	0	180	-42.8948
586.573	-2.56358	504.108	0	180	-42.8618
586.621	-2.63574	503.971	0	180	-42.8287
586.669	-2.7079	503.834	0	180	-42.7956
586.718	-2.78006	503.696	0	180	-42.7626
586.766	-2.85222	503.559	0	180	-42.7295
586.814	-2.92438	503.421	0	180	-42.6964
586.863	-2.99654	503.284	0	180	-42.6634
586.911	-3.0687	503.147	0	180	-42.6303
586.959	-3.14086	503.009	0	180	-42.5972
587.008	-3.21302	502.872	0	180	-42.5641
587.056	-3.28518	502.735	0	180	-42.5311
587.104	-3.35734	502.597	0	180	-42.498
587.153	-3.42951	502.46	0	180	-42.4649
587.201	-3.50167	502.322	0	180	-42.4319
587.249	-3.57383	502.185	0	180	-42.3988
587.297	-3.64599	502.048	0	180	-42.3657
587.346	-3.71815	501.91	0	180	-42.3327
587.394	-3.79031	501.773	0	180	-42.2996
587.442	-3.86247	501.636	0	180	-42.2665
587.491	-3.93463	501.498	0	180	-42.2335
587.539	-4.00679	501.361	0	180	-42.2004
587.587	-4.07895	501.223	0	180	-42.1673
587.636	-4.15111	501.086	0	180	-42.1343
587.684	-4.22327	500.949	0	180	-42.1012
587.732	-4.29543	500.811	0	180	-42.0681
587.781	-4.36759	500.674	0	180	-42.0351
587.829	-4.43975	500.537	0	180	-42.002
587.877	-4.51191	500.399	0	180	-41.9689
587.926	-4.58407	500.262	0	180	-41.9358
587.974	-4.65623	500.124	0	180	-41.9028
588.022	-4.72839	499.987	0	180	-41.8697
588.071	-4.80055	499.85	0	180	-41.8366
588.119	-4.87271	499.712	0	180	-41.8036
588.167	-4.94487	499.575	0	180	-41.7705
588.216	-5.01703	499.438	0	180	-41.7374
588.264	-5.08919	499.3	0	180	-41.7044
588.312	-5.16135	499.163	0	180	-41.6713
588.361	-5.23351	499.025	0	180	-41.6382
588.409	-5.30567	498.888	0	180	-41.6052
588.457	-5.37783	498.751	0	180	-41.5721
588.506	-5.44999	498.613	0	180	-41.539
588.554	-5.52215	498.476	0	180	-41.506
588.602	-5.59431	498.339	0	180	-41.4729
588.65	-5.66647	498.201	0	180	-41.4398
588.699	-5.73863	498.064	0	180	-41.4068
588.747	-5.81079	497.926	0	180	-41.3737
588.795	-5.88295	497.789	0	180	-41.3406
588.844	-5.95512	497.652	0	180	-41.3075
588.892	-6.02728	497.514	0	180	-41.2745
588.94	-6.09944	497.377	0	180	-41.2414
588.989	-6.1716	497.24	0	180	-41.2083
589.037	-6.24376	497.102	0	180	-41.1753
589.085	-6.31592	496.965	0	180	-41.1422
589.134	-6.38808	496.827	0	180	-41.1091
589.182	-6.46024	496.69	0	180	-41.0761
589.23	-6.5324	496.553	0	180	-41.043
589.279	-6.60456	496.415	0	180	-41.0099
589.327	-6.67672	496.278	0	180	-40.9769
589.375	-6.74888	496.141	0	180	-40.9438
589.424	-6.82104	496.003	0	180	-40.9107
589.472	-6.8932	495.866	0	180	-40.8777
589.52	-6.96536	495.728	0	180	-40.8446
589.569	-7.03752	495.591	0	180	-40.8115
589.617	-7.10968	495.454	0	180	-40.7785
589.665	-7.18184	495.316	0	180	-40.7454
589.714	-7.254	495.179	0	180	-40.7123
589.762	-7.32616	495.041	0	180	-40.6793
589.81	-7.39832	494.904	0	180	-40.6462
589.859	-7.47048	494.767	0	180	-40.6131
589.907	-7.54264	494.629	0	180	-40.58
589.955	-7.6148	494.492	0	180	-40.547
590.003	-7.68696	494.355	0	180	-40.5139
590.052	-7.75912	494.217	0	180	-40.4808
590.1	-7.83128	494.08	0	180	-40.4478
590.148	-7.90344	493.942	0	180	-40.4147
590.197	-7.9756	493.805	0	180	-40.3816
590.245	-8.04776	493.668	0	180	-40.3486
590.293	-8.11992	493.53	0	180	-40.3155
590.342	-8.19208	493.393	0	180	-40.2824
590.39	-8.26424	493.256	0	180	-40.2494
590.438	-8.3364	493.118	0	180	-40.2163
590.487	-8.40857	492.981	0	180	-40.1832
590.535	-8.48073	492.843	0	180	-40.1502
590.583	-8.55289	492.706	0	180	-40.1171
590.632	-8.62505	492.569	0	180	-40.084
590.68	-8.69721	492.431	0	180	-40.051
590.728	-8.76937	492.294	0	180	-40.0179
590.777	-8.84153	492.157	0	180	-39.9848
590.825	-8.91369	492.019	0	180	-39.9517
590.873	-8.98585	491.882	0	180	-39.9187
590.922	-9.05801	491.744	0	180	-39.8856
590.97	-9.13017	491.607	0	180	-39.8525
591.018	-9.20233	491.47	0	180	-39.8195
591.067	-9.27449	491.332	0	180	-39.7864
591.115	-9.34665	491.195	0	180	-39.7533
591.163	-9.41881	491.058	0	180	-39.7203
591.211	-9.49097	490.92	0	180	-39.6872
591.26	-9.56313	490.783	0	180	-39.6541
591.308	-9.63529	490.645	0	180	-39.6211
591.356	-9.70745	490.508	0	180	-39.588
591.405	-9.77961	490.371	0	180	-39.5549
591.453	-9.85177	490.233	0	180	-39.5219
591.501	-9.92393	490.096	0	180	-39.4888
591.55	-9.99609	489.959	0	180	-39.4557
591.598	-10.0683	489.821	0	180	-39.4227
591.646	-10.1404	489.684	0	180	-39.3896
591.695	-10.2126	489.546	0	180	-39.3565
591.743	-10.2847	489.409	0	180	-39.3234
591.791	-10.3569	489.272	0	180	-39.2904
591.84	-10.4291	489.134	0	180	-39.2573
591.888	-10.5012	488.997	0	180	-39.2242
591.936	-10.5734	488.86	0	180	-39.1912
591.985	-10.6455	488.722	0	180	-39.1581
592.033	-10.7177	488.585	0	180	-39.125
592.081	-10.7899	488.447	0	180	-39.092
592.13	-10.862	488.31	0	180	-39.0589
592.178	-10.9342	488.173	0	180	-39.0258
592.226	-11.0063	488.035	0	180	-38.9928
592.275	-11.0785	487.898	0	180	-38.9597
592.323	-11.1507	487.761	0	180	-38.9266
592.371	-11.2228	487.623	0	180	-38.8936
592.42	-11.295	487.486	0	180	-38.8605
592.468	-11.3671	487.348	0	180	-38.8274
592.516	-11.4393	487.211	0	180	-38.7944
592.564	-11.5115	487.074	0	180	-38.7613
592.613	-11.5836	486.936	0	180	-38.7282
592.661	-11.6558	486.799	0	180	-38.6952
592.709	-11.7279	486.662	0	180	-38.6621
592.758	-11.8001	486.524	0	180	-38.629
592.806	-11.8723	486.387	0	180	-38.5959
592.854	-11.9444	486.249	0	180	-38.5629
592.903	-12.0166	486.112	0	180	-38.5298
592.951	-12.0887	485.975	0	180	-38.4967
592.999	-12.1609	485.837	0	180	-38.4637
593.048	-12.2331	485.7	0	180	-38.4306
593.096	-12.3052	485.563	0	180	-38.3975
593.144	-12.3774	485.425	0	180	-38.3645
593.193	-12.4495	485.288	0	180	-38.3314
593.241	-12.5217	485.15	0	180	-38.2983
593.289	-12.5939	485.013	0	180	-38.2653
593.338	-12.666	484.876	0	180	-38.2322
593.386	-12.7382	484.738	0	180	-38.1991
593.434	-12.8103	484.601	0	180	-38.1661
593.483	-12.8825	484.464	0	180	-38.133
593.531	-12.9547	484.326	0	180	-38.0999
593.579	-13.0268	484.189	0	180	-38.0669
593.628	-13.099	484.051	0	180	-38.0338
593.676	-13.1711	483.914	0	180	-38.0007
593.724	-13.2433	483.777	0	180	-37.9676
593.772	-13.3155	483.639	0	180	-37.9346
593.821	-13.3876	483.502	0	180	-37.9015
593.869	-13.4598	483.365	0	180	-37.8684
593.917	-13.5319	483.227	0	180	-37.8354
593.966	-13.6041	483.09	0	180	-37.8023
594.014	-13.6763	482.952	0	180	-37.7692
594.062	-13.7484	482.815	0	180	-37.7362
594.111	-13.8206	482.678	0	180	-37.7031
594.159	-13.8927	482.54	0	180	-37.67
594.207	-13.9649	482.403	0	180	-37.637
594.256	-14.0371	482.266	0	180	-37.6039
594.304	-14.1092	482.128	0	180	-37.5708
594.352	-14.1814	481.991	0	180	-37.5378
594.401	-14.2535	481.853	0	180	-37.5047
594.449	-14.3257	481.716	0	180	-37.4716
594.497	-14.3979	481.579	0	180	-37.4386
594.546	-14.47	481.441	0	180	-37.4055
594.594	-14.5422	481.304	0	180	-37.3724
594.642	-14.6144	481.167	0	180	-37.3394
594.691	-14.6865	481.029	0	180	-37.3063
594.739	-14.7587	480.892	0	180	-37.2732
594.787	-14.8308	480.754	0	180	-37.2401
594.836	-14.903	480.617	0	180	-37.2071
594.884	-14.9752	480.48	0	180	-37.174
594.932	-15.0473	480.342	0	180	-37.1409
594.981	-15.1195	480.205	0	180	-37.1079
595.029	-15.1916	480.068	0	180	-37.0748
595.077	-15.2638	479.93	0	180	-37.0417
595.125	-15.336	479.793	0	180	-37.0087
595.174	-15.4081	479.655	0	180	-36.9756
595.222	-15.4803	479.518	0	180	-36.9425
595.27	-15.5524	479.381	0	180	-36.9095
595.319	-15.6246	479.243	0	180	-36.8764
595.367	-15.6968	479.106	0	180	-36.8433
595.415	-15.7689	478.968	0	180	-36.8103
595.464	-15.8411	478.831	0	180	-36.7772
595.512	-15.9132	478.694	0	180	-36.7441
595.56	-15.9854	478.556	0	180	-36.7111
595.609	-16.0576	478.419	0	180	-36.678
595.657	-16.1297	478.282	0	180	-36.6449
595.705	-16.2019	478.144	0	180	-36.6118
595.754	-16.274	478.007	0	180	-36.5788
595.802	-16.3462	477.869	0	180	-36.5457
595.85	-16.4184	477.732	0	180	-36.5126
595.899	-16.4905	477.595	0	180	-36.4796
595.947	-16.5627	477.457	0	180	-36.4465
595.995	-16.6348	477.32	0	180	-36.4134
596.044	-16.707	477.183	0	180	-36.3804
596.092	-16.7792	477.045	0	180	-36.3473
596.14	-16.8513	476.908	0	180	-36.3142
596.189	-16.9235	476.77	0	180	-36.2812
596.237	-16.9956	476.633	0	180	-36.2481
596.285	-17.0678	476.496	0	180	-36.215
596.334	-17.14	476.358	0	180	-36.182
596.382	-17.2121	476.221	0	180	-36.1489
596.43	-17.2843	476.084	0	180	-36.1158
596.478	-17.3564	475.946	0	180	-36.0828
596.527	-17.4286	475.809	0	180	-36.0497
596.575	-17.5008	475.671	0	180	-36.0166
596.623	-17.5729	475.534	0	180	-35.9835
596.672	-17.6451	475.397	0	180	-35.9505
596.72	-17.7172	475.259	0	180	-35.9174
596.768	-17.7894	475.122	0	180	-35.8843
596.817	-17.8616	474.985	0	180	-35.8513
596.865	-17.9337	474.847	0	180	-35.8182
596.913	-18.0059	474.71	0	180	-35.7851
596.962	-18.078	474.572	0	180	-35.7521
597.01	-18.1502	474.435	0	180	-35.719
597.058	-18.2224	474.298	0	180	-35.6859
597.107	-18.2945	474.16	0	180	-35.6529
597.155	-18.3667	474.023	0	180	-35.6198
597.203	-18.4388	473.886	0	180	-35.5867
597.252	-18.511	473.748	0	180	-35.5537
597.3	-18.5832	473.611	0	180	-35.5206
597.348	-18.6553	473.473	0	180	-35.4875
597.397	-18.7275	473.336	0	180	-35.4545
597.445	-18.7996	473.199	0	180	-35.4214
597.493	-18.8718	473.061	0	180	-35.3883
597.542	-18.944	472.924	0	180	-35.3553
597.59	-19.0161	472.787	0	180	-35.3222
597.638	-19.0883	472.649	0	180	-35.2891
597.686	-19.1604	472.512	0	180	-35.256
597.735	-19.2326	472.374	0	180	-35.223
597.783	-19.3048	472.237	0	180	-35.1899
597.831	-19.3769	472.1	0	180	-35.1568
597.88	-19.4491	471.962	0	180	-35.1238
597.928	-19.5212	471.825	0	180	-35.0907
597.976	-19.5934	471.688	0	180	-35.0576
598.025	-19.6656	471.55	0	180	-35.0246
598.073	-19.7377	471.413	0	180	-34.9915
598.121	-19.8099	471.275	0	180	-34.9584
598.17	-19.8821	471.138	0	180	-34.9254
598.218	-19.9542	471.001	0	180	-34.8923
598.266	-20.0264	470.863	0	180	-34.8592
598.315	-20.0985	470.726	0	180	-34.8262
598.363	-20.1707	470.589	0	180	-34.7931
598.411	-20.2429	470.451	0	180	-34.76
598.46	-20.315	470.314	0	180	-34.727
598.508	-20.3872	470.176	0	180	-34.6939
598.556	-20.4593	470.039	0	180	-34.6608
598.605	-20.5315	469.902	0	180	-34.6277
598.653	-20.6037	469.764	0	180	-34.5947
598.701	-20.6758	469.627	0	180	-34.5616
598.75	-20.748	469.49	0	180	-34.5285
598.798	-20.8201	469.352	0	180	-34.4955
598.846	-20.8923	469.215	0	180	-34.4624
598.895	-20.9645	469.077	0	180	-34.4293
598.943	-21.0366	468.94	0	180	-34.3963
598.991	-21.1088	468.803	0	180	-34.3632
599.039	-21.1809	468.665	0	180	-34.3301
599.088	-21.2531	468.528	0	180	-34.2971
599.136	-21.3253	468.391	0	180	-34.264
599.184	-21.3974	468.253	0	180	-34.2309
599.233	-21.4696	468.116	0	180	-34.1979
599.281	-21.5417	467.978	0	180	-34.1648
599.329	-21.6139	467.841	0	180	-34.1317
599.378	-21.6861	467.704	0	180	-34.0987
599.426	-21.7582	467.566	0	180	-34.0656
599.474	-21.8304	467.429	0	180	-34.0325
599.523	-21.9025	467.292	0	180	-33.9995
599.571	-21.9747	467.154	0	180	-33.9664
599.619	-22.0469	467.017	0	180	-33.9333
599.668	-22.119	466.879	0	180	-33.9002
599.716	-22.1912	466.742	0	180	-33.8672
599.764	-22.2633	466.605	0	180	-33.8341
599.813	-22.3355	466.467	0	180	-33.801
599.861	-22.4077	466.33	0	180	-33.768
599.909	-22.4798	466.193	0	180	-33.7349
599.958	-22.552	466.055	0	180	-33.7018
600.006	-22.6241	465.918	0	180	-33.6688
600.054	-22.6963	465.78	0	180	-33.6357
600.103	-22.7685	465.643	0	180	-33.6026
600.151	-22.8406	465.506	0	180	-33.5696
600.199	-22.9128	465.368	0	180	-33.5365
600.247	-22.9849	465.232	0	180	-33.5034
600.296	-23.0571	465.097	0	180	-33.4704
600.344	-23.1293	464.962	0	180	-33.4373
600.392	-23.2014	464.829	0	180	-33.4042
600.441	-23.2736	464.696	0	180	-33.3712
600.489	-23.3457	464.565	0	180	-33.3381
600.537	-23.4179	464.435	0	180	-33.305
600.586	-23.4901	464.305	0	180	-33.2719
600.634	-23.5622	464.177	0	180	-33.2389
600.682	-23.6344	464.05	0	180	-33.2058
600.731	-23.7065	463.923	0	180	-33.1727
600.779	-23.7787	463.798	0	180	-33.1397
600.827	-23.8509	463.673	0	180	-33.1066
600.876	-23.923	463.55	0	180	-33.0735
600.924	-23.9952	463.428	0	180	-33.0405
600.972	-24.0673	463.306	0	180	-33.0074
601.021	-24.1395	463.186	0	180	-32.9743
601.069	-24.2117	463.067	0	180	-32.9413
601.117	-24.2838	462.948	0	180	-32.9082
601.166	-24.356	462.831	0	180	-32.8751
601.214	-24.4281	462.714	0	180	-32.8421
601.262	-24.5003	462.599	0	180	-32.809
601.311	-24.5725	462.485	0	180	-32.7759
601.359	-24.6446	462.371	0	180	-32.7429
601.407	-24.7168	462.259	0	180	-32.7098
601.456	-24.789	462.147	0	180	-32.6767
601.504	-24.8611	462.037	0	180	-32.6436
601.552	-24.9333	461.928	0	180	-32.6106
601.6	-25.0054	461.819	0	180	-32.5775
601.649	-25.0776	461.712	0	180	-32.5444
601.697	-25.1498	461.606	0	180	-32.5114
601.745	-25.2219	461.5	0	180	-32.4783
601.794	-25.2941	461.396	0	180	-32.4452
601.842	-25.3662	461.292	0	180	-32.4122
601.89	-25.4384	461.19	0	180	-32.3791
601.939	-25.5106	461.089	0	180	-32.346
601.987	-25.5827	460.988	0	180	-32.313
602.035	-25.6549	460.889	0	180	-32.2799
602.084	-25.727	460.79	0	180	-32.2468
602.132	-25.7992	460.693	0	180	-32.2138
602.18	-25.8714	460.597	0	180	-32.1807
602.229	-25.9435	460.501	0	180	-32.1476
602.277	-26.0157	460.407	0	180	-32.1146
602.325	-26.0878	460.314	0	180	-32.0815
602.374	-26.16	460.221	0	180	-32.0484
602.422	-26.2322	460.13	0	180	-32.0154
602.47	-26.3043	460.039	0	180	-31.9823
602.519	-26.3765	459.95	0	180	-31.9492
602.567	-26.4486	459.862	0	180	-31.9161
602.615	-26.5208	459.774	0	180	-31.8831
602.664	-26.593	459.688	0	180	-31.85
602.712	-26.6651	459.603	0	180	-31.8169
602.76	-26.7373	459.518	0	180	-31.7839
602.809	-26.8094	459.435	0	180	-31.7508
602.857	-26.8816	459.352	0	180	-31.7177
602.905	-26.9538	459.271	0	180	-31.6847
602.953	-27.0259	459.191	0	180	-31.6516
603.002	-27.0981	459.111	0	180	-31.6185
603.05	-27.1702	459.033	0	180	-31.5855
603.098	-27.2424	458.955	0	180	-31.5524
603.147	-27.3146	458.879	0	180	-31.5193
603.195	-27.3867	458.804	0	180	-31.4863
603.243	-27.4589	458.729	0	180	-31.4532
603.292	-27.531	458.656	0	180	-31.4201
603.34	-27.6032	458.584	0	180	-31.3871
603.388	-27.6745	458.512	0	180	-31.354
603.437	-27.7449	458.442	0	180	-31.3209
603.485	-27.8143	458.372	0	180	-31.2878
603.533	-27.8827	458.304	0	180	-31.2548
603.582	-27.9501	458.237	0	180	-31.2217
603.63	-28.0165	458.17	0	180	-31.1886
603.678	-28.0818	458.105	0	180	-31.1556
603.727	-28.1462	458.04	0	180	-31.1225
603.775	-28.2096	457.977	0	180	-31.0894
603.823	-28.272	457.915	0	180	-31.0564
603.872	-28.3334	457.853	0	180	-31.0233
603.92	-28.3938	457.793	0	180	-30.9902
603.968	-28.4531	457.734	0	180	-30.9572
604.017	-28.5115	457.675	0	180	-30.9241
604.065	-28.5689	457.618	0	180	-30.891
604.113	-28.6253	457.561	0	180	-30.858
604.161	-28.6807	457.506	0	180	-30.8249
604.21	-28.735	457.452	0	180	-30.7918
604.258	-28.7884	457.398	0	180	-30.7588
604.306	-28.8408	457.346	0	180	-30.7257
604.355	-28.8922	457.295	0	180	-30.6926
604.403	-28.9426	457.244	0	180	-30.6595
604.451	-28.992	457.195	0	180	-30.6265
604.5	-29.0403	457.146	0	180	-30.5934
604.547	-29.0877	457.099	0	180	-30.5603
604.593	-29.1341	457.053	0	180	-30.5273
604.639	-29.1795	457.007	0	180	-30.4942
604.683	-29.2239	456.963	0	180	-30.4611
604.727	-29.2673	456.919	0	180	-30.4281
604.769	-29.3096	456.877	0	180	-30.395
604.81	-29.351	456.836	0	180	-30.3619
604.851	-29.3914	456.795	0	180	-30.3289
604.89	-29.4308	456.756	0	180	-30.2958
604.928	-29.4692	456.718	0	180	-30.2627
604.966	-29.5065	456.68	0	180	-30.2297
605.002	-29.5429	456.644	0	180	-30.1966
605.038	-29.5783	456.608	0	180	-30.1635
605.072	-29.6127	456.574	0	180	-30.1305
605.105	-29.6461	456.541	0	180	-30.0974
605.138	-29.6785	456.508	0	180	-30.065
605.169	-29.7098	456.477	0	180	-30.0336
605.2	-29.7402	456.446	0	180	-30.0033
605.229	-29.7696	456.417	0	180	-29.9739
605.257	-29.798	456.389	0	180	-29.9455
605.285	-29.8254	456.361	0	180	-29.9181
605.311	-29.8518	456.335	0	180	-29.8917
605.336	-29.8771	456.31	0	180	-29.8663
605.361	-29.9015	456.285	0	180	-29.842
605.384	-29.9249	456.262	0	180	-29.8186
605.407	-29.9473	456.239	0	180	-29.7962
605.428	-29.9687	456.218	0	180	-29.7748
605.448	-29.989	456.198	0	180	-29.7544
605.468	-30.0084	456.178	0	180	-29.7351
605.486	-30.0268	456.16	0	180	-29.7167
605.503	-30.0442	456.143	0	180	-29.6993
605.52	-30.0606	456.126	0	180	-29.6829
605.535	-30.076	456.111	0	180	-29.6675
605.55	-30.0903	456.096	0	180	-29.6531
605.563	-30.1037	456.083	0	180	-29.6398
605.575	-30.1161	456.071	0	180	-29.6274
605.587	-30.1275	456.059	0	180	-29.616
605.597	-30.1379	456.049	0	180	-29.6056
605.607	-30.1473	456.039	0	180	-29.5962
605.615	-30.1556	456.031	0	180	-29.5878
605.622	-30.163	456.024	0	180	-29.5805
605.629	-30.1694	456.017	0	180	-29.5741
605.634	-30.1748	456.012	0	180	-29.5687
605.638	-30.1792	456.008	0	180	-29.5643
605.642	-30.1825	456.004	0	180	-29.5609
605.644	-30.1849	456.002	0	180	-29.5586
605.646	-30.1863	456	0	180	-29.5572
