605.646	-30.1867	456	0	180	-29.5568
605.645	-30.1862	456.001	0	180	-29.5573
605.644	-30.1847	456.002	0	180	-29.5588
605.641	-30.1822	456.005	0	180	-29.5613
605.638	-30.1787	456.008	0	180	-29.5648
605.633	-30.1742	456.013	0	180	-29.5693
605.628	-30.1687	456.018	0	180	-29.5747
605.621	-30.1622	456.024	0	180	-29.5802
605.614	-30.1547	456.032	0	180	-29.5857
605.605	-30.1462	456.041	0	180	-29.5912
605.596	-30.1367	456.05	0	180	-29.5967
605.585	-30.1262	456.061	0	180	-29.6022
605.574	-30.1147	456.072	0	180	-29.6077
605.561	-30.1022	456.084	0	180	-29.6132
605.548	-30.0887	456.098	0	180	-29.6187
605.534	-30.0742	456.113	0	180	-29.6242
605.518	-30.0587	456.128	0	180	-29.6297
605.501	-30.0422	456.144	0	180	-29.6353
605.484	-30.0247	456.162	0	180	-29.6408
605.465	-30.0062	456.18	0	180	-29.6463
605.446	-29.9867	456.2	0	180	-29.6518
605.425	-29.9662	456.221	0	180	-29.6573
605.404	-29.9447	456.242	0	180	-29.6628
605.381	-29.9222	456.264	0	180	-29.6683
605.358	-29.8987	456.288	0	180	-29.6738
605.333	-29.8742	456.312	0	180	-29.6793
605.308	-29.8487	456.338	0	180	-29.6848
605.281	-29.8222	456.365	0	180	-29.6903
605.254	-29.7947	456.392	0	180	-29.6959
605.225	-29.7662	456.421	0	180	-29.7014
605.196	-29.7367	456.45	0	180	-29.7069
605.165	-29.7062	456.481	0	180	-29.7124
605.134	-29.6747	456.512	0	180	-29.7179
605.101	-29.6422	456.545	0	180	-29.7234
605.068	-29.6087	456.578	0	180	-29.7289
605.033	-29.5742	456.613	0	180	-29.7344
604.998	-29.5387	456.648	0	180	-29.7399
604.961	-29.5022	456.685	0	180	-29.7454
604.924	-29.4647	456.722	0	180	-29.7509
604.885	-29.4262	456.761	0	180	-29.7565
604.846	-29.3867	456.8	0	180	-29.762
604.805	-29.3462	456.841	0	180	-29.7675
604.764	-29.3047	456.882	0	180	-29.773
604.721	-29.2622	456.925	0	180	-29.7785
604.678	-29.2187	456.968	0	180	-29.784
604.633	-29.1742	457.013	0	180	-29.7895
604.588	-29.1287	457.058	0	180	-29.795
604.541	-29.0822	457.105	0	180	-29.8005
604.494	-29.0347	457.152	0	180	-29.806
604.445	-28.9862	457.201	0	180	-29.8115
604.396	-28.9367	457.25	0	180	-29.817
604.345	-28.8862	457.3	0	180	-29.8226
604.294	-28.8347	457.352	0	180	-29.8281
604.242	-28.7822	457.404	0	180	-29.8336
604.19	-28.7287	457.458	0	180	-29.8391
604.138	-28.6742	457.512	0	180	-29.8446
604.086	-28.6187	457.568	0	180	-29.8501
604.034	-28.5622	457.625	0	180	-29.8556
603.982	-28.5047	457.682	0	180	-29.8611
603.931	-28.4462	457.74	0	180	-29.8666
603.879	-28.3867	457.8	0	180	-29.8721
603.827	-28.3262	457.861	0	180	-29.8776
603.775	-28.2647	457.922	0	180	-29.8832
603.723	-28.2022	457.985	0	180	-29.8887
603.671	-28.1387	458.048	0	180	-29.8942
603.619	-28.0745	458.113	0	180	-29.8997
603.567	-28.0102	458.178	0	180	-29.9052
603.515	-27.9459	458.245	0	180	-29.9107
603.463	-27.8816	458.312	0	180	-29.9162
603.411	-27.8173	458.381	0	180	-29.9217
603.359	-27.7531	458.45	0	180	-29.9272
603.307	-27.6888	458.52	0	180	-29.9327
603.256	-27.6245	458.592	0	180	-29.9382
603.204	-27.5602	458.665	0	180	-29.9438
603.152	-27.4959	458.738	0	180	-29.9493
603.1	-27.4317	458.812	0	180	-29.9548
603.048	-27.3674	458.888	0	180	-29.9603
602.996	-27.3031	458.964	0	180	-29.9658
602.944	-27.2388	459.042	0	180	-29.9713
602.892	-27.1745	459.121	0	180	-29.9768
602.84	-27.1103	459.2	0	180	-29.9823
602.788	-27.046	459.281	0	180	-29.9878
602.736	-26.9817	459.362	0	180	-29.9933
602.684	-26.9174	459.443	0	180	-29.9988
602.632	-26.8531	459.524	0	180	-30.0043
602.58	-26.7889	459.605	0	180	-30.0099
602.529	-26.7246	459.687	0	180	-30.0154
602.477	-26.6603	459.768	0	180	-30.0209
602.425	-26.596	459.849	0	180	-30.0264
602.373	-26.5317	459.93	0	180	-30.0319
602.321	-26.4675	460.012	0	180	-30.0374
602.269	-26.4032	460.093	0	180	-30.0429
602.217	-26.3389	460.174	0	180	-30.0484
602.165	-26.2746	460.255	0	180	-30.0539
602.113	-26.2104	460.337	0	180	-30.0594
602.061	-26.1461	460.418	0	180	-30.0649
602.009	-26.0818	460.499	0	180	-30.0705
601.957	-26.0175	460.58	0	180	-30.076
601.905	-25.9532	460.662	0	180	-30.0815
601.854	-25.889	460.743	0	180	-30.087
601.802	-25.8247	460.824	0	180	-30.0925
601.75	-25.7604	460.905	0	180	-30.098
601.698	-25.6961	460.986	0	180	-30.1035
601.646	-25.6318	461.068	0	180	-30.109
601.594	-25.5676	461.149	0	180	-30.1145
601.542	-25.5033	461.23	0	180	-30.12
601.49	-25.439	461.311	0	180	-30.1255
601.438	-25.3747	461.393	0	180	-30.1311
601.386	-25.3104	461.474	0	180	-30.1366
601.334	-25.2462	461.555	0	180	-30.1421
601.282	-25.1819	461.636	0	180	-30.1476
601.23	-25.1176	461.718	0	180	-30.1531
601.178	-25.0533	461.799	0	180	-30.1586
601.127	-24.989	461.88	0	180	-30.1641
601.075	-24.9248	461.961	0	180	-30.1696
601.023	-24.8605	462.043	0	180	-30.1751
600.971	-24.7962	462.124	0	180	-30.1806
600.919	-24.7319	462.205	0	180	-30.1861
600.867	-24.6676	462.286	0	180	-30.1916
600.815	-24.6034	462.368	0	180	-30.1972
600.763	-24.5391	462.449	0	180	-30.2027
600.711	-24.4748	462.53	0	180	-30.2082
600.659	-24.4105	462.611	0	180	-30.2137
600.607	-24.3462	462.692	0	180	-30.2192
600.555	-24.282	462.774	0	180	-30.2247
600.503	-24.2177	462.855	0	180	-30.2302
600.452	-24.1534	462.936	0	180	-30.2357
600.4	-24.0891	463.017	0	180	-30.2412
600.348	-24.0248	463.099	0	180	-30.2467
600.296	-23.9606	463.18	0	180	-30.2522
600.244	-23.8963	463.261	0	180	-30.2578
600.192	-23.832	463.342	0	180	-30.2633
600.14	-23.7677	463.424	0	180	-30.2688
600.088	-23.7034	463.505	0	180	-30.2743
600.036	-23.6392	463.586	0	180	-30.2798
599.984	-23.5749	463.667	0	180	-30.2853
599.932	-23.5106	463.749	0	180	-30.2908
599.88	-23.4463	463.83	0	180	-30.2963
599.828	-23.3821	463.911	0	180	-30.3018
599.777	-23.3178	463.992	0	180	-30.3073
599.725	-23.2535	464.074	0	180	-30.3128
599.673	-23.1892	464.155	0	180	-30.3184
599.621	-23.1249	464.236	0	180	-30.3239
599.569	-23.0607	464.317	0	180	-30.3294
599.517	-22.9964	464.398	0	180	-30.3349
599.465	-22.9321	464.48	0	180	-30.3404
599.413	-22.8678	464.561	0	180	-30.3459
599.361	-22.8035	464.642	0	180	-30.3514
599.309	-22.7393	464.723	0	180	-30.3569
599.257	-22.675	464.805	0	180	-30.3624
599.205	-22.6107	464.886	0	180	-30.3679
599.153	-22.5464	464.967	0	180	-30.3734
599.101	-22.4821	465.048	0	180	-30.3789
599.05	-22.4179	465.13	0	180	-30.3845
598.998	-22.3536	465.211	0	180	-30.39
598.946	-22.2893	465.292	0	180	-30.3955
598.894	-22.225	465.373	0	180	-30.401
598.842	-22.1607	465.455	0	180	-30.4065
598.79	-22.0965	465.536	0	180	-30.412
598.738	-22.0322	465.617	0	180	-30.4175
598.686	-21.9679	465.698	0	180	-30.423
598.634	-21.9036	465.78	0	180	-30.4285
598.582	-21.8393	465.861	0	180	-30.434
598.53	-21.7751	465.942	0	180	-30.4395
598.478	-21.7108	466.023	0	180	-30.4451
598.426	-21.6465	466.104	0	180	-30.4506
598.375	-21.5822	466.186	0	180	-30.4561
598.323	-21.5179	466.267	0	180	-30.4616
598.271	-21.4537	466.348	0	180	-30.4671
598.219	-21.3894	466.429	0	180	-30.4726
598.167	-21.3251	466.511	0	180	-30.4781
598.115	-21.2608	466.592	0	180	-30.4836
598.063	-21.1965	466.673	0	180	-30.4891
598.011	-21.1323	466.754	0	180	-30.4946
597.959	-21.068	466.836	0	180	-30.5001
597.907	-21.0037	466.917	0	180	-30.5057
597.855	-20.9394	466.998	0	180	-30.5112
597.803	-20.8751	467.079	0	180	-30.5167
597.751	-20.8109	467.161	0	180	-30.5222
597.7	-20.7466	467.242	0	180	-30.5277
597.648	-20.6823	467.323	0	180	-30.5332
597.596	-20.618	467.404	0	180	-30.5387
597.544	-20.5537	467.486	0	180	-30.5442
597.492	-20.4895	467.567	0	180	-30.5497
597.44	-20.4252	467.648	0	180	-30.5552
597.388	-20.3609	467.729	0	180	-30.5607
597.336	-20.2966	467.81	0	180	-30.5662
597.284	-20.2324	467.892	0	180	-30.5718
597.232	-20.1681	467.973	0	180	-30.5773
597.18	-20.1038	468.054	0	180	-30.5828
597.128	-20.0395	468.135	0	180	-30.5883
597.076	-19.9752	468.217	0	180	-30.5938
597.024	-19.911	468.298	0	180	-30.5993
596.973	-19.8467	468.379	0	180	-30.6048
596.921	-19.7824	468.46	0	180	-30.6103
596.869	-19.7181	468.542	0	180	-30.6158
596.817	-19.6538	468.623	0	180	-30.6213
596.765	-19.5896	468.704	0	180	-30.6268
596.713	-19.5253	468.785	0	180	-30.6324
596.661	-19.461	468.867	0	180	-30.6379
596.609	-19.3967	468.948	0	180	-30.6434
596.557	-19.3324	469.029	0	180	-30.6489
596.505	-19.2682	469.11	0	180	-30.6544
596.453	-19.2039	469.192	0	180	-30.6599
596.401	-19.1396	469.273	0	180	-30.6654
596.349	-19.0753	469.354	0	180	-30.6709
596.298	-19.011	469.435	0	180	-30.6764
596.246	-18.9468	469.516	0	180	-30.6819
596.194	-18.8825	469.598	0	180	-30.6874
596.142	-18.8182	469.679	0	180	-30.693
596.09	-18.7539	469.76	0	180	-30.6985
596.038	-18.6896	469.841	0	180	-30.704
595.986	-18.6254	469.923	0	180	-30.7095
595.934	-18.5611	470.004	0	180	-30.715
595.882	-18.4968	470.085	0	180	-30.7205
595.83	-18.4325	470.166	0	180	-30.726
595.778	-18.3682	470.248	0	180	-30.7315
595.726	-18.304	470.329	0	180	-30.737
595.674	-18.2397	470.41	0	180	-30.7425
595.623	-18.1754	470.491	0	180	-30.748
595.571	-18.1111	470.573	0	180	-30.7535
595.519	-18.0468	470.654	0	180	-30.7591
595.467	-17.9826	470.735	0	180	-30.7646
595.415	-17.9183	470.816	0	180	-30.7701
595.363	-17.854	470.898	0	180	-30.7756
595.311	-17.7897	470.979	0	180	-30.7811
595.259	-17.7254	471.06	0	180	-30.7866
595.207	-17.6612	471.141	0	180	-30.7921
595.155	-17.5969	471.222	0	180	-30.7976
595.103	-17.5326	471.304	0	180	-30.8031
595.051	-17.4683	471.385	0	180	-30.8086
594.999	-17.404	471.466	0	180	-30.8141
594.947	-17.3398	471.547	0	180	-30.8197
594.896	-17.2755	471.629	0	180	-30.8252
594.844	-17.2112	471.71	0	180	-30.8307
594.792	-17.1469	471.791	0	180	-30.8362
594.74	-17.0827	471.872	0	180	-30.8417
594.688	-17.0184	471.954	0	180	-30.8472
594.636	-16.9541	472.035	0	180	-30.8527
594.584	-16.8898	472.116	0	180	-30.8582
594.532	-16.8255	472.197	0	180	-30.8637
594.48	-16.7613	472.279	0	180	-30.8692
594.428	-16.697	472.36	0	180	-30.8747
594.376	-16.6327	472.441	0	180	-30.8803
594.324	-16.5684	472.522	0	180	-30.8858
594.272	-16.5041	472.604	0	180	-30.8913
594.221	-16.4399	472.685	0	180	-30.8968
594.169	-16.3756	472.766	0	180	-30.9023
594.117	-16.3113	472.847	0	180	-30.9078
594.065	-16.247	472.928	0	180	-30.9133
594.013	-16.1827	473.01	0	180	-30.9188
593.961	-16.1185	473.091	0	180	-30.9243
593.909	-16.0542	473.172	0	180	-30.9298
593.857	-15.9899	473.253	0	180	-30.9353
593.805	-15.9256	473.335	0	180	-30.9408
593.753	-15.8613	473.416	0	180	-30.9464
593.701	-15.7971	473.497	0	180	-30.9519
593.649	-15.7328	473.578	0	180	-30.9574
593.597	-15.6685	473.66	0	180	-30.9629
593.546	-15.6042	473.741	0	180	-30.9684
593.494	-15.5399	473.822	0	180	-30.9739
593.442	-15.4757	473.903	0	180	-30.9794
593.39	-15.4114	473.985	0	180	-30.9849
593.338	-15.3471	474.066	0	180	-30.9904
593.286	-15.2828	474.147	0	180	-30.9959
593.234	-15.2185	474.228	0	180	-31.0014
593.182	-15.1543	474.31	0	180	-31.007
593.13	-15.09	474.391	0	180	-31.0125
593.078	-15.0257	474.472	0	180	-31.018
593.026	-14.9614	474.553	0	180	-31.0235
592.974	-14.8971	474.634	0	180	-31.029
592.922	-14.8329	474.716	0	180	-31.0345
592.87	-14.7686	474.797	0	180	-31.04
592.819	-14.7043	474.878	0	180	-31.0455
592.767	-14.64	474.959	0	180	-31.051
592.715	-14.5757	475.041	0	180	-31.0565
592.663	-14.5115	475.122	0	180	-31.062
592.611	-14.4472	475.203	0	180	-31.0676
592.559	-14.3829	475.284	0	180	-31.0731
592.507	-14.3186	475.366	0	180	-31.0786
592.455	-14.2543	475.447	0	180	-31.0841
592.403	-14.1901	475.528	0	180	-31.0896
592.351	-14.1258	475.609	0	180	-31.0951
592.299	-14.0615	475.691	0	180	-31.1006
592.247	-13.9972	475.772	0	180	-31.1061
592.195	-13.933	475.853	0	180	-31.1116
592.144	-13.8687	475.934	0	180	-31.1171
592.092	-13.8044	476.016	0	180	-31.1226
592.04	-13.7401	476.097	0	180	-31.1281
591.988	-13.6758	476.178	0	180	-31.1337
591.936	-13.6116	476.259	0	180	-31.1392
591.884	-13.5473	476.34	0	180	-31.1447
591.832	-13.483	476.422	0	180	-31.1502
591.78	-13.4187	476.503	0	180	-31.1557
591.728	-13.3544	476.584	0	180	-31.1612
591.676	-13.2902	476.665	0	180	-31.1667
591.624	-13.2259	476.747	0	180	-31.1722
591.572	-13.1616	476.828	0	180	-31.1777
591.52	-13.0973	476.909	0	180	-31.1832
591.469	-13.033	476.99	0	180	-31.1887
591.417	-12.9688	477.072	0	180	-31.1943
591.365	-12.9045	477.153	0	180	-31.1998
591.313	-12.8402	477.234	0	180	-31.2053
591.261	-12.7759	477.315	0	180	-31.2108
591.209	-12.7116	477.397	0	180	-31.2163
591.157	-12.6474	477.478	0	180	-31.2218
591.105	-12.5831	477.559	0	180	-31.2273
591.053	-12.5188	477.64	0	180	-31.2328
591.001	-12.4545	477.722	0	180	-31.2383
590.949	-12.3902	477.803	0	180	-31.2438
590.897	-12.326	477.884	0	180	-31.2493
590.845	-12.2617	477.965	0	180	-31.2549
590.793	-12.1974	478.046	0	180	-31.2604
590.742	-12.1331	478.128	0	180	-31.2659
590.69	-12.0688	478.209	0	180	-31.2714
590.638	-12.0046	478.29	0	180	-31.2769
590.586	-11.9403	478.371	0	180	-31.2824
590.534	-11.876	478.453	0	180	-31.2879
590.482	-11.8117	478.534	0	180	-31.2934
590.43	-11.7474	478.615	0	180	-31.2989
590.378	-11.6832	478.696	0	180	-31.3044
590.326	-11.6189	478.778	0	180	-31.3099
590.274	-11.5546	478.859	0	180	-31.3154
590.222	-11.4903	478.94	0	180	-31.321
590.17	-11.426	479.021	0	180	-31.3265
590.118	-11.3618	479.103	0	180	-31.332
590.067	-11.2975	479.184	0	180	-31.3375
590.015	-11.2332	479.265	0	180	-31.343
589.963	-11.1689	479.346	0	180	-31.3485
589.911	-11.1047	479.428	0	180	-31.354
589.859	-11.0404	479.509	0	180	-31.3595
589.807	-10.9761	479.59	0	180	-31.365
589.755	-10.9118	479.671	0	180	-31.3705
589.703	-10.8475	479.752	0	180	-31.376
589.651	-10.7833	479.834	0	180	-31.3816
589.599	-10.719	479.915	0	180	-31.3871
589.547	-10.6547	479.996	0	180	-31.3926
589.495	-10.5904	480.077	0	180	-31.3981
589.443	-10.5261	480.159	0	180	-31.4036
589.392	-10.4619	480.24	0	180	-31.4091
589.34	-10.3976	480.321	0	180	-31.4146
589.288	-10.3333	480.402	0	180	-31.4201
589.236	-10.269	480.484	0	180	-31.4256
589.184	-10.2047	480.565	0	180	-31.4311
589.132	-10.1405	480.646	0	180	-31.4366
589.08	-10.0762	480.727	0	180	-31.4422
589.028	-10.0119	480.809	0	180	-31.4477
588.976	-9.94762	480.89	0	180	-31.4532
588.924	-9.88334	480.971	0	180	-31.4587
588.872	-9.81906	481.052	0	180	-31.4642
588.82	-9.75478	481.134	0	180	-31.4697
588.768	-9.6905	481.215	0	180	-31.4752
588.716	-9.62622	481.296	0	180	-31.4807
588.665	-9.56194	481.377	0	180	-31.4862
588.613	-9.49766	481.458	0	180	-31.4917
588.561	-9.43338	481.54	0	180	-31.4972
588.509	-9.3691	481.621	0	180	-31.5027
588.457	-9.30482	481.702	0	180	-31.5083
588.405	-9.24054	481.783	0	180	-31.5138
588.353	-9.17626	481.865	0	180	-31.5193
588.301	-9.11198	481.946	0	180	-31.5248
588.249	-9.0477	482.027	0	180	-31.5303
588.197	-8.98342	482.108	0	180	-31.5358
588.145	-8.91914	482.19	0	180	-31.5413
588.093	-8.85487	482.271	0	180	-31.5468
588.041	-8.79059	482.352	0	180	-31.5523
587.99	-8.72631	482.433	0	180	-31.5578
587.938	-8.66203	482.515	0	180	-31.5633
587.886	-8.59775	482.596	0	180	-31.5689
587.834	-8.53347	482.677	0	180	-31.5744
587.782	-8.46919	482.758	0	180	-31.5799
587.73	-8.40491	482.84	0	180	-31.5854
587.678	-8.34063	482.921	0	180	-31.5909
587.626	-8.27635	483.002	0	180	-31.5964
587.574	-8.21207	483.083	0	180	-31.6019
587.522	-8.14779	483.164	0	180	-31.6074
587.47	-8.08351	483.246	0	180	-31.6129
587.418	-8.01923	483.327	0	180	-31.6184
587.366	-7.95495	483.408	0	180	-31.6239
587.315	-7.89067	483.489	0	180	-31.6295
587.263	-7.82639	483.571	0	180	-31.635
587.211	-7.76211	483.652	0	180	-31.6405
587.159	-7.69783	483.733	0	180	-31.646
587.107	-7.63355	483.814	0	180	-31.6515
587.055	-7.56927	483.896	0	180	-31.657
587.003	-7.50499	483.977	0	180	-31.6625
586.951	-7.44071	484.058	0	180	-31.668
586.899	-7.37643	484.139	0	180	-31.6735
586.847	-7.31216	484.221	0	180	-31.679
586.795	-7.24788	484.302	0	180	-31.6845
586.743	-7.1836	484.383	0	180	-31.69
586.691	-7.11932	484.464	0	180	-31.6956
586.639	-7.05504	484.546	0	180	-31.7011
586.588	-6.99076	484.627	0	180	-31.7066
586.536	-6.92648	484.708	0	180	-31.7121
586.484	-6.8622	484.789	0	180	-31.7176
586.432	-6.79792	484.87	0	180	-31.7231
586.38	-6.73364	484.952	0	180	-31.7286
586.328	-6.66936	485.033	0	180	-31.7341
586.276	-6.60508	485.114	0	180	-31.7396
586.224	-6.5408	485.195	0	180	-31.7451
586.172	-6.47652	485.277	0	180	-31.7506
586.12	-6.41224	485.358	0	180	-31.7562
586.068	-6.34796	485.439	0	180	-31.7617
586.016	-6.28368	485.52	0	180	-31.7672
585.964	-6.2194	485.602	0	180	-31.7727
585.913	-6.15512	485.683	0	180	-31.7782
585.861	-6.09084	485.764	0	180	-31.7837
585.809	-6.02656	485.845	0	180	-31.7892
585.757	-5.96228	485.927	0	180	-31.7947
585.705	-5.898	486.008	0	180	-31.8002
585.653	-5.83373	486.089	0	180	-31.8057
585.601	-5.76945	486.17	0	180	-31.8112
585.549	-5.70517	486.252	0	180	-31.8168
585.497	-5.64089	486.333	0	180	-31.8223
585.445	-5.57661	486.414	0	180	-31.8278
585.393	-5.51233	486.495	0	180	-31.8333
585.341	-5.44805	486.576	0	180	-31.8388
585.289	-5.38377	486.658	0	180	-31.8443
585.238	-5.31949	486.739	0	180	-31.8498
585.186	-5.25521	486.82	0	180	-31.8553
585.134	-5.19093	486.901	0	180	-31.8608
585.082	-5.12665	486.983	0	180	-31.8663
585.03	-5.06237	487.064	0	180	-31.8718
584.978	-4.99809	487.145	0	180	-31.8773
584.926	-4.93381	487.226	0	180	-31.8829
584.874	-4.86953	487.308	0	180	-31.8884
584.822	-4.80525	487.389	0	180	-31.8939
584.77	-4.74097	487.47	0	180	-31.8994
584.718	-4.67669	487.551	0	180	-31.9049
584.666	-4.61241	487.633	0	180	-31.9104
584.614	-4.54813	487.714	0	180	-31.9159
584.562	-4.48385	487.795	0	180	-31.9214
584.511	-4.41957	487.876	0	180	-31.9269
584.459	-4.35529	487.958	0	180	-31.9324
584.407	-4.29102	488.039	0	180	-31.9379
584.355	-4.22674	488.12	0	180	-31.9435
584.303	-4.16246	488.201	0	180	-31.949
584.251	-4.09818	488.282	0	180	-31.9545
584.199	-4.0339	488.364	0	180	-31.96
584.147	-3.96962	488.445	0	180	-31.9655
584.095	-3.90534	488.526	0	180	-31.971
584.043	-3.84106	488.607	0	180	-31.9765
583.991	-3.77678	488.689	0	180	-31.982
583.939	-3.7125	488.77	0	180	-31.9875
583.887	-3.64822	488.851	0	180	-31.993
583.836	-3.58394	488.932	0	180	-31.9985
583.784	-3.51966	489.014	0	180	-32.0041
583.732	-3.45538	489.095	0	180	-32.0096
583.68	-3.3911	489.176	0	180	-32.0151
583.628	-3.32682	489.257	0	180	-32.0206
583.576	-3.26254	489.339	0	180	-32.0261
583.524	-3.19826	489.42	0	180	-32.0316
583.472	-3.13398	489.501	0	180	-32.0371
583.42	-3.0697	489.582	0	180	-32.0426
583.368	-3.00542	489.664	0	180	-32.0481
583.316	-2.94114	489.745	0	180	-32.0536
583.264	-2.87686	489.826	0	180	-32.0591
583.212	-2.81258	489.907	0	180	-32.0646
583.16	-2.74831	489.988	0	180	-32.0702
583.109	-2.68403	490.07	0	180	-32.0757
583.057	-2.61975	490.151	0	180	-32.0812
583.005	-2.55547	490.232	0	180	-32.0867
582.953	-2.49119	490.313	0	180	-32.0922
582.901	-2.42691	490.395	0	180	-32.0977
582.849	-2.36263	490.476	0	180	-32.1032
582.797	-2.29835	490.557	0	180	-32.1087
582.745	-2.23407	490.638	0	180	-32.1142
582.693	-2.16979	490.72	0	180	-32.1197
582.641	-2.10551	490.801	0	180	-32.1252
582.589	-2.04123	490.882	0	180	-32.1308
582.537	-1.97695	490.963	0	180	-32.1363
582.485	-1.91267	491.045	0	180	-32.1418
582.434	-1.84839	491.126	0	180	-32.1473
582.382	-1.78411	491.207	0	180	-32.1528
582.33	-1.71983	491.288	0	180	-32.1583
582.278	-1.65555	491.37	0	180	-32.1638
582.226	-1.59127	491.451	0	180	-32.1693
582.174	-1.52699	491.532	0	180	-32.1748
582.122	-1.46271	491.613	0	180	-32.1803
582.07	-1.39843	491.695	0	180	-32.1858
582.018	-1.33415	491.776	0	180	-32.1914
581.966	-1.26987	491.857	0	180	-32.1969
581.914	-1.2056	491.938	0	180	-32.2024
581.862	-1.14132	492.019	0	180	-32.2079
581.81	-1.07704	492.101	0	180	-32.2134
581.759	-1.01276	492.182	0	180	-32.2189
581.707	-0.948477	492.263	0	180	-32.2244
581.655	-0.884197	492.344	0	180	-32.2299
581.603	-0.819918	492.426	0	180	-32.2354
581.551	-0.755638	492.507	0	180	-32.2409
581.499	-0.691359	492.588	0	180	-32.2464
581.447	-0.627079	492.669	0	180	-32.2519
581.395	-0.5628	492.751	0	180	-32.2575
581.343	-0.49852	492.832	0	180	-32.263
581.291	-0.43424	492.913	0	180	-32.2685
581.239	-0.369961	492.994	0	180	-32.274
581.187	-0.305681	493.076	0	180	-32.2795
581.135	-0.241402	493.157	0	180	-32.285
581.083	-0.177122	493.238	0	180	-32.2905
581.032	-0.112843	493.319	0	180	-32.296
580.98	-0.0485629	493.401	0	180	-32.3015
580.928	0.0157166	493.482	0	180	-32.307
580.876	0.0799962	493.563	0	180	-32.3125
580.824	0.144276	493.644	0	180	-32.3181
580.772	0.208555	493.725	0	180	-32.3236
580.72	0.272835	493.807	0	180	-32.3291
580.668	0.337115	493.888	0	180	-32.3346
580.616	0.401394	493.969	0	180	-32.3401
580.564	0.465674	494.05	0	180	-32.3456
580.512	0.529953	494.132	0	180	-32.3511
580.46	0.594233	494.213	0	180	-32.3566
580.408	0.658512	494.294	0	180	-32.3621
580.357	0.722792	494.375	0	180	-32.3676
580.305	0.787072	494.457	0	180	-32.3731
580.253	0.851351	494.538	0	180	-32.3787
580.201	0.915631	494.619	0	180	-32.3842
580.149	0.97991	494.7	0	180	-32.3897
580.097	1.04419	494.782	0	180	-32.3952
580.045	1.10847	494.863	0	180	-32.4007
579.993	1.17275	494.944	0	180	-32.4062
579.941	1.23703	495.025	0	180	-32.4117
579.889	1.30131	495.107	0	180	-32.4172
579.837	1.36559	495.188	0	180	-32.4227
579.785	1.42987	495.269	0	180	-32.4282
579.733	1.49415	495.35	0	180	-32.4337
579.682	1.55843	495.431	0	180	-32.4392
579.63	1.62271	495.513	0	180	-32.4448
579.578	1.68699	495.594	0	180	-32.4503
579.526	1.75127	495.675	0	180	-32.4558
579.474	1.81554	495.756	0	180	-32.4613
579.422	1.87982	495.838	0	180	-32.4668
579.37	1.9441	495.919	0	180	-32.4723
579.318	2.00838	496	0	180	-32.4778
579.266	2.07266	496.081	0	180	-32.4833
579.214	2.13694	496.163	0	180	-32.4888
579.162	2.20122	496.244	0	180	-32.4943
579.11	2.2655	496.325	0	180	-32.4998
579.058	2.32978	496.406	0	180	-32.5054
579.006	2.39406	496.488	0	180	-32.5109
578.955	2.45834	496.569	0	180	-32.5164
578.903	2.52262	496.65	0	180	-32.5219
578.851	2.5869	496.731	0	180	-32.5274
578.799	2.65118	496.813	0	180	-32.5329
578.747	2.71546	496.894	0	180	-32.5384
578.695	2.77974	496.975	0	180	-32.5439
578.643	2.84402	497.056	0	180	-32.5494
578.591	2.9083	497.137	0	180	-32.5549
578.539	2.97258	497.219	0	180	-32.5604
578.487	3.03686	497.3	0	180	-32.566
578.435	3.10114	497.381	0	180	-32.5715
578.383	3.16542	497.462	0	180	-32.577
578.331	3.2297	497.544	0	180	-32.5825
578.28	3.29398	497.625	0	180	-32.588
578.228	3.35825	497.706	0	180	-32.5935
578.176	3.42253	497.787	0	180	-32.599
578.124	3.48681	497.869	0	180	-32.6045
578.072	3.55109	497.95	0	180	-32.61
578.02	3.61537	498.031	0	180	-32.6155
577.968	3.67965	498.112	0	180	-32.621
577.916	3.74393	498.194	0	180	-32.6265
577.864	3.80821	498.275	0	180	-32.6321
577.812	3.87249	498.356	0	180	-32.6376
577.76	3.93677	498.437	0	180	-32.6431
577.708	4.00105	498.519	0	180	-32.6486
577.656	4.06533	498.6	0	180	-32.6541
577.605	4.12961	498.681	0	180	-32.6596
577.553	4.19389	498.762	0	180	-32.6651
577.501	4.25817	498.843	0	180	-32.6706
577.449	4.32245	498.925	0	180	-32.6761
577.397	4.38673	499.006	0	180	-32.6816
577.345	4.45101	499.087	0	180	-32.6871
577.293	4.51529	499.168	0	180	-32.6927
577.241	4.57957	499.25	0	180	-32.6982
577.189	4.64385	499.331	0	180	-32.7037
577.137	4.70813	499.412	0	180	-32.7092
577.085	4.77241	499.493	0	180	-32.7147
577.033	4.83669	499.575	0	180	-32.7202
576.981	4.90096	499.656	0	180	-32.7257
576.929	4.96524	499.737	0	180	-32.7312
576.878	5.02952	499.818	0	180	-32.7367
576.826	5.0938	499.9	0	180	-32.7422
576.774	5.15808	499.981	0	180	-32.7477
576.722	5.22236	500.062	0	180	-32.7533
576.67	5.28664	500.143	0	180	-32.7588
576.618	5.35092	500.225	0	180	-32.7643
576.566	5.4152	500.306	0	180	-32.7698
576.514	5.47948	500.387	0	180	-32.7753
576.462	5.54376	500.468	0	180	-32.7808
576.41	5.60804	500.549	0	180	-32.7863
576.358	5.67232	500.631	0	180	-32.7918
576.306	5.7366	500.712	0	180	-32.7973
576.254	5.80088	500.793	0	180	-32.8028
576.203	5.86516	500.874	0	180	-32.8083
576.151	5.92944	500.956	0	180	-32.8138
576.099	5.99372	501.037	0	180	-32.8194
576.047	6.058	501.118	0	180	-32.8249
575.995	6.12228	501.199	0	180	-32.8304
575.943	6.18656	501.281	0	180	-32.8359
575.891	6.25084	501.362	0	180	-32.8414
575.839	6.31512	501.443	0	180	-32.8469
575.787	6.37939	501.524	0	180	-32.8524
575.735	6.44367	501.606	0	180	-32.8579
575.683	6.50795	501.687	0	180	-32.8634
575.631	6.57223	501.768	0	180	-32.8689
575.579	6.63651	501.849	0	180	-32.8744
575.528	6.70079	501.931	0	180	-32.88
575.476	6.76507	502.012	0	180	-32.8855
575.424	6.82935	502.093	0	180	-32.891
575.372	6.89363	502.174	0	180	-32.8965
575.32	6.95791	502.255	0	180	-32.902
575.268	7.02219	502.337	0	180	-32.9075
575.216	7.08647	502.418	0	180	-32.913
575.164	7.15075	502.499	0	180	-32.9185
575.112	7.21503	502.58	0	180	-32.924
575.06	7.27931	502.662	0	180	-32.9295
575.008	7.34359	502.743	0	180	-32.935
574.956	7.40787	502.824	0	180	-32.9406
574.904	7.47215	502.905	0	180	-32.9461
574.852	7.53643	502.987	0	180	-32.9516
574.801	7.60071	503.068	0	180	-32.9571
574.749	7.66499	503.149	0	180	-32.9626
574.697	7.72927	503.23	0	180	-32.9681
574.645	7.79355	503.312	0	180	-32.9736
574.593	7.85783	503.393	0	180	-32.9791
574.541	7.9221	503.474	0	180	-32.9846
574.489	7.98638	503.555	0	180	-32.9901
574.437	8.05066	503.637	0	180	-32.9956
574.385	8.11494	503.718	0	180	-33.0011
574.333	8.17922	503.799	0	180	-33.0067
574.281	8.2435	503.88	0	180	-33.0122
574.229	8.30778	503.961	0	180	-33.0177
574.177	8.37206	504.043	0	180	-33.0232
574.126	8.43634	504.124	0	180	-33.0287
574.074	8.50062	504.205	0	180	-33.0342
574.022	8.5649	504.286	0	180	-33.0397
573.97	8.62918	504.368	0	180	-33.0452
573.918	8.69346	504.449	0	180	-33.0507
573.866	8.75774	504.53	0	180	-33.0562
573.814	8.82202	504.611	0	180	-33.0617
573.762	8.8863	504.693	0	180	-33.0673
573.71	8.95058	504.774	0	180	-33.0728
573.658	9.01486	504.855	0	180	-33.0783
573.606	9.07914	504.936	0	180	-33.0838
573.554	9.14342	505.018	0	180	-33.0893
573.502	9.2077	505.099	0	180	-33.0948
573.451	9.27198	505.18	0	180	-33.1003
573.399	9.33626	505.261	0	180	-33.1058
573.347	9.40054	505.343	0	180	-33.1113
573.295	9.46481	505.424	0	180	-33.1168
573.243	9.52909	505.505	0	180	-33.1223
573.191	9.59337	505.586	0	180	-33.1279
573.139	9.65765	505.667	0	180	-33.1334
573.087	9.72193	505.749	0	180	-33.1389
573.035	9.78621	505.83	0	180	-33.1444
572.983	9.85049	505.911	0	180	-33.1499
572.931	9.91477	505.992	0	180	-33.1554
572.879	9.97905	506.074	0	180	-33.1609
572.827	10.0433	506.155	0	180	-33.1664
572.775	10.1076	506.236	0	180	-33.1719
572.724	10.1719	506.317	0	180	-33.1774
572.672	10.2362	506.399	0	180	-33.1829
572.62	10.3004	506.48	0	180	-33.1884
572.568	10.3647	506.561	0	180	-33.194
572.516	10.429	506.642	0	180	-33.1995
572.464	10.4933	506.724	0	180	-33.205
572.412	10.5576	506.805	0	180	-33.2105
572.36	10.6218	506.886	0	180	-33.216
572.308	10.6861	506.967	0	180	-33.2215
572.256	10.7504	507.049	0	180	-33.227
572.204	10.8147	507.13	0	180	-33.2325
572.152	10.879	507.211	0	180	-33.238
572.1	10.9432	507.292	0	180	-33.2435
572.049	11.0075	507.373	0	180	-33.249
571.997	11.0718	507.455	0	180	-33.2546
571.945	11.1361	507.536	0	180	-33.2601
571.893	11.2004	507.617	0	180	-33.2656
571.841	11.2646	507.698	0	180	-33.2711
571.789	11.3289	507.78	0	180	-33.2766
571.737	11.3932	507.861	0	180	-33.2821
571.685	11.4575	507.942	0	180	-33.2876
571.633	11.5218	508.023	0	180	-33.2931
571.581	11.586	508.105	0	180	-33.2986
571.529	11.6503	508.186	0	180	-33.3041
571.477	11.7146	508.267	0	180	-33.3096
571.425	11.7789	508.348	0	180	-33.3152
571.374	11.8432	508.43	0	180	-33.3207
571.322	11.9074	508.511	0	180	-33.3262
571.27	11.9717	508.592	0	180	-33.3317
571.218	12.036	508.673	0	180	-33.3372
571.166	12.1003	508.755	0	180	-33.3427
571.114	12.1646	508.836	0	180	-33.3482
571.062	12.2288	508.917	0	180	-33.3537
571.01	12.2931	508.998	0	180	-33.3592
570.958	12.3574	509.079	0	180	-33.3647
570.906	12.4217	509.161	0	180	-33.3702
570.854	12.486	509.242	0	180	-33.3757
570.802	12.5502	509.323	0	180	-33.3813
570.75	12.6145	509.404	0	180	-33.3868
570.698	12.6788	509.486	0	180	-33.3923
570.647	12.7431	509.567	0	180	-33.3978
570.595	12.8074	509.648	0	180	-33.4033
570.543	12.8716	509.729	0	180	-33.4088
570.491	12.9359	509.811	0	180	-33.4143
570.439	13.0002	509.892	0	180	-33.4198
570.387	13.0645	509.973	0	180	-33.4253
570.335	13.1288	510.054	0	180	-33.4308
570.283	13.193	510.136	0	180	-33.4363
570.231	13.2573	510.217	0	180	-33.4419
570.179	13.3216	510.298	0	180	-33.4474
570.127	13.3859	510.379	0	180	-33.4529
570.075	13.4501	510.461	0	180	-33.4584
570.023	13.5144	510.542	0	180	-33.4639
569.972	13.5787	510.623	0	180	-33.4694
569.92	13.643	510.704	0	180	-33.4749
569.868	13.7073	510.785	0	180	-33.4804
569.816	13.7715	510.867	0	180	-33.4859
569.764	13.8358	510.948	0	180	-33.4914
569.712	13.9001	511.029	0	180	-33.4969
569.66	13.9644	511.11	0	180	-33.5024
569.608	14.0287	511.192	0	180	-33.508
569.556	14.0929	511.273	0	180	-33.5135
569.504	14.1572	511.354	0	180	-33.519
569.452	14.2215	511.435	0	180	-33.5245
569.4	14.2858	511.517	0	180	-33.53
569.348	14.3501	511.598	0	180	-33.5355
569.297	14.4143	511.679	0	180	-33.541
569.245	14.4786	511.76	0	180	-33.5465
569.193	14.5429	511.842	0	180	-33.552
569.141	14.6072	511.923	0	180	-33.5575
569.089	14.6715	512.004	0	180	-33.563
569.037	14.7357	512.085	0	180	-33.5686
568.985	14.8	512.167	0	180	-33.5741
568.933	14.8643	512.248	0	180	-33.5796
568.881	14.9286	512.329	0	180	-33.5851
568.829	14.9929	512.41	0	180	-33.5906
568.777	15.0571	512.491	0	180	-33.5961
568.725	15.1214	512.573	0	180	-33.6016
568.673	15.1857	512.654	0	180	-33.6071
568.621	15.25	512.735	0	180	-33.6126
568.57	15.3143	512.816	0	180	-33.6181
568.518	15.3785	512.898	0	180	-33.6236
568.466	15.4428	512.979	0	180	-33.6292
568.414	15.5071	513.06	0	180	-33.6347
568.362	15.5714	513.141	0	180	-33.6402
568.31	15.6357	513.223	0	180	-33.6457
568.258	15.6999	513.304	0	180	-33.6512
568.206	15.7642	513.385	0	180	-33.6567
568.154	15.8285	513.466	0	180	-33.6622
568.102	15.8928	513.548	0	180	-33.6677
568.05	15.9571	513.629	0	180	-33.6732
567.998	16.0213	513.71	0	180	-33.6787
567.946	16.0856	513.791	0	180	-33.6842
567.895	16.1499	513.873	0	180	-33.6897
567.843	16.2142	513.954	0	180	-33.6953
567.791	16.2785	514.035	0	180	-33.7008
567.739	16.3427	514.116	0	180	-33.7063
567.687	16.407	514.197	0	180	-33.7118
567.635	16.4713	514.279	0	180	-33.7173
567.583	16.5356	514.36	0	180	-33.7228
567.531	16.5998	514.441	0	180	-33.7283
567.479	16.6641	514.522	0	180	-33.7338
567.427	16.7284	514.604	0	180	-33.7393
567.375	16.7927	514.685	0	180	-33.7448
567.323	16.857	514.766	0	180	-33.7503
567.271	16.9212	514.847	0	180	-33.7559
567.22	16.9855	514.929	0	180	-33.7614
567.168	17.0498	515.01	0	180	-33.7669
567.116	17.1141	515.091	0	180	-33.7724
567.064	17.1784	515.172	0	180	-33.7779
567.012	17.2426	515.254	0	180	-33.7834
566.96	17.3069	515.335	0	180	-33.7889
566.908	17.3712	515.416	0	180	-33.7944
566.856	17.4355	515.497	0	180	-33.7999
566.804	17.4998	515.579	0	180	-33.8054
566.752	17.564	515.66	0	180	-33.8109
566.7	17.6283	515.741	0	180	-33.8165
566.648	17.6926	515.822	0	180	-33.822
566.596	17.7569	515.903	0	180	-33.8275
566.544	17.8212	515.985	0	180	-33.833
566.493	17.8854	516.066	0	180	-33.8385
566.441	17.9497	516.147	0	180	-33.844
566.389	18.014	516.228	0	180	-33.8495
566.337	18.0783	516.31	0	180	-33.855
566.285	18.1426	516.391	0	180	-33.8605
566.233	18.2068	516.472	0	180	-33.866
566.181	18.2711	516.553	0	180	-33.8715
566.129	18.3354	516.635	0	180	-33.877
566.077	18.3997	516.716	0	180	-33.8826
566.025	18.464	516.797	0	180	-33.8881
565.973	18.5282	516.878	0	180	-33.8936
565.921	18.5925	516.96	0	180	-33.8991
565.869	18.6568	517.041	0	180	-33.9046
565.818	18.7211	517.122	0	180	-33.9101
565.766	18.7854	517.203	0	180	-33.9156
565.714	18.8496	517.285	0	180	-33.9211
565.662	18.9139	517.366	0	180	-33.9266
565.61	18.9782	517.447	0	180	-33.9321
565.558	19.0425	517.528	0	180	-33.9376
565.506	19.1068	517.609	0	180	-33.9432
565.454	19.171	517.691	0	180	-33.9487
565.402	19.2353	517.772	0	180	-33.9542
565.35	19.2996	517.853	0	180	-33.9597
565.298	19.3639	517.934	0	180	-33.9652
565.246	19.4281	518.016	0	180	-33.9707
565.194	19.4924	518.097	0	180	-33.9762
565.143	19.5567	518.178	0	180	-33.9817
565.091	19.621	518.259	0	180	-33.9872
565.039	19.6853	518.341	0	180	-33.9927
564.987	19.7495	518.422	0	180	-33.9982
564.935	19.8138	518.503	0	180	-34.0038
564.883	19.8781	518.584	0	180	-34.0093
564.831	19.9424	518.666	0	180	-34.0148
564.779	20.0067	518.747	0	180	-34.0203
564.727	20.0709	518.828	0	180	-34.0258
564.675	20.1352	518.909	0	180	-34.0313
564.623	20.1995	518.991	0	180	-34.0368
564.571	20.2638	519.072	0	180	-34.0423
564.519	20.3281	519.153	0	180	-34.0478
564.467	20.3923	519.234	0	180	-34.0533
564.416	20.4566	519.315	0	180	-34.0588
564.364	20.5209	519.397	0	180	-34.0643
564.312	20.5852	519.478	0	180	-34.0699
564.26	20.6495	519.559	0	180	-34.0754
564.208	20.7137	519.64	0	180	-34.0809
564.156	20.778	519.722	0	180	-34.0864
564.104	20.8423	519.803	0	180	-34.0919
564.052	20.9066	519.884	0	180	-34.0974
564	20.9709	519.965	0	180	-34.1029
563.948	21.0351	520.047	0	180	-34.1084
563.896	21.0994	520.128	0	180	-34.1139
563.844	21.1637	520.209	0	180	-34.1194
563.792	21.228	520.29	0	180	-34.1249
563.741	21.2923	520.372	0	180	-34.1305
563.689	21.3565	520.453	0	180	-34.136
563.637	21.4208	520.534	0	180	-34.1415
563.585	21.4851	520.615	0	180	-34.147
563.533	21.5494	520.697	0	180	-34.1525
563.481	21.6137	520.778	0	180	-34.158
563.429	21.6779	520.859	0	180	-34.1635
563.377	21.7422	520.94	0	180	-34.169
563.325	21.8065	521.021	0	180	-34.1745
563.273	21.8708	521.103	0	180	-34.18
563.221	21.9351	521.184	0	180	-34.1855
563.169	21.9993	521.265	0	180	-34.1911
563.117	22.0636	521.346	0	180	-34.1966
563.065	22.1279	521.428	0	180	-34.2021
563.014	22.1922	521.509	0	180	-34.2076
562.962	22.2565	521.59	0	180	-34.2131
562.91	22.3207	521.671	0	180	-34.2186
562.858	22.385	521.753	0	180	-34.2241
562.806	22.4493	521.834	0	180	-34.2296
562.754	22.5136	521.915	0	180	-34.2351
562.702	22.5778	521.996	0	180	-34.2406
562.65	22.6421	522.078	0	180	-34.2461
562.598	22.7064	522.159	0	180	-34.2516
562.546	22.7707	522.24	0	180	-34.2572
562.494	22.835	522.321	0	180	-34.2627
562.442	22.8992	522.403	0	180	-34.2682
562.39	22.9635	522.484	0	180	-34.2737
562.339	23.0278	522.565	0	180	-34.2792
562.287	23.0921	522.646	0	180	-34.2847
562.235	23.1564	522.727	0	180	-34.2902
562.183	23.2206	522.809	0	180	-34.2957
562.131	23.2849	522.89	0	180	-34.3012
562.079	23.3492	522.971	0	180	-34.3067
562.027	23.4135	523.052	0	180	-34.3122
561.975	23.4778	523.134	0	180	-34.3178
561.923	23.542	523.215	0	180	-34.3233
561.871	23.6063	523.296	0	180	-34.3288
561.819	23.6706	523.377	0	180	-34.3343
561.767	23.7349	523.459	0	180	-34.3398
561.715	23.7992	523.54	0	180	-34.3453
561.664	23.8634	523.621	0	180	-34.3508
561.612	23.9277	523.702	0	180	-34.3563
561.56	23.992	523.784	0	180	-34.3618
561.508	24.0563	523.865	0	180	-34.3673
561.456	24.1206	523.946	0	180	-34.3728
561.404	24.1848	524.027	0	180	-34.3784
561.352	24.2491	524.109	0	180	-34.3839
561.3	24.3134	524.19	0	180	-34.3894
561.248	24.3777	524.271	0	180	-34.3949
561.196	24.442	524.352	0	180	-34.4004
561.144	24.5062	524.433	0	180	-34.4059
561.092	24.5705	524.515	0	180	-34.4114
561.04	24.6348	524.596	0	180	-34.4169
560.988	24.6991	524.677	0	180	-34.4224
560.937	24.7634	524.758	0	180	-34.4279
560.885	24.8276	524.84	0	180	-34.4334
560.833	24.8919	524.921	0	180	-34.4389
560.781	24.9562	525.002	0	180	-34.4445
560.729	25.0205	525.083	0	180	-34.45
560.677	25.0848	525.165	0	180	-34.4555
560.625	25.149	525.246	0	180	-34.461
560.573	25.2133	525.327	0	180	-34.4665
560.521	25.2776	525.408	0	180	-34.472
560.469	25.3419	525.49	0	180	-34.4775
560.417	25.4062	525.571	0	180	-34.483
560.365	25.4704	525.652	0	180	-34.4885
560.313	25.5347	525.733	0	180	-34.494
560.262	25.599	525.815	0	180	-34.4995
560.21	25.6633	525.896	0	180	-34.5051
560.158	25.7275	525.977	0	180	-34.5106
560.106	25.7918	526.058	0	180	-34.5161
560.054	25.8561	526.139	0	180	-34.5216
560.002	25.9204	526.221	0	180	-34.5271
559.95	25.9847	526.302	0	180	-34.5326
559.898	26.0489	526.383	0	180	-34.5381
559.846	26.1132	526.464	0	180	-34.5436
559.794	26.1775	526.546	0	180	-34.5491
559.742	26.2418	526.627	0	180	-34.5546
559.69	26.3061	526.708	0	180	-34.5601
559.638	26.3703	526.789	0	180	-34.5657
559.587	26.4346	526.871	0	180	-34.5712
559.535	26.4989	526.952	0	180	-34.5767
559.483	26.5632	527.033	0	180	-34.5822
559.431	26.6275	527.114	0	180	-34.5877
559.379	26.6917	527.196	0	180	-34.5932
559.327	26.756	527.277	0	180	-34.5987
559.275	26.8203	527.358	0	180	-34.6042
559.223	26.8846	527.439	0	180	-34.6097
559.171	26.9489	527.521	0	180	-34.6152
559.119	27.0131	527.602	0	180	-34.6207
559.067	27.0774	527.683	0	180	-34.6262
559.015	27.1417	527.764	0	180	-34.6318
558.963	27.206	527.845	0	180	-34.6373
558.911	27.2703	527.927	0	180	-34.6428
558.86	27.3345	528.008	0	180	-34.6483
558.808	27.3988	528.089	0	180	-34.6538
558.756	27.4631	528.17	0	180	-34.6593
558.704	27.5274	528.252	0	180	-34.6648
558.652	27.5917	528.333	0	180	-34.6703
558.6	27.6559	528.414	0	180	-34.6758
558.548	27.7202	528.495	0	180	-34.6813
558.496	27.7845	528.577	0	180	-34.6868
558.444	27.8488	528.658	0	180	-34.6924
558.392	27.9131	528.739	0	180	-34.6979
558.34	27.9773	528.82	0	180	-34.7034
558.288	28.0416	528.902	0	180	-34.7089
558.236	28.1059	528.983	0	180	-34.7144
558.185	28.1702	529.064	0	180	-34.7199
558.133	28.2345	529.145	0	180	-34.7254
558.081	28.2987	529.227	0	180	-34.7309
558.029	28.363	529.308	0	180	-34.7364
557.977	28.4273	529.389	0	180	-34.7419
557.925	28.4916	529.47	0	180	-34.7474
557.873	28.5558	529.551	0	180	-34.753
557.821	28.6201	529.633	0	180	-34.7585
557.769	28.6844	529.714	0	180	-34.764
557.717	28.7487	529.795	0	180	-34.7695
557.665	28.813	529.876	0	180	-34.775
557.613	28.8772	529.958	0	180	-34.7805
557.561	28.9415	530.039	0	180	-34.786
557.51	29.0058	530.12	0	180	-34.7915
557.458	29.0701	530.201	0	180	-34.797
557.406	29.1344	530.283	0	180	-34.8025
557.354	29.1986	530.364	0	180	-34.808
557.302	29.2629	530.445	0	180	-34.8135
557.25	29.3272	530.526	0	180	-34.8191
557.198	29.3915	530.608	0	180	-34.8246
557.146	29.4558	530.689	0	180	-34.8301
557.094	29.52	530.77	0	180	-34.8356
557.042	29.5843	530.851	0	180	-34.8411
556.99	29.6486	530.933	0	180	-34.8466
556.938	29.7129	531.014	0	180	-34.8521
556.886	29.7772	531.095	0	180	-34.8576
556.834	29.8414	531.176	0	180	-34.8631
556.783	29.9057	531.257	0	180	-34.8686
556.731	29.97	531.339	0	180	-34.8741
556.679	30.0343	531.42	0	180	-34.8797
556.627	30.0986	531.501	0	180	-34.8852
556.575	30.1628	531.582	0	180	-34.8907
556.523	30.2271	531.664	0	180	-34.8962
556.471	30.2914	531.745	0	180	-34.9017
556.419	30.3557	531.826	0	180	-34.9072
556.367	30.42	531.907	0	180	-34.9127
556.315	30.4842	531.989	0	180	-34.9182
556.263	30.5485	532.07	0	180	-34.9237
556.211	30.6128	532.151	0	180	-34.9292
556.159	30.6771	532.232	0	180	-34.9347
556.108	30.7414	532.314	0	180	-34.9403
556.056	30.8056	532.395	0	180	-34.9458
556.004	30.8699	532.476	0	180	-34.9513
555.952	30.9342	532.557	0	180	-34.9568
555.9	30.9985	532.639	0	180	-34.9623
555.848	31.0628	532.72	0	180	-34.9678
555.796	31.127	532.801	0	180	-34.9733
555.744	31.1913	532.882	0	180	-34.9788
555.692	31.2556	532.963	0	180	-34.9843
555.64	31.3199	533.045	0	180	-34.9898
555.588	31.3842	533.126	0	180	-34.9953
555.536	31.4484	533.207	0	180	-35.0008
555.484	31.5127	533.288	0	180	-35.0064
555.433	31.577	533.37	0	180	-35.0119
555.381	31.6413	533.451	0	180	-35.0174
555.329	31.7055	533.532	0	180	-35.0229
555.277	31.7698	533.613	0	180	-35.0284
555.225	31.8341	533.695	0	180	-35.0339
555.173	31.8984	533.776	0	180	-35.0394
555.121	31.9627	533.857	0	180	-35.0449
555.069	32.0269	533.938	0	180	-35.0504
555.017	32.0912	534.02	0	180	-35.0559
554.965	32.1555	534.101	0	180	-35.0614
554.913	32.2198	534.182	0	180	-35.067
554.861	32.2841	534.263	0	180	-35.0725
554.809	32.3483	534.345	0	180	-35.078
554.757	32.4126	534.426	0	180	-35.0835
554.706	32.4769	534.507	0	180	-35.089
554.654	32.5412	534.588	0	180	-35.0945
554.602	32.6055	534.669	0	180	-35.1
554.55	32.6697	534.751	0	180	-35.1055
554.498	32.734	534.832	0	180	-35.111
554.446	32.7983	534.913	0	180	-35.1165
554.394	32.8626	534.994	0	180	-35.122
554.342	32.9269	535.076	0	180	-35.1276
554.29	32.9911	535.157	0	180	-35.1331
554.238	33.0554	535.238	0	180	-35.1386
554.186	33.1197	535.319	0	180	-35.1441
554.134	33.184	535.401	0	180	-35.1496
554.082	33.2483	535.482	0	180	-35.1551
554.031	33.3125	535.563	0	180	-35.1606
553.979	33.3768	535.644	0	180	-35.1661
553.927	33.4411	535.726	0	180	-35.1716
553.875	33.5054	535.807	0	180	-35.1771
553.823	33.5697	535.888	0	180	-35.1826
553.771	33.6339	535.969	0	180	-35.1881
553.719	33.6982	536.051	0	180	-35.1937
553.667	33.7625	536.132	0	180	-35.1992
553.615	33.8268	536.213	0	180	-35.2047
553.563	33.8911	536.294	0	180	-35.2102
553.511	33.9553	536.375	0	180	-35.2157
553.459	34.0196	536.457	0	180	-35.2212
553.407	34.0839	536.538	0	180	-35.2267
553.356	34.1482	536.619	0	180	-35.2322
553.304	34.2125	536.7	0	180	-35.2377
553.252	34.2767	536.782	0	180	-35.2432
553.2	34.341	536.863	0	180	-35.2487
553.148	34.4053	536.944	0	180	-35.2543
553.096	34.4696	537.025	0	180	-35.2598
553.044	34.5339	537.107	0	180	-35.2653
552.992	34.5981	537.188	0	180	-35.2708
552.94	34.6624	537.269	0	180	-35.2763
552.888	34.7267	537.35	0	180	-35.2818
552.836	34.791	537.432	0	180	-35.2873
552.784	34.8552	537.513	0	180	-35.2928
552.732	34.9195	537.594	0	180	-35.2983
552.68	34.9838	537.675	0	180	-35.3038
552.629	35.0481	537.757	0	180	-35.3093
552.577	35.1124	537.838	0	180	-35.3149
552.525	35.1766	537.919	0	180	-35.3204
552.473	35.2409	538	0	180	-35.3259
552.421	35.3052	538.081	0	180	-35.3314
552.369	35.3695	538.163	0	180	-35.3369
552.317	35.4338	538.244	0	180	-35.3424
552.265	35.498	538.325	0	180	-35.3479
552.213	35.5623	538.406	0	180	-35.3534
552.161	35.6266	538.488	0	180	-35.3589
552.109	35.6909	538.569	0	180	-35.3644
552.057	35.7552	538.65	0	180	-35.3699
552.005	35.8194	538.731	0	180	-35.3754
551.954	35.8837	538.813	0	180	-35.381
551.902	35.948	538.894	0	180	-35.3865
551.85	36.0123	538.975	0	180	-35.392
551.798	36.0766	539.056	0	180	-35.3975
551.746	36.1408	539.138	0	180	-35.403
551.694	36.2051	539.219	0	180	-35.4085
551.642	36.2694	539.3	0	180	-35.414
551.59	36.3337	539.381	0	180	-35.4195
551.538	36.398	539.463	0	180	-35.425
551.486	36.4622	539.544	0	180	-35.4305
551.434	36.5265	539.625	0	180	-35.436
551.382	36.5908	539.706	0	180	-35.4416
551.33	36.6551	539.787	0	180	-35.4471
551.279	36.7194	539.869	0	180	-35.4526
551.227	36.7836	539.95	0	180	-35.4581
551.175	36.8479	540.031	0	180	-35.4636
551.123	36.9122	540.112	0	180	-35.4691
551.071	36.9765	540.194	0	180	-35.4746
551.019	37.0408	540.275	0	180	-35.4801
550.967	37.105	540.356	0	180	-35.4856
550.915	37.1693	540.437	0	180	-35.4911
550.863	37.2336	540.519	0	180	-35.4966
550.811	37.2979	540.6	0	180	-35.5022
550.759	37.3622	540.681	0	180	-35.5077
550.707	37.4264	540.762	0	180	-35.5132
550.655	37.4907	540.844	0	180	-35.5187
550.603	37.555	540.925	0	180	-35.5242
550.552	37.6193	541.006	0	180	-35.5297
550.5	37.6836	541.087	0	180	-35.5352
550.448	37.7478	541.169	0	180	-35.5407
550.396	37.8121	541.25	0	180	-35.5462
550.344	37.8764	541.331	0	180	-35.5517
550.292	37.9407	541.412	0	180	-35.5572
550.24	38.0049	541.493	0	180	-35.5627
550.188	38.0692	541.575	0	180	-35.5683
550.136	38.1335	541.656	0	180	-35.5738
550.084	38.1978	541.737	0	180	-35.5793
550.032	38.2621	541.818	0	180	-35.5848
549.98	38.3263	541.9	0	180	-35.5903
549.928	38.3906	541.981	0	180	-35.5958
549.877	38.4549	542.062	0	180	-35.6013
549.825	38.5192	542.143	0	180	-35.6068
549.773	38.5835	542.225	0	180	-35.6123
549.721	38.6477	542.306	0	180	-35.6178
549.669	38.712	542.387	0	180	-35.6233
549.617	38.7763	542.468	0	180	-35.6289
549.565	38.8406	542.55	0	180	-35.6344
549.513	38.9049	542.631	0	180	-35.6399
549.461	38.9691	542.712	0	180	-35.6454
549.409	39.0334	542.793	0	180	-35.6509
549.357	39.0977	542.875	0	180	-35.6564
549.305	39.162	542.956	0	180	-35.6619
549.253	39.2263	543.037	0	180	-35.6674
549.202	39.2905	543.118	0	180	-35.6729
549.15	39.3548	543.199	0	180	-35.6784
549.098	39.4191	543.281	0	180	-35.6839
549.046	39.4834	543.362	0	180	-35.6895
548.994	39.5477	543.443	0	180	-35.695
548.942	39.6119	543.524	0	180	-35.7005
548.89	39.6762	543.606	0	180	-35.706
548.838	39.7405	543.687	0	180	-35.7115
548.786	39.8048	543.768	0	180	-35.717
548.734	39.8691	543.849	0	180	-35.7225
548.682	39.9333	543.931	0	180	-35.728
548.63	39.9976	544.012	0	180	-35.7335
548.578	40.0619	544.093	0	180	-35.739
548.526	40.1262	544.174	0	180	-35.7445
548.475	40.1905	544.256	0	180	-35.75
548.423	40.2547	544.337	0	180	-35.7556
548.371	40.319	544.418	0	180	-35.7611
548.319	40.3833	544.499	0	180	-35.7666
548.267	40.4476	544.581	0	180	-35.7721
548.215	40.5119	544.662	0	180	-35.7776
548.163	40.5761	544.743	0	180	-35.7831
548.111	40.6404	544.824	0	180	-35.7886
548.059	40.7047	544.906	0	180	-35.7941
548.007	40.769	544.987	0	180	-35.7996
547.955	40.8332	545.068	0	180	-35.8051
547.903	40.8975	545.149	0	180	-35.8106
547.851	40.9618	545.23	0	180	-35.8162
547.8	41.0261	545.312	0	180	-35.8217
547.748	41.0904	545.393	0	180	-35.8272
547.696	41.1546	545.474	0	180	-35.8327
547.644	41.2189	545.555	0	180	-35.8382
547.592	41.2832	545.637	0	180	-35.8437
547.54	41.3475	545.718	0	180	-35.8492
547.488	41.4118	545.799	0	180	-35.8547
547.436	41.476	545.88	0	180	-35.8602
547.384	41.5403	545.962	0	180	-35.8657
547.332	41.6046	546.043	0	180	-35.8712
547.28	41.6689	546.124	0	180	-35.8768
547.228	41.7332	546.205	0	180	-35.8823
547.176	41.7974	546.287	0	180	-35.8878
547.125	41.8617	546.368	0	180	-35.8933
547.073	41.926	546.449	0	180	-35.8988
547.021	41.9903	546.53	0	180	-35.9043
546.969	42.0546	546.612	0	180	-35.9098
546.917	42.1188	546.693	0	180	-35.9153
546.865	42.1831	546.774	0	180	-35.9208
546.813	42.2474	546.855	0	180	-35.9263
546.761	42.3117	546.936	0	180	-35.9318
546.709	42.376	547.018	0	180	-35.9373
546.657	42.4402	547.099	0	180	-35.9429
546.605	42.5045	547.18	0	180	-35.9484
546.553	42.5688	547.261	0	180	-35.9539
546.501	42.6331	547.343	0	180	-35.9594
546.449	42.6974	547.424	0	180	-35.9649
546.398	42.7616	547.505	0	180	-35.9704
546.346	42.8259	547.586	0	180	-35.9759
546.294	42.8902	547.668	0	180	-35.9814
546.242	42.9545	547.749	0	180	-35.9869
546.19	43.0188	547.83	0	180	-35.9924
546.138	43.083	547.911	0	180	-35.9979
546.086	43.1473	547.993	0	180	-36.0035
546.034	43.2116	548.074	0	180	-36.009
545.982	43.2759	548.155	0	180	-36.0145
545.93	43.3402	548.236	0	180	-36.02
545.878	43.4044	548.318	0	180	-36.0255
545.826	43.4687	548.399	0	180	-36.031
545.774	43.533	548.48	0	180	-36.0365
545.723	43.5973	548.561	0	180	-36.042
545.671	43.6616	548.642	0	180	-36.0475
545.619	43.7258	548.724	0	180	-36.053
545.567	43.7901	548.805	0	180	-36.0585
545.515	43.8544	548.886	0	180	-36.0641
545.463	43.9187	548.967	0	180	-36.0696
545.411	43.9829	549.049	0	180	-36.0751
545.359	44.0472	549.13	0	180	-36.0806
545.307	44.1115	549.211	0	180	-36.0861
545.255	44.1758	549.292	0	180	-36.0916
545.203	44.2401	549.374	0	180	-36.0971
545.151	44.3043	549.455	0	180	-36.1026
545.099	44.3686	549.536	0	180	-36.1081
545.047	44.4329	549.617	0	180	-36.1136
544.996	44.4972	549.699	0	180	-36.1191
544.944	44.5615	549.78	0	180	-36.1246
544.892	44.6257	549.861	0	180	-36.1302
544.84	44.69	549.942	0	180	-36.1357
544.788	44.7543	550.024	0	180	-36.1412
544.736	44.8186	550.105	0	180	-36.1467
544.684	44.8829	550.186	0	180	-36.1522
544.632	44.9471	550.267	0	180	-36.1577
544.58	45.0114	550.348	0	180	-36.1632
544.528	45.0757	550.43	0	180	-36.1687
544.476	45.14	550.511	0	180	-36.1742
544.424	45.2043	550.592	0	180	-36.1797
544.372	45.2685	550.673	0	180	-36.1852
544.321	45.3328	550.755	0	180	-36.1908
544.269	45.3971	550.836	0	180	-36.1963
544.217	45.4614	550.917	0	180	-36.2018
544.165	45.5257	550.998	0	180	-36.2073
544.113	45.5899	551.08	0	180	-36.2128
544.061	45.6542	551.161	0	180	-36.2183
544.009	45.7185	551.242	0	180	-36.2238
543.957	45.7828	551.323	0	180	-36.2293
543.905	45.8471	551.405	0	180	-36.2348
543.853	45.9113	551.486	0	180	-36.2403
543.801	45.9756	551.567	0	180	-36.2458
543.749	46.0399	551.648	0	180	-36.2514
543.697	46.1042	551.73	0	180	-36.2569
543.646	46.1685	551.811	0	180	-36.2624
543.594	46.2327	551.892	0	180	-36.2679
543.542	46.297	551.973	0	180	-36.2734
543.49	46.3613	552.054	0	180	-36.2789
543.438	46.4256	552.136	0	180	-36.2844
543.386	46.4899	552.217	0	180	-36.2899
543.334	46.5541	552.298	0	180	-36.2954
543.282	46.6184	552.379	0	180	-36.3009
543.23	46.6827	552.461	0	180	-36.3064
543.178	46.747	552.542	0	180	-36.3119
543.126	46.8113	552.623	0	180	-36.3175
543.074	46.8755	552.704	0	180	-36.323
543.022	46.9398	552.786	0	180	-36.3285
542.97	47.0041	552.867	0	180	-36.334
542.919	47.0684	552.948	0	180	-36.3395
542.867	47.1326	553.029	0	180	-36.345
542.815	47.1969	553.111	0	180	-36.3505
542.763	47.2612	553.192	0	180	-36.356
542.711	47.3255	553.273	0	180	-36.3615
542.659	47.3898	553.354	0	180	-36.367
542.607	47.454	553.436	0	180	-36.3725
542.555	47.5183	553.517	0	180	-36.3781
542.503	47.5826	553.598	0	180	-36.3836
542.451	47.6469	553.679	0	180	-36.3891
542.399	47.7112	553.76	0	180	-36.3946
542.347	47.7754	553.842	0	180	-36.4001
542.295	47.8397	553.923	0	180	-36.4056
542.244	47.904	554.004	0	180	-36.4111
542.192	47.9683	554.085	0	180	-36.4166
542.14	48.0326	554.167	0	180	-36.4221
542.088	48.0968	554.248	0	180	-36.4276
542.036	48.1611	554.329	0	180	-36.4331
541.984	48.2254	554.41	0	180	-36.4387
541.932	48.2897	554.492	0	180	-36.4442
541.88	48.354	554.573	0	180	-36.4497
541.828	48.4182	554.654	0	180	-36.4552
541.776	48.4825	554.735	0	180	-36.4607
541.724	48.5468	554.817	0	180	-36.4662
541.672	48.6111	554.898	0	180	-36.4717
541.62	48.6754	554.979	0	180	-36.4772
541.569	48.7396	555.06	0	180	-36.4827
541.517	48.8039	555.142	0	180	-36.4882
541.465	48.8682	555.223	0	180	-36.4937
541.413	48.9325	555.304	0	180	-36.4992
541.361	48.9968	555.385	0	180	-36.5048
541.309	49.061	555.466	0	180	-36.5103
541.257	49.1253	555.548	0	180	-36.5158
541.205	49.1896	555.629	0	180	-36.5213
541.153	49.2539	555.71	0	180	-36.5268
541.101	49.3182	555.791	0	180	-36.5323
541.049	49.3824	555.873	0	180	-36.5378
540.997	49.4467	555.954	0	180	-36.5433
540.945	49.511	556.035	0	180	-36.5488
540.893	49.5753	556.116	0	180	-36.5543
540.842	49.6396	556.198	0	180	-36.5598
540.79	49.7038	556.279	0	180	-36.5654
540.738	49.7681	556.36	0	180	-36.5709
540.686	49.8324	556.441	0	180	-36.5764
540.634	49.8967	556.523	0	180	-36.5819
540.582	49.9609	556.604	0	180	-36.5874
540.53	50.0252	556.685	0	180	-36.5929
540.478	50.0895	556.766	0	180	-36.5984
540.426	50.1538	556.848	0	180	-36.6039
540.374	50.2181	556.929	0	180	-36.6094
540.322	50.2823	557.01	0	180	-36.6149
540.27	50.3466	557.091	0	180	-36.6204
540.218	50.4109	557.172	0	180	-36.626
540.167	50.4752	557.254	0	180	-36.6315
540.115	50.5395	557.335	0	180	-36.637
540.063	50.6037	557.416	0	180	-36.6425
540.011	50.668	557.497	0	180	-36.648
539.959	50.7323	557.579	0	180	-36.6535
539.907	50.7966	557.66	0	180	-36.659
539.855	50.8609	557.741	0	180	-36.6645
539.803	50.9251	557.822	0	180	-36.67
539.751	50.9894	557.904	0	180	-36.6755
539.699	51.0537	557.985	0	180	-36.681
539.647	51.118	558.066	0	180	-36.6865
539.595	51.1823	558.147	0	180	-36.6921
539.543	51.2465	558.229	0	180	-36.6976
539.492	51.3108	558.31	0	180	-36.7031
539.44	51.3751	558.391	0	180	-36.7086
539.388	51.4394	558.472	0	180	-36.7141
539.336	51.5037	558.552	0	180	-36.7196
539.284	51.5679	558.631	0	180	-36.7251
539.232	51.6322	558.709	0	180	-36.7306
539.18	51.6965	558.786	0	180	-36.7361
539.128	51.7608	558.862	0	180	-36.7416
539.076	51.8251	558.937	0	180	-36.7471
539.024	51.8893	559.011	0	180	-36.7527
538.972	51.9536	559.084	0	180	-36.7582
538.92	52.0179	559.156	0	180	-36.7637
538.868	52.0822	559.227	0	180	-36.7692
538.816	52.1465	559.297	0	180	-36.7747
538.765	52.2107	559.366	0	180	-36.7802
538.713	52.275	559.434	0	180	-36.7857
538.661	52.3393	559.502	0	180	-36.7912
538.609	52.4036	559.568	0	180	-36.7967
538.557	52.4679	559.633	0	180	-36.8022
538.505	52.5321	559.697	0	180	-36.8077
538.453	52.5964	559.76	0	180	-36.8133
538.401	52.6607	559.822	0	180	-36.8188
538.349	52.725	559.883	0	180	-36.8243
538.297	52.7893	559.943	0	180	-36.8298
538.245	52.8535	560.002	0	180	-36.8353
538.193	52.9178	560.06	0	180	-36.8408
538.141	52.9821	560.117	0	180	-36.8463
538.09	53.0464	560.173	0	180	-36.8518
538.038	53.1106	560.228	0	180	-36.8573
537.986	53.1749	560.282	0	180	-36.8628
537.934	53.2392	560.335	0	180	-36.8683
537.882	53.3035	560.387	0	180	-36.8738
537.83	53.3678	560.438	0	180	-36.8794
537.778	53.432	560.488	0	180	-36.8849
537.726	53.4963	560.537	0	180	-36.8904
537.674	53.5606	560.585	0	180	-36.8959
537.622	53.6249	560.632	0	180	-36.9014
537.57	53.6892	560.678	0	180	-36.9069
537.518	53.7534	560.723	0	180	-36.9124
537.466	53.8177	560.767	0	180	-36.9179
537.415	53.882	560.81	0	180	-36.9234
537.363	53.9463	560.852	0	180	-36.9289
537.311	54.0106	560.893	0	180	-36.9344
537.259	54.0748	560.934	0	180	-36.94
537.207	54.1391	560.973	0	180	-36.9455
537.155	54.2034	561.011	0	180	-36.951
537.103	54.2677	561.048	0	180	-36.9565
537.051	54.332	561.084	0	180	-36.962
536.999	54.3962	561.119	0	180	-36.9675
536.947	54.4605	561.153	0	180	-36.973
536.895	54.5248	561.186	0	180	-36.9785
536.843	54.5891	561.218	0	180	-36.984
536.791	54.6534	561.249	0	180	-36.9895
536.739	54.7176	561.279	0	180	-36.995
536.688	54.7819	561.308	0	180	-37.0006
536.636	54.8462	561.336	0	180	-37.0061
536.584	54.9105	561.363	0	180	-37.0116
536.532	54.9748	561.389	0	180	-37.0171
536.48	55.039	561.414	0	180	-37.0226
536.428	55.1033	561.438	0	180	-37.0281
536.376	55.1676	561.461	0	180	-37.0336
536.324	55.2319	561.483	0	180	-37.0391
536.272	55.2962	561.504	0	180	-37.0446
536.22	55.3604	561.524	0	180	-37.0501
536.168	55.4247	561.543	0	180	-37.0556
536.116	55.489	561.561	0	180	-37.0611
536.064	55.5533	561.578	0	180	-37.0667
536.013	55.6176	561.594	0	180	-37.0722
535.961	55.6818	561.609	0	180	-37.0777
535.909	55.7461	561.623	0	180	-37.0832
535.857	55.8104	561.636	0	180	-37.0887
535.805	55.8747	561.649	0	180	-37.0942
535.753	55.939	561.66	0	180	-37.0997
535.701	56.0032	561.67	0	180	-37.1052
535.649	56.0675	561.679	0	180	-37.1107
535.597	56.1318	561.687	0	180	-37.1162
535.545	56.1961	561.694	0	180	-37.1217
535.493	56.2603	561.7	0	180	-37.1273
535.441	56.3246	561.705	0	180	-37.1328
535.389	56.3889	561.709	0	180	-37.1383
535.338	56.4527	561.712	0	180	-37.1438
535.287	56.5155	561.714	0	180	-37.1493
535.237	56.5773	561.715	0	180	-37.1545
535.188	56.6381	561.715	0	180	-37.1587
535.14	56.6978	561.714	0	180	-37.1621
535.093	56.7566	561.712	0	180	-37.1653
535.046	56.8145	561.709	0	180	-37.1686
535	56.872	561.705	0	180	-37.1718
534.953	56.9296	561.7	0	180	-37.1751
534.907	56.9872	561.694	0	180	-37.1783
534.861	57.0448	561.687	0	180	-37.1816
534.814	57.1024	561.679	0	180	-37.1848
534.768	57.16	561.67	0	180	-37.188
534.721	57.2176	561.66	0	180	-37.1913
534.675	57.2752	561.649	0	180	-37.1945
534.629	57.3327	561.637	0	180	-37.1978
534.582	57.3903	561.624	0	180	-37.201
534.536	57.4479	561.61	0	180	-37.2043
534.49	57.5055	561.596	0	180	-37.2075
534.443	57.5631	561.58	0	180	-37.2108
534.397	57.6207	561.563	0	180	-37.214
534.35	57.6783	561.545	0	180	-37.2172
534.304	57.7359	561.526	0	180	-37.2205
534.258	57.7934	561.506	0	180	-37.2237
534.211	57.851	561.485	0	180	-37.227
534.165	57.9086	561.463	0	180	-37.2302
534.118	57.9662	561.44	0	180	-37.2335
534.072	58.0238	561.416	0	180	-37.2367
534.026	58.0814	561.391	0	180	-37.24
533.979	58.139	561.365	0	180	-37.2432
533.933	58.1966	561.338	0	180	-37.2465
533.886	58.2541	561.31	0	180	-37.2497
533.84	58.3117	561.281	0	180	-37.2529
533.794	58.3693	561.251	0	180	-37.2562
533.747	58.4269	561.22	0	180	-37.2594
533.701	58.4845	561.188	0	180	-37.2627
533.655	58.5421	561.155	0	180	-37.2659
533.608	58.5997	561.121	0	180	-37.2692
533.562	58.6573	561.086	0	180	-37.2724
533.515	58.7148	561.05	0	180	-37.2757
533.469	58.7724	561.013	0	180	-37.2789
533.423	58.83	560.975	0	180	-37.2821
533.376	58.8876	560.936	0	180	-37.2854
533.33	58.9452	560.896	0	180	-37.2886
533.283	59.0028	560.855	0	180	-37.2919
533.237	59.0604	560.813	0	180	-37.2951
533.191	59.118	560.771	0	180	-37.2984
533.144	59.1755	560.727	0	180	-37.3016
533.098	59.2331	560.682	0	180	-37.3049
533.052	59.2907	560.636	0	180	-37.3081
533.005	59.3483	560.589	0	180	-37.3113
532.959	59.4059	560.541	0	180	-37.3146
532.912	59.4635	560.492	0	180	-37.3178
532.866	59.5211	560.442	0	180	-37.3211
532.82	59.5787	560.391	0	180	-37.3243
532.773	59.6362	560.339	0	180	-37.3276
532.727	59.6938	560.286	0	180	-37.3308
532.68	59.7514	560.232	0	180	-37.3341
532.634	59.809	560.177	0	180	-37.3373
532.588	59.8666	560.121	0	180	-37.3406
532.541	59.9242	560.064	0	180	-37.3438
532.495	59.9818	560.006	0	180	-37.347
532.448	60.0394	559.947	0	180	-37.3503
532.402	60.0969	559.887	0	180	-37.3535
532.356	60.1545	559.826	0	180	-37.3568
532.309	60.2121	559.764	0	180	-37.36
532.263	60.2697	559.701	0	180	-37.3633
532.217	60.3273	559.637	0	180	-37.3665
532.17	60.3849	559.572	0	180	-37.3698
532.124	60.4425	559.506	0	180	-37.373
532.077	60.5001	559.439	0	180	-37.3762
532.031	60.5576	559.371	0	180	-37.3795
531.985	60.6152	559.302	0	180	-37.3827
531.938	60.6728	559.233	0	180	-37.386
531.892	60.7304	559.162	0	180	-37.3892
531.845	60.788	559.09	0	180	-37.3925
531.799	60.8456	559.017	0	180	-37.3957
531.753	60.9032	558.943	0	180	-37.399
531.706	60.9608	558.868	0	180	-37.4022
531.66	61.0183	558.792	0	180	-37.4054
531.613	61.0759	558.715	0	180	-37.4087
531.567	61.1335	558.637	0	180	-37.4119
531.521	61.1911	558.558	0	180	-37.4152
531.474	61.2487	558.478	0	180	-37.4184
531.428	61.3063	558.397	0	180	-37.4217
531.382	61.3639	558.316	0	180	-37.4249
531.335	61.4215	558.235	0	180	-37.4282
531.289	61.479	558.154	0	180	-37.4314
531.242	61.5366	558.074	0	180	-37.4347
531.196	61.5942	557.993	0	180	-37.4379
531.15	61.6518	557.912	0	180	-37.4411
531.103	61.7094	557.831	0	180	-37.4444
531.057	61.767	557.75	0	180	-37.4476
531.01	61.8246	557.669	0	180	-37.4509
530.964	61.8822	557.588	0	180	-37.4541
530.918	61.9397	557.507	0	180	-37.4574
530.871	61.9973	557.427	0	180	-37.4606
530.825	62.0549	557.346	0	180	-37.4639
530.779	62.1125	557.265	0	180	-37.4671
530.732	62.1701	557.184	0	180	-37.4703
530.686	62.2277	557.103	0	180	-37.4736
530.639	62.2853	557.022	0	180	-37.4768
530.593	62.3429	556.941	0	180	-37.4801
530.547	62.4004	556.861	0	180	-37.4833
530.5	62.458	556.78	0	180	-37.4866
530.454	62.5156	556.699	0	180	-37.4898
530.407	62.5732	556.618	0	180	-37.4931
530.361	62.6308	556.537	0	180	-37.4963
530.315	62.6884	556.456	0	180	-37.4995
530.268	62.746	556.375	0	180	-37.5028
530.222	62.8036	556.294	0	180	-37.506
530.175	62.8611	556.214	0	180	-37.5093
530.129	62.9187	556.133	0	180	-37.5125
530.083	62.9763	556.052	0	180	-37.5158
530.036	63.0339	555.971	0	180	-37.519
529.99	63.0915	555.89	0	180	-37.5223
529.944	63.1491	555.809	0	180	-37.5255
529.897	63.2067	555.728	0	180	-37.5288
529.851	63.2643	555.647	0	180	-37.532
529.804	63.3218	555.567	0	180	-37.5352
529.758	63.3794	555.486	0	180	-37.5385
529.712	63.437	555.405	0	180	-37.5417
529.665	63.4946	555.324	0	180	-37.545
529.619	63.5522	555.243	0	180	-37.5482
529.572	63.6098	555.162	0	180	-37.5515
529.526	63.6674	555.081	0	180	-37.5547
529.48	63.725	555	0	180	-37.558
529.433	63.7825	554.92	0	180	-37.5612
529.387	63.8401	554.839	0	180	-37.5644
529.341	63.8977	554.758	0	180	-37.5677
529.294	63.9553	554.677	0	180	-37.5709
529.248	64.0129	554.596	0	180	-37.5742
529.201	64.0705	554.515	0	180	-37.5774
529.155	64.1281	554.434	0	180	-37.5807
529.109	64.1857	554.353	0	180	-37.5839
529.062	64.2432	554.273	0	180	-37.5872
529.016	64.3008	554.192	0	180	-37.5904
528.969	64.3584	554.111	0	180	-37.5936
528.923	64.416	554.03	0	180	-37.5969
528.877	64.4736	553.949	0	180	-37.6001
528.83	64.5312	553.868	0	180	-37.6034
528.784	64.5888	553.787	0	180	-37.6066
528.737	64.6464	553.707	0	180	-37.6099
528.691	64.7039	553.626	0	180	-37.6131
528.645	64.7615	553.545	0	180	-37.6164
528.598	64.8191	553.464	0	180	-37.6196
528.552	64.8767	553.383	0	180	-37.6229
528.506	64.9343	553.302	0	180	-37.6261
528.459	64.9919	553.221	0	180	-37.6293
528.413	65.0495	553.14	0	180	-37.6326
528.366	65.1071	553.06	0	180	-37.6358
528.32	65.1646	552.979	0	180	-37.6391
528.274	65.2222	552.898	0	180	-37.6423
528.227	65.2798	552.817	0	180	-37.6456
528.181	65.3374	552.736	0	180	-37.6488
528.134	65.395	552.655	0	180	-37.6521
528.088	65.4526	552.574	0	180	-37.6553
528.042	65.5102	552.493	0	180	-37.6585
527.995	65.5678	552.413	0	180	-37.6618
527.949	65.6253	552.332	0	180	-37.665
527.903	65.6829	552.251	0	180	-37.6683
527.856	65.7405	552.17	0	180	-37.6715
527.81	65.7981	552.089	0	180	-37.6748
527.763	65.8557	552.008	0	180	-37.678
527.717	65.9133	551.927	0	180	-37.6813
527.671	65.9709	551.846	0	180	-37.6845
527.624	66.0285	551.766	0	180	-37.6877
527.578	66.086	551.685	0	180	-37.691
527.531	66.1436	551.604	0	180	-37.6942
527.485	66.2012	551.523	0	180	-37.6975
527.439	66.2588	551.442	0	180	-37.7007
527.392	66.3164	551.361	0	180	-37.704
527.346	66.374	551.28	0	180	-37.7072
527.299	66.4316	551.2	0	180	-37.7105
527.253	66.4892	551.119	0	180	-37.7137
527.207	66.5467	551.038	0	180	-37.7169
527.16	66.6043	550.957	0	180	-37.7202
527.114	66.6619	550.876	0	180	-37.7234
527.068	66.7195	550.795	0	180	-37.7267
527.021	66.7771	550.714	0	180	-37.7299
526.975	66.8347	550.633	0	180	-37.7332
526.928	66.8923	550.553	0	180	-37.7364
526.882	66.9499	550.472	0	180	-37.7397
526.836	67.0074	550.391	0	180	-37.7429
526.789	67.065	550.31	0	180	-37.7462
526.743	67.1226	550.229	0	180	-37.7494
526.696	67.1802	550.148	0	180	-37.7526
526.65	67.2378	550.067	0	180	-37.7559
526.604	67.2954	549.986	0	180	-37.7591
526.557	67.353	549.906	0	180	-37.7624
526.511	67.4106	549.825	0	180	-37.7656
526.465	67.4681	549.744	0	180	-37.7689
526.418	67.5257	549.663	0	180	-37.7721
526.372	67.5833	549.582	0	180	-37.7754
526.325	67.6409	549.501	0	180	-37.7786
526.279	67.6985	549.42	0	180	-37.7818
526.233	67.7561	549.339	0	180	-37.7851
526.186	67.8137	549.259	0	180	-37.7883
526.14	67.8713	549.178	0	180	-37.7916
526.093	67.9288	549.097	0	180	-37.7948
526.047	67.9864	549.016	0	180	-37.7981
526.001	68.044	548.935	0	180	-37.8013
525.954	68.1016	548.854	0	180	-37.8046
525.908	68.1592	548.773	0	180	-37.8078
525.861	68.2168	548.692	0	180	-37.811
525.815	68.2744	548.612	0	180	-37.8143
525.769	68.332	548.531	0	180	-37.8175
525.722	68.3895	548.45	0	180	-37.8208
525.676	68.4471	548.369	0	180	-37.824
525.63	68.5047	548.288	0	180	-37.8273
525.583	68.5623	548.207	0	180	-37.8305
525.537	68.6199	548.126	0	180	-37.8338
525.49	68.6775	548.046	0	180	-37.837
525.444	68.7351	547.965	0	180	-37.8403
525.398	68.7927	547.884	0	180	-37.8435
525.351	68.8502	547.803	0	180	-37.8467
525.305	68.9078	547.722	0	180	-37.85
525.258	68.9654	547.641	0	180	-37.8532
525.212	69.023	547.56	0	180	-37.8565
525.166	69.0806	547.479	0	180	-37.8597
525.119	69.1382	547.399	0	180	-37.863
525.073	69.1958	547.318	0	180	-37.8662
525.027	69.2534	547.237	0	180	-37.8695
524.98	69.3109	547.156	0	180	-37.8727
524.934	69.3685	547.075	0	180	-37.8759
524.887	69.4261	546.994	0	180	-37.8792
524.841	69.4837	546.913	0	180	-37.8824
524.795	69.5413	546.832	0	180	-37.8857
524.748	69.5989	546.752	0	180	-37.8889
524.702	69.6565	546.671	0	180	-37.8922
524.655	69.7141	546.59	0	180	-37.8954
524.609	69.7716	546.509	0	180	-37.8987
524.563	69.8292	546.428	0	180	-37.9019
524.516	69.8868	546.347	0	180	-37.9051
524.47	69.9444	546.266	0	180	-37.9084
524.423	70.002	546.185	0	180	-37.9116
524.377	70.0596	546.105	0	180	-37.9149
524.331	70.1172	546.024	0	180	-37.9181
524.284	70.1748	545.943	0	180	-37.9214
524.238	70.2323	545.862	0	180	-37.9246
524.192	70.2899	545.781	0	180	-37.9279
524.145	70.3475	545.7	0	180	-37.9311
524.099	70.4051	545.619	0	180	-37.9344
524.052	70.4627	545.538	0	180	-37.9376
524.006	70.5203	545.458	0	180	-37.9408
523.96	70.5779	545.377	0	180	-37.9441
523.913	70.6355	545.296	0	180	-37.9473
523.867	70.693	545.215	0	180	-37.9506
523.82	70.7506	545.134	0	180	-37.9538
523.774	70.8082	545.053	0	180	-37.9571
523.728	70.8658	544.972	0	180	-37.9603
523.681	70.9234	544.892	0	180	-37.9636
523.635	70.981	544.811	0	180	-37.9668
523.588	71.0386	544.73	0	180	-37.97
523.542	71.0962	544.649	0	180	-37.9733
523.496	71.1537	544.568	0	180	-37.9765
523.449	71.2113	544.487	0	180	-37.9798
523.403	71.2689	544.406	0	180	-37.983
523.357	71.3265	544.325	0	180	-37.9863
523.31	71.3841	544.245	0	180	-37.9895
523.264	71.4417	544.164	0	180	-37.9928
523.217	71.4993	544.083	0	180	-37.996
523.171	71.5569	544.002	0	180	-37.9992
523.125	71.6144	543.921	0	180	-38.0025
523.078	71.672	543.84	0	180	-38.0057
523.032	71.7296	543.759	0	180	-38.009
522.985	71.7872	543.678	0	180	-38.0122
522.939	71.8448	543.598	0	180	-38.0155
522.893	71.9024	543.517	0	180	-38.0187
522.846	71.96	543.436	0	180	-38.022
522.8	72.0175	543.355	0	180	-38.0252
522.754	72.0751	543.274	0	180	-38.0285
522.707	72.1327	543.193	0	180	-38.0317
522.661	72.1903	543.112	0	180	-38.0349
522.614	72.2479	543.031	0	180	-38.0382
522.568	72.3055	542.951	0	180	-38.0414
522.522	72.3631	542.87	0	180	-38.0447
522.475	72.4207	542.789	0	180	-38.0479
522.429	72.4782	542.708	0	180	-38.0512
522.382	72.5358	542.627	0	180	-38.0544
522.336	72.5934	542.546	0	180	-38.0577
522.29	72.651	542.465	0	180	-38.0609
522.243	72.7086	542.385	0	180	-38.0641
522.197	72.7662	542.304	0	180	-38.0674
522.15	72.8238	542.223	0	180	-38.0706
522.104	72.8814	542.142	0	180	-38.0739
522.058	72.9389	542.061	0	180	-38.0771
522.011	72.9965	541.98	0	180	-38.0804
521.965	73.0541	541.899	0	180	-38.0836
521.919	73.1117	541.818	0	180	-38.0869
521.872	73.1693	541.738	0	180	-38.0901
521.826	73.2269	541.657	0	180	-38.0933
521.779	73.2845	541.576	0	180	-38.0966
521.733	73.3421	541.495	0	180	-38.0998
521.687	73.3996	541.414	0	180	-38.1031
521.64	73.4572	541.333	0	180	-38.1063
521.594	73.5148	541.252	0	180	-38.1096
521.547	73.5724	541.171	0	180	-38.1128
521.501	73.63	541.091	0	180	-38.1161
521.455	73.6876	541.01	0	180	-38.1193
521.408	73.7452	540.929	0	180	-38.1226
521.362	73.8028	540.848	0	180	-38.1258
521.316	73.8603	540.767	0	180	-38.129
521.269	73.9179	540.686	0	180	-38.1323
521.223	73.9755	540.605	0	180	-38.1355
521.176	74.0331	540.524	0	180	-38.1388
521.13	74.0907	540.444	0	180	-38.142
521.084	74.1483	540.363	0	180	-38.1453
521.037	74.2059	540.282	0	180	-38.1485
520.991	74.2635	540.201	0	180	-38.1518
520.944	74.321	540.12	0	180	-38.155
520.898	74.3786	540.039	0	180	-38.1582
520.852	74.4362	539.958	0	180	-38.1615
520.805	74.4938	539.877	0	180	-38.1647
520.759	74.5514	539.797	0	180	-38.168
520.712	74.609	539.716	0	180	-38.1712
520.666	74.6666	539.635	0	180	-38.1745
520.62	74.7242	539.554	0	180	-38.1777
520.573	74.7817	539.473	0	180	-38.181
520.527	74.8393	539.392	0	180	-38.1842
520.481	74.8969	539.311	0	180	-38.1874
520.434	74.9545	539.231	0	180	-38.1907
520.388	75.0121	539.15	0	180	-38.1939
520.341	75.0697	539.069	0	180	-38.1972
520.295	75.1273	538.988	0	180	-38.2004
520.249	75.1849	538.907	0	180	-38.2037
520.202	75.2424	538.826	0	180	-38.2069
520.156	75.3	538.745	0	180	-38.2102
520.109	75.3576	538.664	0	180	-38.2134
520.063	75.4152	538.584	0	180	-38.2166
520.017	75.4728	538.503	0	180	-38.2199
519.97	75.5304	538.422	0	180	-38.2231
519.924	75.588	538.341	0	180	-38.2264
519.878	75.6456	538.26	0	180	-38.2296
519.831	75.7031	538.179	0	180	-38.2329
519.785	75.7607	538.098	0	180	-38.2361
519.738	75.8183	538.017	0	180	-38.2394
519.692	75.8759	537.937	0	180	-38.2426
519.646	75.9335	537.856	0	180	-38.2459
519.599	75.9911	537.775	0	180	-38.2491
519.553	76.0487	537.694	0	180	-38.2523
519.506	76.1063	537.613	0	180	-38.2556
519.46	76.1638	537.532	0	180	-38.2588
519.414	76.2214	537.451	0	180	-38.2621
519.367	76.279	537.37	0	180	-38.2653
519.321	76.3366	537.29	0	180	-38.2686
519.274	76.3942	537.209	0	180	-38.2718
519.228	76.4518	537.128	0	180	-38.2751
519.182	76.5094	537.047	0	180	-38.2783
519.135	76.567	536.966	0	180	-38.2815
519.089	76.6245	536.885	0	180	-38.2848
519.043	76.6821	536.804	0	180	-38.288
518.996	76.7397	536.723	0	180	-38.2913
518.95	76.7973	536.643	0	180	-38.2945
518.903	76.8549	536.562	0	180	-38.2978
518.857	76.9125	536.481	0	180	-38.301
518.811	76.9701	536.4	0	180	-38.3043
518.764	77.0277	536.319	0	180	-38.3075
518.718	77.0852	536.238	0	180	-38.3107
518.671	77.1428	536.157	0	180	-38.314
518.625	77.2004	536.077	0	180	-38.3172
518.579	77.258	535.996	0	180	-38.3205
518.532	77.3156	535.915	0	180	-38.3237
518.486	77.3732	535.834	0	180	-38.327
518.44	77.4308	535.753	0	180	-38.3302
518.393	77.4884	535.672	0	180	-38.3335
518.347	77.5459	535.591	0	180	-38.3367
518.3	77.6035	535.51	0	180	-38.34
518.254	77.6611	535.43	0	180	-38.3432
518.208	77.7187	535.349	0	180	-38.3464
518.161	77.7763	535.268	0	180	-38.3497
518.115	77.8339	535.187	0	180	-38.3529
518.068	77.8915	535.106	0	180	-38.3562
518.022	77.9491	535.025	0	180	-38.3594
517.976	78.0066	534.944	0	180	-38.3627
517.929	78.0642	534.863	0	180	-38.3659
517.883	78.1218	534.783	0	180	-38.3692
517.836	78.1794	534.702	0	180	-38.3724
517.79	78.237	534.621	0	180	-38.3756
517.744	78.2946	534.54	0	180	-38.3789
517.697	78.3522	534.459	0	180	-38.3821
517.651	78.4098	534.378	0	180	-38.3854
517.605	78.4673	534.297	0	180	-38.3886
517.558	78.5249	534.216	0	180	-38.3919
517.512	78.5825	534.136	0	180	-38.3951
517.465	78.6401	534.055	0	180	-38.3984
517.419	78.6977	533.974	0	180	-38.4016
517.373	78.7553	533.893	0	180	-38.4048
517.326	78.8129	533.812	0	180	-38.4081
517.28	78.8705	533.731	0	180	-38.4113
517.233	78.928	533.65	0	180	-38.4146
517.187	78.9856	533.57	0	180	-38.4178
517.141	79.0432	533.489	0	180	-38.4211
517.094	79.1008	533.408	0	180	-38.4243
517.048	79.1584	533.327	0	180	-38.4276
517.002	79.216	533.246	0	180	-38.4308
516.955	79.2736	533.165	0	180	-38.4341
516.909	79.3312	533.084	0	180	-38.4373
516.862	79.3887	533.003	0	180	-38.4405
516.816	79.4463	532.923	0	180	-38.4438
516.77	79.5039	532.842	0	180	-38.447
516.723	79.5615	532.761	0	180	-38.4503
516.677	79.6191	532.68	0	180	-38.4535
516.63	79.6767	532.599	0	180	-38.4568
516.584	79.7343	532.518	0	180	-38.46
516.538	79.7919	532.437	0	180	-38.4633
516.491	79.8494	532.356	0	180	-38.4665
516.445	79.907	532.276	0	180	-38.4697
516.398	79.9646	532.195	0	180	-38.473
516.352	80.0222	532.114	0	180	-38.4762
516.306	80.0798	532.033	0	180	-38.4795
516.259	80.1374	531.952	0	180	-38.4827
516.213	80.195	531.871	0	180	-38.486
516.167	80.2526	531.79	0	180	-38.4892
516.12	80.3101	531.709	0	180	-38.4925
516.074	80.3677	531.629	0	180	-38.4957
516.027	80.4253	531.548	0	180	-38.4989
515.981	80.4829	531.467	0	180	-38.5022
515.935	80.5405	531.386	0	180	-38.5054
515.888	80.5981	531.305	0	180	-38.5087
515.842	80.6557	531.224	0	180	-38.5119
515.795	80.7133	531.143	0	180	-38.5152
515.749	80.7708	531.062	0	180	-38.5184
515.703	80.8284	530.982	0	180	-38.5217
515.656	80.886	530.901	0	180	-38.5249
515.61	80.9436	530.82	0	180	-38.5282
515.563	81.0012	530.739	0	180	-38.5314
515.517	81.0588	530.658	0	180	-38.5346
515.471	81.1164	530.577	0	180	-38.5379
515.424	81.174	530.496	0	180	-38.5411
515.378	81.2315	530.416	0	180	-38.5444
515.332	81.2891	530.335	0	180	-38.5476
515.285	81.3467	530.254	0	180	-38.5509
515.239	81.4043	530.173	0	180	-38.5541
515.192	81.4619	530.092	0	180	-38.5574
515.146	81.5195	530.011	0	180	-38.5606
515.1	81.5771	529.93	0	180	-38.5638
515.053	81.6347	529.849	0	180	-38.5671
515.007	81.6922	529.769	0	180	-38.5703
514.96	81.7498	529.688	0	180	-38.5736
514.914	81.8074	529.607	0	180	-38.5768
514.868	81.865	529.526	0	180	-38.5801
514.821	81.9226	529.445	0	180	-38.5833
514.775	81.9802	529.364	0	180	-38.5866
514.729	82.0378	529.283	0	180	-38.5898
514.682	82.0954	529.202	0	180	-38.593
514.636	82.1529	529.122	0	180	-38.5963
514.589	82.2105	529.041	0	180	-38.5995
514.543	82.2681	528.96	0	180	-38.6028
514.497	82.3257	528.879	0	180	-38.606
514.45	82.3833	528.798	0	180	-38.6093
514.404	82.4409	528.717	0	180	-38.6125
514.357	82.4985	528.636	0	180	-38.6158
514.311	82.5561	528.555	0	180	-38.619
514.265	82.6136	528.475	0	180	-38.6223
514.218	82.6712	528.394	0	180	-38.6255
514.172	82.7288	528.313	0	180	-38.6287
514.125	82.7864	528.232	0	180	-38.632
514.079	82.844	528.151	0	180	-38.6352
514.033	82.9016	528.07	0	180	-38.6385
513.986	82.9592	527.989	0	180	-38.6417
513.94	83.0168	527.908	0	180	-38.645
513.894	83.0743	527.828	0	180	-38.6482
513.847	83.1319	527.747	0	180	-38.6515
513.801	83.1895	527.666	0	180	-38.6547
513.754	83.2471	527.585	0	180	-38.6579
513.708	83.3047	527.504	0	180	-38.6612
513.662	83.3623	527.423	0	180	-38.6644
513.615	83.4199	527.342	0	180	-38.6677
513.569	83.4775	527.262	0	180	-38.6709
513.522	83.535	527.181	0	180	-38.6742
513.476	83.5926	527.1	0	180	-38.6774
513.43	83.6502	527.019	0	180	-38.6807
513.383	83.7078	526.938	0	180	-38.6839
513.337	83.7654	526.857	0	180	-38.6871
513.291	83.823	526.776	0	180	-38.6904
513.244	83.8806	526.695	0	180	-38.6936
513.198	83.9382	526.615	0	180	-38.6969
513.151	83.9957	526.534	0	180	-38.7001
513.105	84.0533	526.453	0	180	-38.7034
513.059	84.1109	526.372	0	180	-38.7066
513.012	84.1685	526.291	0	180	-38.7099
512.966	84.2261	526.21	0	180	-38.7131
512.919	84.2837	526.129	0	180	-38.7164
512.873	84.3413	526.048	0	180	-38.7196
512.827	84.3989	525.968	0	180	-38.7228
512.78	84.4564	525.887	0	180	-38.7261
512.734	84.514	525.806	0	180	-38.7293
512.687	84.5716	525.725	0	180	-38.7326
512.641	84.6292	525.644	0	180	-38.7358
512.595	84.6868	525.563	0	180	-38.7391
512.548	84.7444	525.482	0	180	-38.7423
512.502	84.802	525.401	0	180	-38.7456
512.456	84.8596	525.321	0	180	-38.7488
512.409	84.9171	525.24	0	180	-38.752
512.363	84.9747	525.159	0	180	-38.7553
512.316	85.0323	525.078	0	180	-38.7585
512.27	85.0899	524.997	0	180	-38.7618
512.224	85.1475	524.916	0	180	-38.765
512.177	85.2051	524.835	0	180	-38.7683
512.131	85.2627	524.755	0	180	-38.7715
512.084	85.3203	524.674	0	180	-38.7748
512.038	85.3778	524.593	0	180	-38.778
511.992	85.4354	524.512	0	180	-38.7812
511.945	85.493	524.431	0	180	-38.7845
511.899	85.5506	524.35	0	180	-38.7877
511.853	85.6082	524.269	0	180	-38.791
511.806	85.6658	524.188	0	180	-38.7942
511.76	85.7234	524.108	0	180	-38.7975
511.713	85.781	524.027	0	180	-38.8007
511.667	85.8385	523.946	0	180	-38.804
511.621	85.8961	523.865	0	180	-38.8072
511.574	85.9537	523.784	0	180	-38.8104
511.528	86.0113	523.703	0	180	-38.8137
511.481	86.0689	523.622	0	180	-38.8169
511.435	86.1265	523.541	0	180	-38.8202
511.389	86.1841	523.461	0	180	-38.8234
511.342	86.2417	523.38	0	180	-38.8267
511.296	86.2992	523.299	0	180	-38.8299
511.249	86.3568	523.218	0	180	-38.8332
511.203	86.4144	523.137	0	180	-38.8364
511.157	86.472	523.056	0	180	-38.8397
511.11	86.5296	522.975	0	180	-38.8429
511.064	86.5872	522.894	0	180	-38.8461
511.018	86.6448	522.814	0	180	-38.8494
510.971	86.7024	522.733	0	180	-38.8526
510.925	86.7599	522.652	0	180	-38.8559
510.878	86.8175	522.571	0	180	-38.8591
510.832	86.8751	522.49	0	180	-38.8624
510.786	86.9327	522.409	0	180	-38.8656
510.739	86.9903	522.328	0	180	-38.8689
510.693	87.0479	522.247	0	180	-38.8721
510.646	87.1055	522.167	0	180	-38.8753
510.6	87.1631	522.086	0	180	-38.8786
510.554	87.2206	522.005	0	180	-38.8818
510.507	87.2782	521.924	0	180	-38.8851
510.461	87.3358	521.843	0	180	-38.8883
510.415	87.3934	521.762	0	180	-38.8916
510.368	87.451	521.681	0	180	-38.8948
510.322	87.5086	521.601	0	180	-38.8981
510.275	87.5662	521.52	0	180	-38.9013
510.229	87.6238	521.439	0	180	-38.9045
510.183	87.6813	521.358	0	180	-38.9078
510.136	87.7389	521.277	0	180	-38.911
510.09	87.7965	521.196	0	180	-38.9143
510.043	87.8541	521.115	0	180	-38.9175
509.997	87.9117	521.034	0	180	-38.9208
509.951	87.9693	520.954	0	180	-38.924
509.904	88.0269	520.873	0	180	-38.9273
509.858	88.0845	520.792	0	180	-38.9305
509.811	88.142	520.711	0	180	-38.9338
509.765	88.1996	520.63	0	180	-38.937
509.719	88.2572	520.549	0	180	-38.9402
509.672	88.3148	520.468	0	180	-38.9435
509.626	88.3724	520.387	0	180	-38.9467
509.58	88.43	520.307	0	180	-38.95
509.533	88.4876	520.226	0	180	-38.9532
509.487	88.5452	520.145	0	180	-38.9565
509.44	88.6027	520.064	0	180	-38.9597
509.394	88.6603	519.983	0	180	-38.963
509.348	88.7179	519.902	0	180	-38.9662
509.301	88.7755	519.821	0	180	-38.9694
509.255	88.8331	519.74	0	180	-38.9727
509.208	88.8907	519.66	0	180	-38.9759
509.162	88.9483	519.579	0	180	-38.9792
509.116	89.0059	519.498	0	180	-38.9824
509.069	89.0634	519.417	0	180	-38.9857
509.023	89.121	519.336	0	180	-38.9889
508.977	89.1786	519.255	0	180	-38.9922
508.93	89.2362	519.174	0	180	-38.9954
508.884	89.2938	519.093	0	180	-38.9986
508.837	89.3514	519.013	0	180	-39.0019
508.791	89.409	518.932	0	180	-39.0051
508.745	89.4666	518.851	0	180	-39.0084
508.698	89.5241	518.77	0	180	-39.0116
508.652	89.5817	518.689	0	180	-39.0149
508.605	89.6393	518.608	0	180	-39.0181
508.559	89.6969	518.527	0	180	-39.0214
508.513	89.7545	518.447	0	180	-39.0246
508.466	89.8121	518.366	0	180	-39.0279
508.42	89.8697	518.285	0	180	-39.0311
508.373	89.9273	518.204	0	180	-39.0343
508.327	89.9848	518.123	0	180	-39.0376
508.281	90.0424	518.042	0	180	-39.0408
508.234	90.1	517.961	0	180	-39.0441
508.188	90.1576	517.88	0	180	-39.0473
508.142	90.2152	517.8	0	180	-39.0506
508.095	90.2728	517.719	0	180	-39.0538
508.049	90.3304	517.638	0	180	-39.0571
508.002	90.388	517.557	0	180	-39.0603
507.956	90.4455	517.476	0	180	-39.0635
507.91	90.5031	517.395	0	180	-39.0668
507.863	90.5607	517.314	0	180	-39.07
507.817	90.6183	517.233	0	180	-39.0733
507.77	90.6759	517.153	0	180	-39.0765
507.724	90.7335	517.072	0	180	-39.0798
507.678	90.7911	516.991	0	180	-39.083
507.631	90.8487	516.91	0	180	-39.0863
507.585	90.9062	516.829	0	180	-39.0895
507.539	90.9638	516.748	0	180	-39.0927
507.492	91.0214	516.667	0	180	-39.096
507.446	91.079	516.586	0	180	-39.0992
507.399	91.1366	516.506	0	180	-39.1025
507.353	91.1942	516.425	0	180	-39.1057
507.307	91.2518	516.344	0	180	-39.109
507.26	91.3094	516.263	0	180	-39.1122
507.214	91.3669	516.182	0	180	-39.1155
507.167	91.4245	516.101	0	180	-39.1187
507.121	91.4821	516.02	0	180	-39.122
507.075	91.5397	515.94	0	180	-39.1252
507.028	91.5973	515.859	0	180	-39.1284
506.982	91.6549	515.778	0	180	-39.1317
506.935	91.7125	515.697	0	180	-39.1349
506.889	91.7701	515.616	0	180	-39.1382
506.843	91.8276	515.535	0	180	-39.1414
506.796	91.8852	515.454	0	180	-39.1447
506.75	91.9428	515.373	0	180	-39.1479
506.704	92.0004	515.293	0	180	-39.1512
506.657	92.058	515.212	0	180	-39.1544
506.611	92.1156	515.131	0	180	-39.1576
506.564	92.1732	515.05	0	180	-39.1609
506.518	92.2308	514.969	0	180	-39.1641
506.472	92.2883	514.888	0	180	-39.1674
506.425	92.3459	514.807	0	180	-39.1706
506.379	92.4035	514.726	0	180	-39.1739
506.332	92.4611	514.646	0	180	-39.1771
506.286	92.5187	514.565	0	180	-39.1804
506.24	92.5763	514.484	0	180	-39.1836
506.193	92.6339	514.403	0	180	-39.1868
506.147	92.6915	514.322	0	180	-39.1901
506.1	92.749	514.241	0	180	-39.1933
506.054	92.8066	514.16	0	180	-39.1966
506.008	92.8642	514.079	0	180	-39.1998
505.961	92.9218	513.999	0	180	-39.2031
505.915	92.9794	513.918	0	180	-39.2063
505.869	93.037	513.837	0	180	-39.2096
505.822	93.0946	513.756	0	180	-39.2128
505.776	93.1522	513.675	0	180	-39.2161
505.729	93.2097	513.594	0	180	-39.2193
505.683	93.2673	513.513	0	180	-39.2225
505.637	93.3249	513.432	0	180	-39.2258
505.59	93.3825	513.352	0	180	-39.229
505.544	93.4401	513.271	0	180	-39.2323
505.497	93.4977	513.19	0	180	-39.2355
505.451	93.5553	513.109	0	180	-39.2388
505.405	93.6129	513.028	0	180	-39.242
505.358	93.6704	512.947	0	180	-39.2453
505.312	93.728	512.866	0	180	-39.2485
505.266	93.7856	512.786	0	180	-39.2517
505.219	93.8432	512.705	0	180	-39.255
505.173	93.9008	512.624	0	180	-39.2582
505.126	93.9584	512.543	0	180	-39.2615
505.08	94.016	512.462	0	180	-39.2647
505.034	94.0735	512.381	0	180	-39.268
504.987	94.1311	512.3	0	180	-39.2712
504.941	94.1887	512.219	0	180	-39.2745
504.894	94.2463	512.139	0	180	-39.2777
504.848	94.3039	512.058	0	180	-39.2809
504.802	94.3615	511.977	0	180	-39.2842
504.755	94.4191	511.896	0	180	-39.2874
504.709	94.4767	511.815	0	180	-39.2907
504.662	94.5342	511.734	0	180	-39.2939
504.616	94.5918	511.653	0	180	-39.2972
504.57	94.6494	511.572	0	180	-39.3004
504.523	94.707	511.492	0	180	-39.3037
504.477	94.7646	511.411	0	180	-39.3069
504.431	94.8222	511.33	0	180	-39.3102
504.384	94.8798	511.249	0	180	-39.3134
504.338	94.9374	511.168	0	180	-39.3166
504.291	94.9949	511.087	0	180	-39.3199
504.245	95.0525	511.006	0	180	-39.3231
504.199	95.1101	510.925	0	180	-39.3264
504.152	95.1677	510.845	0	180	-39.3296
504.106	95.2253	510.764	0	180	-39.3329
504.059	95.2829	510.683	0	180	-39.3361
504.013	95.3405	510.602	0	180	-39.3394
503.967	95.3981	510.521	0	180	-39.3426
503.92	95.4556	510.44	0	180	-39.3458
503.874	95.5132	510.359	0	180	-39.3491
503.828	95.5708	510.278	0	180	-39.3523
503.781	95.6284	510.198	0	180	-39.3556
503.735	95.686	510.117	0	180	-39.3588
503.688	95.7436	510.036	0	180	-39.3621
503.642	95.8012	509.955	0	180	-39.3653
503.596	95.8588	509.874	0	180	-39.3686
503.549	95.9163	509.793	0	180	-39.3718
503.503	95.9739	509.712	0	180	-39.375
503.456	96.0315	509.632	0	180	-39.3783
503.41	96.0891	509.551	0	180	-39.3815
503.364	96.1467	509.47	0	180	-39.3848
503.317	96.2043	509.389	0	180	-39.388
503.271	96.2619	509.308	0	180	-39.3913
503.224	96.3195	509.227	0	180	-39.3945
503.178	96.377	509.146	0	180	-39.3978
503.132	96.4346	509.065	0	180	-39.401
503.085	96.4922	508.985	0	180	-39.4042
503.039	96.5498	508.904	0	180	-39.4075
502.993	96.6074	508.823	0	180	-39.4107
502.946	96.665	508.742	0	180	-39.414
502.9	96.7226	508.661	0	180	-39.4172
502.853	96.7802	508.58	0	180	-39.4205
502.807	96.8377	508.499	0	180	-39.4237
502.761	96.8953	508.418	0	180	-39.427
502.714	96.9529	508.338	0	180	-39.4302
502.668	97.0105	508.257	0	180	-39.4335
502.621	97.0681	508.177	0	180	-39.4367
502.575	97.1257	508.097	0	180	-39.4399
502.529	97.1833	508.019	0	180	-39.4432
502.482	97.2409	507.942	0	180	-39.4464
502.436	97.2984	507.866	0	180	-39.4497
502.39	97.356	507.79	0	180	-39.4529
502.343	97.4136	507.716	0	180	-39.4562
502.297	97.4712	507.643	0	180	-39.4594
502.25	97.5288	507.571	0	180	-39.4627
502.204	97.5864	507.5	0	180	-39.4659
502.158	97.644	507.429	0	180	-39.4691
502.111	97.7016	507.36	0	180	-39.4724
502.065	97.7591	507.292	0	180	-39.4756
502.018	97.8167	507.225	0	180	-39.4789
501.972	97.8743	507.159	0	180	-39.4821
501.926	97.9319	507.093	0	180	-39.4854
501.879	97.9895	507.029	0	180	-39.4886
501.833	98.0471	506.966	0	180	-39.4919
501.786	98.1047	506.904	0	180	-39.4951
501.74	98.1623	506.843	0	180	-39.4983
501.694	98.2198	506.782	0	180	-39.5016
501.647	98.2774	506.723	0	180	-39.5048
501.601	98.335	506.665	0	180	-39.5081
501.555	98.3922	506.608	0	180	-39.5113
501.508	98.4484	506.552	0	180	-39.5146
501.462	98.5036	506.496	0	180	-39.5178
501.415	98.5578	506.442	0	180	-39.5211
501.369	98.611	506.389	0	180	-39.5243
501.323	98.6633	506.337	0	180	-39.5276
501.276	98.7145	506.286	0	180	-39.5308
501.23	98.7647	506.235	0	180	-39.534
501.183	98.8139	506.186	0	180	-39.5373
501.137	98.8621	506.138	0	180	-39.5405
501.091	98.9093	506.091	0	180	-39.5438
501.045	98.9555	506.045	0	180	-39.547
500.999	99.0007	505.999	0	180	-39.5503
500.955	99.0449	505.955	0	180	-39.5535
500.912	99.0881	505.912	0	180	-39.5568
500.87	99.1303	505.87	0	180	-39.56
500.828	99.1715	505.828	0	180	-39.5632
500.788	99.2117	505.788	0	180	-39.5665
500.749	99.2509	505.749	0	180	-39.5697
500.711	99.2891	505.711	0	180	-39.573
500.674	99.3263	505.674	0	180	-39.5762
500.637	99.3625	505.637	0	180	-39.5795
500.602	99.3978	505.602	0	180	-39.5827
500.568	99.432	505.568	0	180	-39.586
500.535	99.4652	505.535	0	180	-39.5892
500.503	99.4974	505.503	0	180	-39.5924
500.471	99.5286	505.471	0	180	-39.5957
500.441	99.5588	505.441	0	180	-39.5989
500.412	99.588	505.412	0	180	-39.6022
500.384	99.6162	505.384	0	180	-39.6054
500.357	99.6434	505.357	0	180	-39.6087
500.33	99.6696	505.33	0	180	-39.6119
500.305	99.6948	505.305	0	180	-39.6152
500.281	99.719	505.281	0	180	-39.6184
500.258	99.7422	505.258	0	180	-39.6217
500.236	99.7644	505.236	0	180	-39.6249
500.214	99.7856	505.214	0	180	-39.6281
500.194	99.8058	505.194	0	180	-39.6314
500.175	99.825	505.175	0	180	-39.6346
500.157	99.8433	505.157	0	180	-39.6379
500.14	99.8605	505.14	0	180	-39.6411
500.123	99.8767	505.123	0	180	-39.6444
500.108	99.8919	505.108	0	180	-39.6476
500.094	99.9061	505.094	0	180	-39.6509
500.081	99.9193	505.081	0	180	-39.6541
500.069	99.9315	505.069	0	180	-39.6573
500.057	99.9427	505.057	0	180	-39.6606
500.047	99.9529	505.047	0	180	-39.6638
500.038	99.9621	505.038	0	180	-39.6671
500.03	99.9703	505.03	0	180	-39.6703
500.022	99.9775	505.022	0	180	-39.6736
500.016	99.9837	505.016	0	180	-39.6768
500.011	99.9889	505.011	0	180	-39.6801
500.007	99.9931	505.007	0	180	-39.6833
500.004	99.9963	505.004	0	180	-39.6864
500.001	99.9985	505.001	0	180	-39.6886
500	99.9998	505	0	180	-39.6898
