500	100	505	0	180	-39.6901
500	99.9995	505	0	180	-39.6906
500.002	99.998	505.002	0	180	-39.6921
500.004	99.9955	505.004	0	180	-39.6946
500.008	99.992	505.008	0	180	-39.6981
500.012	99.9875	505.012	0	180	-39.7026
500.018	99.982	505.018	0	180	-39.7081
500.024	99.9755	505.024	0	180	-39.7146
500.032	99.968	505.032	0	180	-39.7221
500.041	99.9595	505.041	0	180	-39.7306
500.05	99.95	505.05	0	180	-39.7401
500.061	99.9395	505.061	0	180	-39.7506
500.072	99.928	505.072	0	180	-39.7621
500.085	99.9155	505.085	0	180	-39.7746
500.098	99.902	505.098	0	180	-39.7881
500.112	99.8875	505.112	0	180	-39.8026
500.128	99.872	505.128	0	180	-39.8181
500.144	99.8555	505.144	0	180	-39.8346
500.162	99.838	505.162	0	180	-39.8521
500.181	99.8195	505.181	0	180	-39.8706
500.2	99.8	505.2	0	180	-39.8901
500.22	99.7795	505.22	0	180	-39.9106
500.242	99.758	505.242	0	180	-39.9321
500.264	99.7355	505.264	0	180	-39.9546
500.288	99.712	505.288	0	180	-39.9781
500.313	99.6875	505.313	0	180	-40.0026
500.338	99.662	505.338	0	180	-40.0281
500.364	99.6355	505.365	0	180	-40.0546
500.392	99.608	505.392	0	180	-40.0821
500.421	99.5795	505.421	0	180	-40.1106
500.45	99.55	505.45	0	180	-40.1401
500.481	99.5195	505.481	0	180	-40.1706
500.512	99.488	505.512	0	180	-40.2021
500.544	99.4558	505.544	0	180	-40.2346
500.578	99.4235	505.578	0	180	-40.2681
500.613	99.3913	505.613	0	180	-40.3026
500.648	99.359	505.648	0	180	-40.3381
500.684	99.3268	505.684	0	180	-40.3746
500.722	99.2945	505.722	0	180	-40.4121
500.761	99.2623	505.761	0	180	-40.4506
500.8	99.2301	505.8	0	180	-40.4901
500.841	99.1978	505.841	0	180	-40.5306
500.882	99.1656	505.882	0	180	-40.5721
500.924	99.1333	505.925	0	180	-40.6146
500.968	99.1011	505.968	0	180	-40.6581
501.012	99.0688	506.011	0	180	-40.7026
501.058	99.0366	506.054	0	180	-40.7481
501.104	99.0043	506.097	0	180	-40.7946
501.152	98.9721	506.14	0	180	-40.8416
501.201	98.9398	506.183	0	180	-40.8886
501.25	98.9076	506.227	0	180	-40.9356
501.301	98.8753	506.27	0	180	-40.9827
501.352	98.8431	506.313	0	180	-41.0297
501.405	98.8108	506.356	0	180	-41.0767
501.458	98.7786	506.399	0	180	-41.1237
501.513	98.7464	506.442	0	180	-41.1708
501.568	98.7141	506.486	0	180	-41.2178
501.625	98.6819	506.529	0	180	-41.2648
501.682	98.6496	506.572	0	180	-41.3118
501.741	98.6174	506.615	0	180	-41.3589
501.8	98.5851	506.658	0	180	-41.4059
501.861	98.5529	506.701	0	180	-41.4529
501.922	98.5206	506.745	0	180	-41.4999
501.985	98.4884	506.788	0	180	-41.547
502.048	98.4561	506.831	0	180	-41.594
502.112	98.4239	506.874	0	180	-41.641
502.178	98.3916	506.917	0	180	-41.688
502.244	98.3594	506.96	0	180	-41.7351
502.312	98.3271	507.003	0	180	-41.7821
502.38	98.2949	507.047	0	180	-41.8291
502.45	98.2626	507.09	0	180	-41.8761
502.521	98.2304	507.133	0	180	-41.9232
502.592	98.1982	507.176	0	180	-41.9702
502.664	98.1659	507.219	0	180	-42.0172
502.738	98.1337	507.262	0	180	-42.0642
502.812	98.1014	507.306	0	180	-42.1113
502.888	98.0692	507.349	0	180	-42.1583
502.963	98.0369	507.392	0	180	-42.2053
503.039	98.0047	507.435	0	180	-42.2523
503.114	97.9724	507.478	0	180	-42.2994
503.19	97.9402	507.521	0	180	-42.3464
503.265	97.9079	507.565	0	180	-42.3934
503.341	97.8757	507.608	0	180	-42.4404
503.416	97.8434	507.651	0	180	-42.4875
503.492	97.8112	507.694	0	180	-42.5345
503.567	97.7789	507.737	0	180	-42.5815
503.643	97.7467	507.78	0	180	-42.6285
503.718	97.7145	507.824	0	180	-42.6756
503.793	97.6822	507.867	0	180	-42.7226
503.869	97.65	507.91	0	180	-42.7696
503.944	97.6177	507.953	0	180	-42.8167
504.02	97.5855	507.996	0	180	-42.8637
504.095	97.5532	508.039	0	180	-42.9107
504.171	97.521	508.082	0	180	-42.9577
504.246	97.4887	508.126	0	180	-43.0048
504.322	97.4565	508.169	0	180	-43.0518
504.397	97.4242	508.212	0	180	-43.0988
504.473	97.392	508.255	0	180	-43.1458
504.548	97.3597	508.298	0	180	-43.1929
504.624	97.3275	508.341	0	180	-43.2399
504.699	97.2952	508.385	0	180	-43.2869
504.774	97.263	508.428	0	180	-43.3339
504.85	97.2307	508.471	0	180	-43.381
504.925	97.1985	508.514	0	180	-43.428
505.001	97.1663	508.557	0	180	-43.475
505.076	97.134	508.6	0	180	-43.522
505.152	97.1018	508.644	0	180	-43.5691
505.227	97.0695	508.687	0	180	-43.6161
505.303	97.0373	508.73	0	180	-43.6631
505.378	97.005	508.773	0	180	-43.7101
505.454	96.9728	508.816	0	180	-43.7572
505.529	96.9405	508.859	0	180	-43.8042
505.605	96.9083	508.903	0	180	-43.8512
505.68	96.876	508.946	0	180	-43.8982
505.756	96.8438	508.989	0	180	-43.9453
505.831	96.8115	509.032	0	180	-43.9923
505.906	96.7793	509.075	0	180	-44.0393
505.982	96.747	509.118	0	180	-44.0863
506.057	96.7148	509.161	0	180	-44.1334
506.133	96.6826	509.205	0	180	-44.1804
506.208	96.6503	509.248	0	180	-44.2274
506.284	96.6181	509.291	0	180	-44.2744
506.359	96.5858	509.334	0	180	-44.3215
506.435	96.5536	509.377	0	180	-44.3685
506.51	96.5213	509.42	0	180	-44.4155
506.586	96.4891	509.464	0	180	-44.4625
506.661	96.4568	509.507	0	180	-44.5096
506.737	96.4246	509.55	0	180	-44.5566
506.812	96.3923	509.593	0	180	-44.6036
506.888	96.3601	509.636	0	180	-44.6506
506.963	96.3278	509.679	0	180	-44.6977
507.038	96.2956	509.723	0	180	-44.7447
507.114	96.2633	509.766	0	180	-44.7917
507.189	96.2311	509.809	0	180	-44.8387
507.265	96.1988	509.852	0	180	-44.8858
507.34	96.1666	509.895	0	180	-44.9328
507.416	96.1344	509.938	0	180	-44.9798
507.491	96.1021	509.982	0	180	-45.0268
507.567	96.0699	510.025	0	180	-45.0739
507.642	96.0376	510.068	0	180	-45.1209
507.718	96.0054	510.111	0	180	-45.1679
507.793	95.9731	510.154	0	180	-45.2149
507.869	95.9409	510.197	0	180	-45.262
507.944	95.9086	510.24	0	180	-45.309
508.019	95.8764	510.284	0	180	-45.356
508.095	95.8441	510.327	0	180	-45.403
508.17	95.8119	510.37	0	180	-45.4501
508.246	95.7796	510.413	0	180	-45.4971
508.321	95.7474	510.456	0	180	-45.5441
508.397	95.7151	510.499	0	180	-45.5911
508.472	95.6829	510.543	0	180	-45.6382
508.548	95.6507	510.586	0	180	-45.6852
508.623	95.6184	510.629	0	180	-45.7322
508.699	95.5862	510.672	0	180	-45.7792
508.774	95.5539	510.715	0	180	-45.8263
508.85	95.5217	510.758	0	180	-45.8733
508.925	95.4894	510.802	0	180	-45.9203
509.001	95.4572	510.845	0	180	-45.9673
509.076	95.4249	510.888	0	180	-46.0144
509.151	95.3927	510.931	0	180	-46.0614
509.227	95.3604	510.974	0	180	-46.1084
509.302	95.3282	511.017	0	180	-46.1554
509.378	95.2959	511.06	0	180	-46.2025
509.453	95.2637	511.104	0	180	-46.2495
509.529	95.2314	511.147	0	180	-46.2965
509.604	95.1992	511.19	0	180	-46.3435
509.68	95.1669	511.233	0	180	-46.3906
509.755	95.1347	511.276	0	180	-46.4376
509.831	95.1025	511.319	0	180	-46.4846
509.906	95.0702	511.363	0	180	-46.5316
509.982	95.038	511.406	0	180	-46.5787
510.057	95.0057	511.449	0	180	-46.6257
510.132	94.9735	511.492	0	180	-46.6727
510.208	94.9412	511.535	0	180	-46.7197
510.283	94.909	511.578	0	180	-46.7668
510.359	94.8767	511.622	0	180	-46.8138
510.434	94.8445	511.665	0	180	-46.8608
510.51	94.8122	511.708	0	180	-46.9079
510.585	94.78	511.751	0	180	-46.9549
510.661	94.7477	511.794	0	180	-47.0019
510.736	94.7155	511.837	0	180	-47.0489
510.812	94.6832	511.881	0	180	-47.096
510.887	94.651	511.924	0	180	-47.143
510.963	94.6188	511.967	0	180	-47.19
511.038	94.5865	512.01	0	180	-47.237
511.114	94.5543	512.053	0	180	-47.2841
511.189	94.522	512.096	0	180	-47.3311
511.264	94.4898	512.139	0	180	-47.3781
511.34	94.4575	512.183	0	180	-47.4251
511.415	94.4253	512.226	0	180	-47.4722
511.491	94.393	512.269	0	180	-47.5192
511.566	94.3608	512.312	0	180	-47.5662
511.642	94.3285	512.355	0	180	-47.6132
511.717	94.2963	512.398	0	180	-47.6603
511.793	94.264	512.442	0	180	-47.7073
511.868	94.2318	512.485	0	180	-47.7543
511.944	94.1995	512.528	0	180	-47.8013
512.019	94.1673	512.571	0	180	-47.8484
512.095	94.135	512.614	0	180	-47.8954
512.17	94.1028	512.657	0	180	-47.9424
512.246	94.0706	512.701	0	180	-47.9894
512.321	94.0383	512.744	0	180	-48.0365
512.396	94.0061	512.787	0	180	-48.0835
512.472	93.9738	512.83	0	180	-48.1305
512.547	93.9416	512.873	0	180	-48.1775
512.623	93.9093	512.916	0	180	-48.2246
512.698	93.8771	512.96	0	180	-48.2716
512.774	93.8448	513.003	0	180	-48.3186
512.849	93.8126	513.046	0	180	-48.3656
512.925	93.7803	513.089	0	180	-48.4127
513	93.7481	513.132	0	180	-48.4597
513.076	93.7158	513.175	0	180	-48.5067
513.151	93.6836	513.218	0	180	-48.5537
513.227	93.6513	513.262	0	180	-48.6008
513.302	93.6191	513.305	0	180	-48.6478
513.377	93.5869	513.348	0	180	-48.6948
513.453	93.5546	513.391	0	180	-48.7418
513.528	93.5224	513.434	0	180	-48.7889
513.604	93.4901	513.477	0	180	-48.8359
513.679	93.4579	513.521	0	180	-48.8829
513.755	93.4256	513.564	0	180	-48.9299
513.83	93.3934	513.607	0	180	-48.977
513.906	93.3611	513.65	0	180	-49.024
513.981	93.3289	513.693	0	180	-49.071
514.057	93.2966	513.736	0	180	-49.118
514.132	93.2644	513.78	0	180	-49.1651
514.208	93.2321	513.823	0	180	-49.2121
514.283	93.1999	513.866	0	180	-49.2591
514.359	93.1676	513.909	0	180	-49.3061
514.434	93.1354	513.952	0	180	-49.3532
514.509	93.1031	513.995	0	180	-49.4002
514.585	93.0709	514.039	0	180	-49.4472
514.66	93.0387	514.082	0	180	-49.4942
514.736	93.0064	514.125	0	180	-49.5413
514.811	92.9742	514.168	0	180	-49.5883
514.887	92.9419	514.211	0	180	-49.6353
514.962	92.9097	514.254	0	180	-49.6823
515.038	92.8774	514.297	0	180	-49.7294
515.113	92.8452	514.341	0	180	-49.7764
515.189	92.8129	514.384	0	180	-49.8234
515.264	92.7807	514.427	0	180	-49.8704
515.34	92.7484	514.47	0	180	-49.9175
515.415	92.7162	514.513	0	180	-49.9645
515.491	92.6839	514.556	0	180	-50.0115
515.566	92.6517	514.6	0	180	-50.0585
515.641	92.6194	514.643	0	180	-50.1056
515.717	92.5872	514.686	0	180	-50.1526
515.792	92.555	514.729	0	180	-50.1996
515.868	92.5227	514.772	0	180	-50.2466
515.943	92.4905	514.815	0	180	-50.2937
516.019	92.4582	514.859	0	180	-50.3407
516.094	92.426	514.902	0	180	-50.3877
516.17	92.3937	514.945	0	180	-50.4347
516.245	92.3615	514.988	0	180	-50.4818
516.321	92.3292	515.031	0	180	-50.5288
516.396	92.297	515.074	0	180	-50.5758
516.472	92.2647	515.118	0	180	-50.6228
516.547	92.2325	515.161	0	180	-50.6699
516.622	92.2002	515.204	0	180	-50.7169
516.698	92.168	515.247	0	180	-50.7639
516.773	92.1357	515.29	0	180	-50.8109
516.849	92.1035	515.333	0	180	-50.858
516.924	92.0712	515.376	0	180	-50.905
517	92.039	515.42	0	180	-50.952
517.075	92.0068	515.463	0	180	-50.9991
517.151	91.9745	515.506	0	180	-51.0461
517.226	91.9423	515.549	0	180	-51.0931
517.302	91.91	515.592	0	180	-51.1401
517.377	91.8778	515.635	0	180	-51.1872
517.453	91.8455	515.679	0	180	-51.2342
517.528	91.8133	515.722	0	180	-51.2812
517.604	91.781	515.765	0	180	-51.3282
517.679	91.7488	515.808	0	180	-51.3753
517.754	91.7165	515.851	0	180	-51.4223
517.83	91.6843	515.894	0	180	-51.4693
517.905	91.652	515.938	0	180	-51.5163
517.981	91.6198	515.981	0	180	-51.5634
518.056	91.5875	516.024	0	180	-51.6104
518.132	91.5553	516.067	0	180	-51.6574
518.207	91.5231	516.11	0	180	-51.7044
518.283	91.4908	516.153	0	180	-51.7515
518.358	91.4586	516.197	0	180	-51.7985
518.434	91.4263	516.24	0	180	-51.8455
518.509	91.3941	516.283	0	180	-51.8925
518.585	91.3618	516.326	0	180	-51.9396
518.66	91.3296	516.369	0	180	-51.9866
518.736	91.2973	516.412	0	180	-52.0336
518.811	91.2651	516.455	0	180	-52.0806
518.886	91.2328	516.499	0	180	-52.1277
518.962	91.2006	516.542	0	180	-52.1747
519.037	91.1683	516.585	0	180	-52.2217
519.113	91.1361	516.628	0	180	-52.2687
519.188	91.1038	516.671	0	180	-52.3158
519.264	91.0716	516.714	0	180	-52.3628
519.339	91.0393	516.758	0	180	-52.4098
519.415	91.0071	516.801	0	180	-52.4568
519.49	90.9749	516.844	0	180	-52.5039
519.566	90.9426	516.887	0	180	-52.5509
519.641	90.9104	516.93	0	180	-52.5979
519.717	90.8781	516.973	0	180	-52.6449
519.792	90.8459	517.017	0	180	-52.692
519.867	90.8136	517.06	0	180	-52.739
519.943	90.7814	517.103	0	180	-52.786
520.018	90.7491	517.146	0	180	-52.833
520.094	90.7169	517.189	0	180	-52.8801
520.169	90.6846	517.232	0	180	-52.9271
520.245	90.6524	517.275	0	180	-52.9741
520.32	90.6201	517.319	0	180	-53.0211
520.396	90.5879	517.362	0	180	-53.0682
520.471	90.5556	517.405	0	180	-53.1152
520.547	90.5234	517.448	0	180	-53.1622
520.622	90.4912	517.491	0	180	-53.2092
520.698	90.4589	517.534	0	180	-53.2563
520.773	90.4267	517.578	0	180	-53.3033
520.849	90.3944	517.621	0	180	-53.3503
520.924	90.3622	517.664	0	180	-53.3973
520.999	90.3299	517.707	0	180	-53.4444
521.075	90.2977	517.75	0	180	-53.4914
521.15	90.2654	517.793	0	180	-53.5384
521.226	90.2332	517.837	0	180	-53.5854
521.301	90.2009	517.88	0	180	-53.6325
521.377	90.1687	517.923	0	180	-53.6795
521.452	90.1364	517.966	0	180	-53.7265
521.528	90.1042	518.009	0	180	-53.7735
521.603	90.0719	518.052	0	180	-53.8206
521.679	90.0397	518.096	0	180	-53.8676
521.754	90.0074	518.139	0	180	-53.9146
521.83	89.9752	518.182	0	180	-53.9616
521.905	89.943	518.225	0	180	-54.0087
521.981	89.9107	518.268	0	180	-54.0557
522.056	89.8785	518.311	0	180	-54.1027
522.131	89.8462	518.354	0	180	-54.1497
522.207	89.814	518.398	0	180	-54.1968
522.282	89.7817	518.441	0	180	-54.2438
522.358	89.7495	518.484	0	180	-54.2908
522.433	89.7172	518.527	0	180	-54.3378
522.509	89.685	518.57	0	180	-54.3849
522.584	89.6527	518.613	0	180	-54.4319
522.66	89.6205	518.657	0	180	-54.4789
522.735	89.5882	518.7	0	180	-54.5259
522.811	89.556	518.743	0	180	-54.573
522.886	89.5237	518.786	0	180	-54.62
522.962	89.4915	518.829	0	180	-54.667
523.037	89.4593	518.872	0	180	-54.714
523.112	89.427	518.916	0	180	-54.7611
523.188	89.3948	518.959	0	180	-54.8081
523.263	89.3625	519.002	0	180	-54.8551
523.339	89.3303	519.045	0	180	-54.9021
523.414	89.298	519.088	0	180	-54.9492
523.49	89.2658	519.131	0	180	-54.9962
523.565	89.2335	519.175	0	180	-55.0432
523.641	89.2013	519.218	0	180	-55.0903
523.716	89.169	519.261	0	180	-55.1373
523.792	89.1368	519.304	0	180	-55.1843
523.867	89.1045	519.347	0	180	-55.2313
523.943	89.0723	519.39	0	180	-55.2784
524.018	89.04	519.433	0	180	-55.3254
524.094	89.0078	519.477	0	180	-55.3724
524.169	88.9755	519.52	0	180	-55.4194
524.244	88.9433	519.563	0	180	-55.4665
524.32	88.9111	519.606	0	180	-55.5135
524.395	88.8788	519.649	0	180	-55.5605
524.471	88.8466	519.692	0	180	-55.6075
524.546	88.8143	519.736	0	180	-55.6546
524.622	88.7821	519.779	0	180	-55.7016
524.697	88.7498	519.822	0	180	-55.7486
524.773	88.7176	519.865	0	180	-55.7956
524.848	88.6853	519.908	0	180	-55.8427
524.924	88.6531	519.951	0	180	-55.8897
524.999	88.6208	519.995	0	180	-55.9367
525.075	88.5886	520.038	0	180	-55.9837
525.15	88.5563	520.081	0	180	-56.0308
525.225	88.5241	520.124	0	180	-56.0778
525.301	88.4918	520.167	0	180	-56.1248
525.376	88.4596	520.21	0	180	-56.1718
525.452	88.4274	520.254	0	180	-56.2189
525.527	88.3951	520.297	0	180	-56.2659
525.603	88.3629	520.34	0	180	-56.3129
525.678	88.3306	520.383	0	180	-56.3599
525.754	88.2984	520.426	0	180	-56.407
525.829	88.2661	520.469	0	180	-56.454
525.905	88.2339	520.512	0	180	-56.501
525.98	88.2016	520.556	0	180	-56.548
526.056	88.1694	520.599	0	180	-56.5951
526.131	88.1371	520.642	0	180	-56.6421
526.207	88.1049	520.685	0	180	-56.6891
526.282	88.0726	520.728	0	180	-56.7361
526.357	88.0404	520.771	0	180	-56.7832
526.433	88.0081	520.815	0	180	-56.8302
526.508	87.9759	520.858	0	180	-56.8772
526.584	87.9436	520.901	0	180	-56.9242
526.659	87.9114	520.944	0	180	-56.9713
526.735	87.8792	520.987	0	180	-57.0183
526.81	87.8469	521.03	0	180	-57.0653
526.886	87.8147	521.074	0	180	-57.1123
526.961	87.7824	521.117	0	180	-57.1594
527.037	87.7502	521.16	0	180	-57.2064
527.112	87.7179	521.203	0	180	-57.2534
527.188	87.6857	521.246	0	180	-57.3004
527.263	87.6534	521.289	0	180	-57.3475
527.339	87.6212	521.333	0	180	-57.3945
527.414	87.5889	521.376	0	180	-57.4415
527.489	87.5567	521.419	0	180	-57.4885
527.565	87.5244	521.462	0	180	-57.5356
527.64	87.4922	521.505	0	180	-57.5826
527.716	87.4599	521.548	0	180	-57.6296
527.791	87.4277	521.591	0	180	-57.6766
527.867	87.3955	521.635	0	180	-57.7237
527.942	87.3632	521.678	0	180	-57.7707
528.018	87.331	521.721	0	180	-57.8177
528.093	87.2987	521.764	0	180	-57.8647
528.169	87.2665	521.807	0	180	-57.9118
528.244	87.2342	521.85	0	180	-57.9588
528.32	87.202	521.894	0	180	-58.0058
528.395	87.1697	521.937	0	180	-58.0528
528.47	87.1375	521.98	0	180	-58.0999
528.546	87.1052	522.023	0	180	-58.1469
528.621	87.073	522.066	0	180	-58.1939
528.697	87.0407	522.109	0	180	-58.2409
528.772	87.0085	522.153	0	180	-58.288
528.848	86.9762	522.196	0	180	-58.335
528.923	86.944	522.239	0	180	-58.382
528.999	86.9118	522.282	0	180	-58.429
529.074	86.8795	522.325	0	180	-58.4761
529.15	86.8473	522.368	0	180	-58.5231
529.225	86.815	522.412	0	180	-58.5701
529.301	86.7828	522.455	0	180	-58.6171
529.376	86.7505	522.498	0	180	-58.6642
529.452	86.7183	522.541	0	180	-58.7112
529.527	86.686	522.584	0	180	-58.7582
529.602	86.6538	522.627	0	180	-58.8052
529.678	86.6215	522.67	0	180	-58.8523
529.753	86.5893	522.714	0	180	-58.8993
529.829	86.557	522.757	0	180	-58.9463
529.904	86.5248	522.8	0	180	-58.9933
529.98	86.4925	522.843	0	180	-59.0404
530.055	86.4603	522.886	0	180	-59.0874
530.131	86.428	522.929	0	180	-59.1344
530.206	86.3958	522.973	0	180	-59.1815
530.282	86.3636	523.016	0	180	-59.2285
530.357	86.3313	523.059	0	180	-59.2755
530.433	86.2991	523.102	0	180	-59.3225
530.508	86.2668	523.145	0	180	-59.3696
530.584	86.2346	523.188	0	180	-59.4166
530.659	86.2023	523.232	0	180	-59.4636
530.734	86.1701	523.275	0	180	-59.5106
530.81	86.1378	523.318	0	180	-59.5577
530.885	86.1056	523.361	0	180	-59.6047
530.961	86.0733	523.404	0	180	-59.6517
531.036	86.0411	523.447	0	180	-59.6987
531.112	86.0088	523.49	0	180	-59.7458
531.187	85.9766	523.534	0	180	-59.7928
531.263	85.9443	523.577	0	180	-59.8398
531.338	85.9121	523.62	0	180	-59.8868
531.414	85.8799	523.663	0	180	-59.9339
531.489	85.8476	523.706	0	180	-59.9809
531.565	85.8154	523.749	0	180	-60.0279
531.64	85.7831	523.793	0	180	-60.0749
531.715	85.7509	523.836	0	180	-60.122
531.791	85.7186	523.879	0	180	-60.169
531.866	85.6864	523.922	0	180	-60.216
531.942	85.6541	523.965	0	180	-60.263
532.017	85.6219	524.008	0	180	-60.3101
532.093	85.5896	524.052	0	180	-60.3571
532.168	85.5574	524.095	0	180	-60.4041
532.244	85.5251	524.138	0	180	-60.4511
532.319	85.4929	524.181	0	180	-60.4982
532.395	85.4606	524.224	0	180	-60.5452
532.47	85.4284	524.267	0	180	-60.5922
532.546	85.3961	524.311	0	180	-60.6392
532.621	85.3639	524.354	0	180	-60.6863
532.697	85.3317	524.397	0	180	-60.7333
532.772	85.2994	524.44	0	180	-60.7803
532.847	85.2672	524.483	0	180	-60.8273
532.923	85.2349	524.526	0	180	-60.8744
532.998	85.2027	524.569	0	180	-60.9214
533.074	85.1704	524.613	0	180	-60.9684
533.149	85.1382	524.656	0	180	-61.0154
533.225	85.1059	524.699	0	180	-61.0625
533.3	85.0737	524.742	0	180	-61.1095
533.376	85.0414	524.785	0	180	-61.1565
533.451	85.0092	524.828	0	180	-61.2035
533.527	84.9769	524.872	0	180	-61.2506
533.602	84.9447	524.915	0	180	-61.2976
533.678	84.9124	524.958	0	180	-61.3446
533.753	84.8802	525.001	0	180	-61.3916
533.829	84.848	525.044	0	180	-61.4387
533.904	84.8157	525.087	0	180	-61.4857
533.979	84.7835	525.131	0	180	-61.5327
534.055	84.7512	525.174	0	180	-61.5797
534.13	84.719	525.217	0	180	-61.6268
534.206	84.6867	525.26	0	180	-61.6738
534.281	84.6545	525.303	0	180	-61.7208
534.357	84.6222	525.346	0	180	-61.7678
534.432	84.59	525.39	0	180	-61.8149
534.508	84.5577	525.433	0	180	-61.8619
534.583	84.5255	525.476	0	180	-61.9089
534.659	84.4932	525.519	0	180	-61.9559
534.734	84.461	525.562	0	180	-62.003
534.81	84.4287	525.605	0	180	-62.05
534.885	84.3965	525.648	0	180	-62.097
534.96	84.3642	525.692	0	180	-62.144
535.036	84.332	525.735	0	180	-62.1911
535.111	84.2998	525.778	0	180	-62.2381
535.187	84.2675	525.821	0	180	-62.2851
535.262	84.2353	525.864	0	180	-62.3321
535.338	84.203	525.907	0	180	-62.3792
535.413	84.1708	525.951	0	180	-62.4262
535.489	84.1385	525.994	0	180	-62.4732
535.564	84.1063	526.037	0	180	-62.5202
535.64	84.074	526.08	0	180	-62.5673
535.715	84.0418	526.123	0	180	-62.6143
535.791	84.0095	526.166	0	180	-62.6613
535.866	83.9773	526.21	0	180	-62.7083
535.942	83.945	526.253	0	180	-62.7554
536.017	83.9128	526.296	0	180	-62.8024
536.092	83.8805	526.339	0	180	-62.8494
536.168	83.8483	526.382	0	180	-62.8964
536.243	83.8161	526.425	0	180	-62.9435
536.319	83.7838	526.469	0	180	-62.9905
536.394	83.7516	526.512	0	180	-63.0375
536.47	83.7193	526.555	0	180	-63.0845
536.545	83.6871	526.598	0	180	-63.1316
536.621	83.6548	526.641	0	180	-63.1786
536.696	83.6226	526.684	0	180	-63.2256
536.772	83.5903	526.727	0	180	-63.2727
536.847	83.5581	526.771	0	180	-63.3197
536.923	83.5258	526.814	0	180	-63.3667
536.998	83.4936	526.857	0	180	-63.4137
537.073	83.4613	526.9	0	180	-63.4608
537.149	83.4291	526.943	0	180	-63.5078
537.224	83.3968	526.986	0	180	-63.5548
537.3	83.3646	527.03	0	180	-63.6018
537.375	83.3323	527.073	0	180	-63.6489
537.451	83.3001	527.116	0	180	-63.6959
537.526	83.2679	527.159	0	180	-63.7429
537.602	83.2356	527.202	0	180	-63.7899
537.677	83.2034	527.245	0	180	-63.837
537.753	83.1711	527.289	0	180	-63.884
537.828	83.1389	527.332	0	180	-63.931
537.904	83.1066	527.375	0	180	-63.978
537.979	83.0744	527.418	0	180	-64.0251
538.055	83.0421	527.461	0	180	-64.0721
538.13	83.0099	527.504	0	180	-64.1191
538.205	82.9776	527.548	0	180	-64.1661
538.281	82.9454	527.591	0	180	-64.2132
538.356	82.9131	527.634	0	180	-64.2602
538.432	82.8809	527.677	0	180	-64.3072
538.507	82.8486	527.72	0	180	-64.3542
538.583	82.8164	527.763	0	180	-64.4013
538.658	82.7842	527.806	0	180	-64.4483
538.734	82.7519	527.85	0	180	-64.4953
538.809	82.7197	527.893	0	180	-64.5423
538.885	82.6874	527.936	0	180	-64.5894
538.96	82.6552	527.979	0	180	-64.6364
539.036	82.6229	528.022	0	180	-64.6834
539.111	82.5907	528.065	0	180	-64.7304
539.187	82.5584	528.109	0	180	-64.7775
539.262	82.5262	528.152	0	180	-64.8245
539.337	82.4939	528.195	0	180	-64.8715
539.413	82.4617	528.238	0	180	-64.9185
539.488	82.4294	528.281	0	180	-64.9656
539.564	82.3972	528.324	0	180	-65.0126
539.639	82.3649	528.368	0	180	-65.0596
539.715	82.3327	528.411	0	180	-65.1066
539.79	82.3004	528.454	0	180	-65.1537
539.866	82.2682	528.497	0	180	-65.2007
539.941	82.236	528.54	0	180	-65.2477
540.017	82.2037	528.583	0	180	-65.2947
540.092	82.1715	528.627	0	180	-65.3418
540.168	82.1392	528.67	0	180	-65.3888
540.243	82.107	528.713	0	180	-65.4358
540.318	82.0747	528.756	0	180	-65.4828
540.394	82.0425	528.799	0	180	-65.5299
540.469	82.0102	528.842	0	180	-65.5769
540.545	81.978	528.885	0	180	-65.6239
540.62	81.9457	528.929	0	180	-65.6709
540.696	81.9135	528.972	0	180	-65.718
540.771	81.8812	529.015	0	180	-65.765
540.847	81.849	529.058	0	180	-65.812
540.922	81.8167	529.101	0	180	-65.859
540.998	81.7845	529.144	0	180	-65.9061
541.073	81.7523	529.188	0	180	-65.9531
541.149	81.72	529.231	0	180	-66.0001
541.224	81.6878	529.274	0	180	-66.0471
541.3	81.6555	529.317	0	180	-66.0942
541.375	81.6233	529.36	0	180	-66.1412
541.45	81.591	529.403	0	180	-66.1882
541.526	81.5588	529.447	0	180	-66.2352
541.601	81.5265	529.49	0	180	-66.2823
541.677	81.4943	529.533	0	180	-66.3293
541.752	81.462	529.576	0	180	-66.3763
541.828	81.4298	529.619	0	180	-66.4233
541.903	81.3975	529.662	0	180	-66.4704
541.979	81.3653	529.705	0	180	-66.5174
542.054	81.333	529.749	0	180	-66.5644
542.13	81.3008	529.792	0	180	-66.6114
542.205	81.2685	529.835	0	180	-66.6585
542.281	81.2363	529.878	0	180	-66.7055
542.356	81.2041	529.921	0	180	-66.7525
542.432	81.1718	529.964	0	180	-66.7995
542.507	81.1396	530.008	0	180	-66.8466
542.582	81.1073	530.051	0	180	-66.8936
542.658	81.0751	530.094	0	180	-66.9406
542.733	81.0428	530.137	0	180	-66.9876
542.809	81.0106	530.18	0	180	-67.0347
542.884	80.9783	530.223	0	180	-67.0817
542.96	80.9461	530.267	0	180	-67.1287
543.035	80.9138	530.31	0	180	-67.1757
543.111	80.8816	530.353	0	180	-67.2228
543.186	80.8493	530.396	0	180	-67.2698
543.262	80.8171	530.439	0	180	-67.3168
543.337	80.7848	530.482	0	180	-67.3639
543.413	80.7526	530.526	0	180	-67.4109
543.488	80.7204	530.569	0	180	-67.4579
543.563	80.6881	530.612	0	180	-67.5049
543.639	80.6559	530.655	0	180	-67.552
543.714	80.6236	530.698	0	180	-67.599
543.79	80.5914	530.741	0	180	-67.646
543.865	80.5591	530.784	0	180	-67.693
543.941	80.5269	530.828	0	180	-67.7401
544.016	80.4946	530.871	0	180	-67.7871
544.092	80.4624	530.914	0	180	-67.8341
544.167	80.4301	530.957	0	180	-67.8811
544.243	80.3979	531	0	180	-67.9282
544.318	80.3656	531.043	0	180	-67.9752
544.394	80.3334	531.087	0	180	-68.0222
544.469	80.3011	531.13	0	180	-68.0692
544.545	80.2689	531.173	0	180	-68.1163
544.62	80.2366	531.216	0	180	-68.1633
544.695	80.2044	531.259	0	180	-68.2103
544.771	80.1722	531.302	0	180	-68.2573
544.846	80.1399	531.346	0	180	-68.3044
544.922	80.1077	531.389	0	180	-68.3514
544.997	80.0754	531.432	0	180	-68.3984
545.073	80.0432	531.475	0	180	-68.4454
545.148	80.0109	531.518	0	180	-68.4925
545.224	79.9787	531.561	0	180	-68.5395
545.299	79.9464	531.605	0	180	-68.5865
545.375	79.9142	531.648	0	180	-68.6335
545.45	79.8819	531.691	0	180	-68.6806
545.526	79.8497	531.734	0	180	-68.7276
545.601	79.8174	531.777	0	180	-68.7746
545.677	79.7852	531.82	0	180	-68.8216
545.752	79.7529	531.863	0	180	-68.8687
545.827	79.7207	531.907	0	180	-68.9157
545.903	79.6885	531.95	0	180	-68.9627
545.978	79.6562	531.993	0	180	-69.0097
546.054	79.624	532.036	0	180	-69.0568
546.129	79.5917	532.079	0	180	-69.1038
546.205	79.5595	532.122	0	180	-69.1508
546.28	79.5272	532.166	0	180	-69.1978
546.356	79.495	532.209	0	180	-69.2449
546.431	79.4627	532.252	0	180	-69.2919
546.507	79.4305	532.295	0	180	-69.3389
546.582	79.3982	532.338	0	180	-69.3859
546.658	79.366	532.381	0	180	-69.433
546.733	79.3337	532.425	0	180	-69.48
546.808	79.3015	532.468	0	180	-69.527
546.884	79.2692	532.511	0	180	-69.574
546.959	79.237	532.554	0	180	-69.6211
547.035	79.2047	532.597	0	180	-69.6681
547.11	79.1725	532.64	0	180	-69.7151
547.186	79.1403	532.684	0	180	-69.7621
547.261	79.108	532.727	0	180	-69.8092
547.337	79.0758	532.77	0	180	-69.8562
547.412	79.0435	532.813	0	180	-69.9032
547.488	79.0113	532.856	0	180	-69.9502
547.563	78.979	532.899	0	180	-69.9973
547.639	78.9468	532.942	0	180	-70.0443
547.714	78.9145	532.986	0	180	-70.0913
547.79	78.8823	533.029	0	180	-70.1383
547.865	78.85	533.072	0	180	-70.1854
547.94	78.8178	533.115	0	180	-70.2324
548.016	78.7855	533.158	0	180	-70.2794
548.091	78.7533	533.201	0	180	-70.3264
548.167	78.721	533.245	0	180	-70.3735
548.242	78.6888	533.288	0	180	-70.4205
548.318	78.6566	533.331	0	180	-70.4675
548.393	78.6243	533.374	0	180	-70.5145
548.469	78.5921	533.417	0	180	-70.5616
548.544	78.5598	533.46	0	180	-70.6086
548.62	78.5276	533.504	0	180	-70.6556
548.695	78.4953	533.547	0	180	-70.7026
548.771	78.4631	533.59	0	180	-70.7497
548.846	78.4308	533.633	0	180	-70.7967
548.922	78.3986	533.676	0	180	-70.8437
548.997	78.3663	533.719	0	180	-70.8907
549.072	78.3341	533.763	0	180	-70.9378
549.148	78.3018	533.806	0	180	-70.9848
549.223	78.2696	533.849	0	180	-71.0318
549.299	78.2373	533.892	0	180	-71.0788
549.374	78.2051	533.935	0	180	-71.1259
549.45	78.1728	533.978	0	180	-71.1729
549.525	78.1406	534.021	0	180	-71.2199
549.601	78.1084	534.065	0	180	-71.2669
549.676	78.0761	534.108	0	180	-71.314
549.752	78.0439	534.151	0	180	-71.361
549.827	78.0116	534.194	0	180	-71.408
549.903	77.9794	534.237	0	180	-71.455
549.978	77.9471	534.28	0	180	-71.5021
550.053	77.9149	534.324	0	180	-71.5491
550.129	77.8826	534.367	0	180	-71.5961
550.204	77.8504	534.41	0	180	-71.6432
550.28	77.8181	534.453	0	180	-71.6902
550.355	77.7859	534.496	0	180	-71.7372
550.431	77.7536	534.539	0	180	-71.7842
550.506	77.7214	534.583	0	180	-71.8313
550.582	77.6891	534.626	0	180	-71.8783
550.657	77.6569	534.669	0	180	-71.9253
550.733	77.6247	534.712	0	180	-71.9723
550.808	77.5924	534.755	0	180	-72.0194
550.884	77.5602	534.798	0	180	-72.0664
550.959	77.5279	534.842	0	180	-72.1134
551.035	77.4957	534.885	0	180	-72.1604
551.11	77.4634	534.928	0	180	-72.2075
551.185	77.4312	534.971	0	180	-72.2545
551.261	77.3989	535.014	0	180	-72.3015
551.336	77.3667	535.057	0	180	-72.3485
551.412	77.3344	535.1	0	180	-72.3956
551.487	77.3022	535.144	0	180	-72.4426
551.563	77.2699	535.187	0	180	-72.4896
551.638	77.2377	535.23	0	180	-72.5366
551.714	77.2054	535.273	0	180	-72.5837
551.789	77.1732	535.316	0	180	-72.6307
551.865	77.1409	535.359	0	180	-72.6777
551.94	77.1087	535.403	0	180	-72.7247
552.016	77.0765	535.446	0	180	-72.7718
552.091	77.0442	535.489	0	180	-72.8188
552.166	77.012	535.532	0	180	-72.8658
552.242	76.9797	535.575	0	180	-72.9128
552.317	76.9475	535.618	0	180	-72.9599
552.393	76.9152	535.662	0	180	-73.0069
552.468	76.883	535.705	0	180	-73.0539
552.544	76.8507	535.748	0	180	-73.1009
552.619	76.8185	535.791	0	180	-73.148
552.695	76.7862	535.834	0	180	-73.195
552.77	76.754	535.877	0	180	-73.242
552.846	76.7217	535.92	0	180	-73.289
552.921	76.6895	535.964	0	180	-73.3361
552.997	76.6572	536.007	0	180	-73.3831
553.072	76.625	536.05	0	180	-73.4301
553.148	76.5928	536.093	0	180	-73.4771
553.223	76.5605	536.136	0	180	-73.5242
553.298	76.5283	536.179	0	180	-73.5712
553.374	76.496	536.223	0	180	-73.6182
553.449	76.4638	536.266	0	180	-73.6652
553.525	76.4315	536.309	0	180	-73.7123
553.6	76.3993	536.352	0	180	-73.7593
553.676	76.367	536.395	0	180	-73.8063
553.751	76.3348	536.438	0	180	-73.8533
553.827	76.3025	536.482	0	180	-73.9004
553.902	76.2703	536.525	0	180	-73.9474
553.978	76.238	536.568	0	180	-73.9944
554.053	76.2058	536.611	0	180	-74.0414
554.129	76.1735	536.654	0	180	-74.0885
554.204	76.1413	536.697	0	180	-74.1355
554.28	76.109	536.741	0	180	-74.1825
554.355	76.0768	536.784	0	180	-74.2295
554.43	76.0446	536.827	0	180	-74.2766
554.506	76.0123	536.87	0	180	-74.3236
554.581	75.9801	536.913	0	180	-74.3706
554.657	75.9478	536.956	0	180	-74.4176
554.732	75.9156	536.999	0	180	-74.4647
554.808	75.8833	537.043	0	180	-74.5117
554.883	75.8511	537.086	0	180	-74.5587
554.959	75.8188	537.129	0	180	-74.6057
555.034	75.7866	537.172	0	180	-74.6528
555.11	75.7543	537.215	0	180	-74.6998
555.185	75.7221	537.258	0	180	-74.7468
555.261	75.6898	537.302	0	180	-74.7938
555.336	75.6576	537.345	0	180	-74.8409
555.411	75.6253	537.388	0	180	-74.8879
555.487	75.5931	537.431	0	180	-74.9349
555.562	75.5609	537.474	0	180	-74.9819
555.638	75.5286	537.517	0	180	-75.029
555.713	75.4964	537.561	0	180	-75.076
555.789	75.4641	537.604	0	180	-75.123
555.864	75.4319	537.647	0	180	-75.17
555.94	75.3996	537.69	0	180	-75.2171
556.015	75.3674	537.733	0	180	-75.2641
556.091	75.3351	537.776	0	180	-75.3111
556.166	75.3029	537.82	0	180	-75.3581
556.242	75.2706	537.863	0	180	-75.4052
556.317	75.2384	537.906	0	180	-75.4522
556.393	75.2061	537.949	0	180	-75.4992
556.468	75.1739	537.992	0	180	-75.5462
556.543	75.1416	538.035	0	180	-75.5933
556.619	75.1094	538.078	0	180	-75.6403
556.694	75.0771	538.122	0	180	-75.6873
556.77	75.0449	538.165	0	180	-75.7344
556.845	75.0127	538.208	0	180	-75.7814
556.921	74.9804	538.251	0	180	-75.8284
556.996	74.9482	538.294	0	180	-75.8754
557.072	74.9159	538.337	0	180	-75.9225
557.147	74.8837	538.381	0	180	-75.9695
557.223	74.8514	538.424	0	180	-76.0165
557.298	74.8192	538.467	0	180	-76.0635
557.374	74.7869	538.51	0	180	-76.1106
557.449	74.7547	538.553	0	180	-76.1576
557.525	74.7224	538.596	0	180	-76.2046
557.6	74.6902	538.64	0	180	-76.2516
557.675	74.6579	538.683	0	180	-76.2987
557.751	74.6257	538.726	0	180	-76.3457
557.826	74.5934	538.769	0	180	-76.3927
557.902	74.5612	538.812	0	180	-76.4397
557.977	74.529	538.855	0	180	-76.4868
558.053	74.4967	538.899	0	180	-76.5338
558.128	74.4645	538.942	0	180	-76.5808
558.204	74.4322	538.985	0	180	-76.6278
558.279	74.4	539.028	0	180	-76.6749
558.355	74.3677	539.071	0	180	-76.7219
558.43	74.3355	539.114	0	180	-76.7689
558.506	74.3032	539.157	0	180	-76.8159
558.581	74.271	539.201	0	180	-76.863
558.656	74.2387	539.244	0	180	-76.91
558.732	74.2065	539.287	0	180	-76.957
558.807	74.1742	539.33	0	180	-77.004
558.883	74.142	539.373	0	180	-77.0511
558.958	74.1097	539.416	0	180	-77.0981
559.034	74.0775	539.46	0	180	-77.1451
559.109	74.0452	539.503	0	180	-77.1921
559.185	74.013	539.546	0	180	-77.2392
559.26	73.9808	539.589	0	180	-77.2862
559.336	73.9485	539.632	0	180	-77.3332
559.411	73.9163	539.675	0	180	-77.3802
559.487	73.884	539.719	0	180	-77.4273
559.562	73.8518	539.762	0	180	-77.4743
559.638	73.8195	539.805	0	180	-77.5213
559.713	73.7873	539.848	0	180	-77.5683
559.788	73.755	539.891	0	180	-77.6154
559.864	73.7228	539.934	0	180	-77.6624
559.939	73.6905	539.978	0	180	-77.7094
560.015	73.6583	540.021	0	180	-77.7564
560.09	73.626	540.064	0	180	-77.8035
560.166	73.5938	540.107	0	180	-77.8505
560.241	73.5615	540.15	0	180	-77.8975
560.317	73.5293	540.193	0	180	-77.9445
560.392	73.4971	540.236	0	180	-77.9916
560.468	73.4648	540.28	0	180	-78.0386
560.543	73.4326	540.323	0	180	-78.0856
560.619	73.4003	540.366	0	180	-78.1326
560.694	73.3681	540.409	0	180	-78.1797
560.77	73.3358	540.452	0	180	-78.2267
560.845	73.3036	540.495	0	180	-78.2737
560.92	73.2713	540.539	0	180	-78.3207
560.996	73.2391	540.582	0	180	-78.3678
561.071	73.2068	540.625	0	180	-78.4148
561.147	73.1746	540.668	0	180	-78.4618
561.222	73.1423	540.711	0	180	-78.5088
561.298	73.1101	540.754	0	180	-78.5559
561.373	73.0778	540.798	0	180	-78.6029
561.449	73.0456	540.841	0	180	-78.6499
561.524	73.0133	540.884	0	180	-78.6969
561.6	72.9811	540.927	0	180	-78.744
561.675	72.9489	540.97	0	180	-78.791
561.751	72.9166	541.013	0	180	-78.838
561.826	72.8844	541.057	0	180	-78.885
561.901	72.8521	541.1	0	180	-78.9321
561.977	72.8199	541.143	0	180	-78.9791
562.052	72.7876	541.186	0	180	-79.0261
562.128	72.7554	541.229	0	180	-79.0731
562.203	72.7231	541.272	0	180	-79.1202
562.279	72.6909	541.315	0	180	-79.1672
562.354	72.6586	541.359	0	180	-79.2142
562.43	72.6264	541.402	0	180	-79.2612
562.505	72.5941	541.445	0	180	-79.3083
562.581	72.5619	541.488	0	180	-79.3553
562.656	72.5296	541.531	0	180	-79.4023
562.732	72.4974	541.574	0	180	-79.4493
562.807	72.4652	541.618	0	180	-79.4964
562.883	72.4329	541.661	0	180	-79.5434
562.958	72.4007	541.704	0	180	-79.5904
563.033	72.3684	541.747	0	180	-79.6374
563.109	72.3362	541.79	0	180	-79.6845
563.184	72.3039	541.833	0	180	-79.7315
563.26	72.2717	541.877	0	180	-79.7785
563.335	72.2394	541.92	0	180	-79.8256
563.411	72.2072	541.963	0	180	-79.8726
563.486	72.1749	542.006	0	180	-79.9196
563.562	72.1427	542.049	0	180	-79.9666
563.637	72.1104	542.092	0	180	-80.0137
563.713	72.0782	542.135	0	180	-80.0607
563.788	72.0459	542.179	0	180	-80.1077
563.864	72.0137	542.222	0	180	-80.1547
563.939	71.9814	542.265	0	180	-80.2018
564.015	71.9492	542.308	0	180	-80.2488
564.09	71.917	542.351	0	180	-80.2958
564.165	71.8847	542.394	0	180	-80.3428
564.241	71.8525	542.438	0	180	-80.3899
564.316	71.8202	542.481	0	180	-80.4369
564.392	71.788	542.524	0	180	-80.4839
564.467	71.7557	542.567	0	180	-80.5309
564.543	71.7235	542.61	0	180	-80.578
564.618	71.6912	542.653	0	180	-80.625
564.694	71.659	542.697	0	180	-80.672
564.769	71.6267	542.74	0	180	-80.719
564.845	71.5945	542.783	0	180	-80.7661
564.92	71.5622	542.826	0	180	-80.8131
564.996	71.53	542.869	0	180	-80.8601
565.071	71.4977	542.912	0	180	-80.9071
565.146	71.4655	542.956	0	180	-80.9542
565.222	71.4333	542.999	0	180	-81.0012
565.297	71.401	543.042	0	180	-81.0482
565.373	71.3688	543.085	0	180	-81.0952
565.448	71.3365	543.128	0	180	-81.1423
565.524	71.3043	543.171	0	180	-81.1893
565.599	71.272	543.214	0	180	-81.2363
565.675	71.2398	543.258	0	180	-81.2833
565.75	71.2075	543.301	0	180	-81.3304
565.826	71.1753	543.344	0	180	-81.3774
565.901	71.143	543.387	0	180	-81.4244
565.977	71.1108	543.43	0	180	-81.4714
566.052	71.0785	543.473	0	180	-81.5185
566.128	71.0463	543.517	0	180	-81.5655
566.203	71.014	543.56	0	180	-81.6125
566.278	70.9818	543.603	0	180	-81.6595
566.354	70.9495	543.646	0	180	-81.7066
566.429	70.9173	543.689	0	180	-81.7536
566.505	70.8851	543.732	0	180	-81.8006
566.58	70.8528	543.776	0	180	-81.8476
566.656	70.8206	543.819	0	180	-81.8947
566.731	70.7883	543.862	0	180	-81.9417
566.807	70.7561	543.905	0	180	-81.9887
566.882	70.7238	543.948	0	180	-82.0357
566.958	70.6916	543.991	0	180	-82.0828
567.033	70.6593	544.035	0	180	-82.1298
567.109	70.6271	544.078	0	180	-82.1768
567.184	70.5948	544.121	0	180	-82.2238
567.259	70.5626	544.164	0	180	-82.2709
567.335	70.5303	544.207	0	180	-82.3179
567.41	70.4981	544.25	0	180	-82.3649
567.486	70.4658	544.293	0	180	-82.4119
567.561	70.4336	544.337	0	180	-82.459
567.637	70.4014	544.38	0	180	-82.506
567.712	70.3691	544.423	0	180	-82.553
567.788	70.3369	544.466	0	180	-82.6
567.863	70.3046	544.509	0	180	-82.6471
567.939	70.2724	544.552	0	180	-82.6941
568.014	70.2401	544.596	0	180	-82.7411
568.09	70.2079	544.639	0	180	-82.7881
568.165	70.1756	544.682	0	180	-82.8352
568.241	70.1434	544.725	0	180	-82.8822
568.316	70.1111	544.768	0	180	-82.9292
568.391	70.0789	544.811	0	180	-82.9762
568.467	70.0466	544.855	0	180	-83.0233
568.542	70.0144	544.898	0	180	-83.0703
568.618	69.9821	544.941	0	180	-83.1173
568.693	69.9499	544.984	0	180	-83.1643
568.769	69.9176	545.027	0	180	-83.2114
568.844	69.8854	545.07	0	180	-83.2584
568.92	69.8532	545.114	0	180	-83.3054
568.995	69.8209	545.157	0	180	-83.3524
569.071	69.7887	545.2	0	180	-83.3995
569.146	69.7564	545.243	0	180	-83.4465
569.222	69.7242	545.286	0	180	-83.4935
569.297	69.6919	545.329	0	180	-83.5405
569.373	69.6597	545.372	0	180	-83.5876
569.448	69.6274	545.416	0	180	-83.6346
569.523	69.5952	545.459	0	180	-83.6816
569.599	69.5629	545.502	0	180	-83.7286
569.674	69.5307	545.545	0	180	-83.7757
569.75	69.4984	545.588	0	180	-83.8227
569.825	69.4662	545.631	0	180	-83.8697
569.901	69.4339	545.675	0	180	-83.9168
569.976	69.4017	545.718	0	180	-83.9638
570.052	69.3695	545.761	0	180	-84.0108
570.127	69.3372	545.804	0	180	-84.0578
570.203	69.305	545.847	0	180	-84.1049
570.278	69.2727	545.89	0	180	-84.1519
570.354	69.2405	545.934	0	180	-84.1989
570.429	69.2082	545.977	0	180	-84.2459
570.504	69.176	546.02	0	180	-84.293
570.58	69.1437	546.063	0	180	-84.34
570.655	69.1115	546.106	0	180	-84.387
570.731	69.0792	546.149	0	180	-84.434
570.806	69.047	546.193	0	180	-84.4811
570.882	69.0147	546.236	0	180	-84.5281
570.957	68.9825	546.279	0	180	-84.5751
571.033	68.9502	546.322	0	180	-84.6221
571.108	68.918	546.365	0	180	-84.6692
571.184	68.8857	546.408	0	180	-84.7162
571.259	68.8535	546.451	0	180	-84.7632
571.335	68.8213	546.495	0	180	-84.8102
571.41	68.789	546.538	0	180	-84.8573
571.486	68.7568	546.581	0	180	-84.9043
571.561	68.7245	546.624	0	180	-84.9513
571.636	68.6923	546.667	0	180	-84.9983
571.712	68.66	546.71	0	180	-85.0454
571.787	68.6278	546.754	0	180	-85.0924
571.863	68.5955	546.797	0	180	-85.1394
571.938	68.5633	546.84	0	180	-85.1864
572.014	68.531	546.883	0	180	-85.2335
572.089	68.4988	546.926	0	180	-85.2805
572.165	68.4665	546.969	0	180	-85.3275
572.24	68.4343	547.013	0	180	-85.3745
572.316	68.402	547.056	0	180	-85.4216
572.391	68.3698	547.099	0	180	-85.4686
572.467	68.3376	547.142	0	180	-85.5156
572.542	68.3053	547.185	0	180	-85.5626
572.618	68.2731	547.228	0	180	-85.6097
572.693	68.2408	547.272	0	180	-85.6567
572.768	68.2086	547.315	0	180	-85.7037
572.844	68.1763	547.358	0	180	-85.7507
572.919	68.1441	547.401	0	180	-85.7978
572.995	68.1118	547.444	0	180	-85.8448
573.07	68.0796	547.487	0	180	-85.8918
573.146	68.0473	547.53	0	180	-85.9388
573.221	68.0151	547.574	0	180	-85.9859
573.297	67.9828	547.617	0	180	-86.0329
573.372	67.9506	547.66	0	180	-86.0799
573.448	67.9183	547.703	0	180	-86.1269
573.523	67.8861	547.746	0	180	-86.174
573.599	67.8538	547.789	0	180	-86.221
573.674	67.8216	547.833	0	180	-86.268
573.749	67.7894	547.876	0	180	-86.315
573.825	67.7571	547.919	0	180	-86.3621
573.9	67.7249	547.962	0	180	-86.4091
573.976	67.6926	548.005	0	180	-86.4561
574.051	67.6604	548.048	0	180	-86.5031
574.127	67.6281	548.092	0	180	-86.5502
574.202	67.5959	548.135	0	180	-86.5972
574.278	67.5636	548.178	0	180	-86.6442
574.353	67.5314	548.221	0	180	-86.6912
574.429	67.4991	548.264	0	180	-86.7383
574.504	67.4669	548.307	0	180	-86.7853
574.58	67.4346	548.351	0	180	-86.8323
574.655	67.4024	548.394	0	180	-86.8793
574.731	67.3701	548.437	0	180	-86.9264
574.806	67.3379	548.48	0	180	-86.9734
574.881	67.3057	548.523	0	180	-87.0204
574.957	67.2734	548.566	0	180	-87.0674
575.032	67.2412	548.609	0	180	-87.1145
575.108	67.2089	548.653	0	180	-87.1615
575.183	67.1767	548.696	0	180	-87.2085
575.259	67.1444	548.739	0	180	-87.2555
575.334	67.1122	548.782	0	180	-87.3026
575.41	67.0799	548.825	0	180	-87.3496
575.485	67.0477	548.868	0	180	-87.3966
575.561	67.0154	548.912	0	180	-87.4436
575.636	66.9832	548.955	0	180	-87.4907
575.712	66.9509	548.998	0	180	-87.5377
575.787	66.9187	549.041	0	180	-87.5847
575.863	66.8864	549.084	0	180	-87.6317
575.938	66.8542	549.127	0	180	-87.6788
576.013	66.8219	549.171	0	180	-87.7258
576.089	66.7897	549.214	0	180	-87.7728
576.164	66.7575	549.257	0	180	-87.8198
576.24	66.7252	549.3	0	180	-87.8669
576.315	66.693	549.343	0	180	-87.9139
576.391	66.6607	549.386	0	180	-87.9609
576.466	66.6285	549.429	0	180	-88.008
576.542	66.5962	549.473	0	180	-88.055
576.617	66.564	549.516	0	180	-88.102
576.693	66.5317	549.559	0	180	-88.149
576.768	66.4995	549.602	0	180	-88.1961
576.844	66.4672	549.645	0	180	-88.2431
576.919	66.435	549.688	0	180	-88.2901
576.994	66.4027	549.732	0	180	-88.3371
577.07	66.3705	549.775	0	180	-88.3842
577.145	66.3382	549.818	0	180	-88.4312
577.221	66.306	549.861	0	180	-88.4782
577.296	66.2738	549.904	0	180	-88.5252
577.372	66.2415	549.947	0	180	-88.5723
577.447	66.2093	549.991	0	180	-88.6193
577.523	66.177	550.034	0	180	-88.6663
577.598	66.1448	550.077	0	180	-88.7133
577.674	66.1125	550.12	0	180	-88.7604
577.749	66.0803	550.163	0	180	-88.8074
577.825	66.048	550.206	0	180	-88.8544
577.9	66.0158	550.25	0	180	-88.9014
577.976	65.9835	550.293	0	180	-88.9485
578.051	65.9513	550.336	0	180	-88.9955
578.126	65.919	550.379	0	180	-89.0425
578.202	65.8868	550.422	0	180	-89.0895
578.277	65.8545	550.465	0	180	-89.1366
578.353	65.8223	550.508	0	180	-89.1836
578.428	65.79	550.552	0	180	-89.2306
578.504	65.7578	550.595	0	180	-89.2776
578.579	65.7256	550.638	0	180	-89.3247
578.655	65.6933	550.681	0	180	-89.3717
578.73	65.6611	550.724	0	180	-89.4187
578.806	65.6288	550.767	0	180	-89.4657
578.881	65.5966	550.811	0	180	-89.5128
578.957	65.5643	550.854	0	180	-89.5598
579.032	65.5321	550.897	0	180	-89.6068
579.108	65.4998	550.94	0	180	-89.6538
579.183	65.4676	550.983	0	180	-89.7009
579.258	65.4353	551.026	0	180	-89.7479
579.334	65.4031	551.07	0	180	-89.7949
579.409	65.3708	551.113	0	180	-89.8419
579.485	65.3386	551.156	0	180	-89.889
579.56	65.3063	551.199	0	180	-89.936
579.636	65.2741	551.242	0	180	-89.983
579.711	65.2419	551.285	0	180	-90.03
579.787	65.2096	551.329	0	180	-90.0771
579.862	65.1774	551.372	0	180	-90.1241
579.938	65.1451	551.415	0	180	-90.1711
580.013	65.1129	551.458	0	180	-90.2181
580.089	65.0806	551.501	0	180	-90.2652
580.164	65.0484	551.544	0	180	-90.3122
580.239	65.0161	551.587	0	180	-90.3592
580.315	64.9839	551.631	0	180	-90.4062
580.39	64.9516	551.674	0	180	-90.4533
580.466	64.9194	551.717	0	180	-90.5003
580.541	64.8871	551.76	0	180	-90.5473
580.617	64.8549	551.803	0	180	-90.5943
580.692	64.8226	551.846	0	180	-90.6414
580.768	64.7904	551.89	0	180	-90.6884
580.843	64.7581	551.933	0	180	-90.7354
580.919	64.7259	551.976	0	180	-90.7824
580.994	64.6937	552.019	0	180	-90.8295
581.07	64.6614	552.062	0	180	-90.8765
581.145	64.6292	552.105	0	180	-90.9235
581.221	64.5969	552.149	0	180	-90.9705
581.296	64.5647	552.192	0	180	-91.0176
581.371	64.5324	552.235	0	180	-91.0646
581.447	64.5002	552.278	0	180	-91.1116
581.522	64.4679	552.321	0	180	-91.1586
581.598	64.4357	552.364	0	180	-91.2057
581.673	64.4034	552.408	0	180	-91.2527
581.749	64.3712	552.451	0	180	-91.2997
581.824	64.3389	552.494	0	180	-91.3467
581.9	64.3067	552.537	0	180	-91.3938
581.975	64.2744	552.58	0	180	-91.4408
582.051	64.2422	552.623	0	180	-91.4878
582.126	64.21	552.666	0	180	-91.5348
582.202	64.1777	552.71	0	180	-91.5819
582.277	64.1455	552.753	0	180	-91.6289
582.352	64.1132	552.796	0	180	-91.6759
582.428	64.081	552.839	0	180	-91.7229
582.503	64.0487	552.882	0	180	-91.77
582.579	64.0165	552.925	0	180	-91.817
582.654	63.9842	552.969	0	180	-91.864
582.73	63.952	553.012	0	180	-91.911
582.805	63.9197	553.055	0	180	-91.9581
582.881	63.8875	553.098	0	180	-92.0051
582.956	63.8552	553.141	0	180	-92.0521
583.032	63.823	553.184	0	180	-92.0992
583.107	63.7907	553.228	0	180	-92.1462
583.183	63.7585	553.271	0	180	-92.1932
583.258	63.7262	553.314	0	180	-92.2402
583.334	63.694	553.357	0	180	-92.2873
583.409	63.6618	553.4	0	180	-92.3343
583.484	63.6295	553.443	0	180	-92.3813
583.56	63.5973	553.487	0	180	-92.4283
583.635	63.565	553.53	0	180	-92.4754
583.711	63.5328	553.573	0	180	-92.5224
583.786	63.5005	553.616	0	180	-92.5694
583.862	63.4683	553.659	0	180	-92.6164
583.937	63.436	553.702	0	180	-92.6635
584.013	63.4038	553.745	0	180	-92.7105
584.088	63.3715	553.789	0	180	-92.7575
584.164	63.3393	553.832	0	180	-92.8045
584.239	63.307	553.875	0	180	-92.8516
584.315	63.2748	553.918	0	180	-92.8986
584.39	63.2425	553.961	0	180	-92.9456
584.466	63.2103	554.004	0	180	-92.9926
584.541	63.1781	554.048	0	180	-93.0397
584.616	63.1458	554.091	0	180	-93.0867
584.692	63.1136	554.134	0	180	-93.1337
584.767	63.0813	554.177	0	180	-93.1807
584.843	63.0491	554.22	0	180	-93.2278
584.918	63.0168	554.263	0	180	-93.2748
584.994	62.9846	554.307	0	180	-93.3218
585.069	62.9523	554.35	0	180	-93.3688
585.145	62.9201	554.393	0	180	-93.4159
585.22	62.8878	554.436	0	180	-93.4629
585.296	62.8556	554.479	0	180	-93.5099
585.371	62.8233	554.522	0	180	-93.5569
585.447	62.7911	554.566	0	180	-93.604
585.522	62.7588	554.609	0	180	-93.651
585.597	62.7266	554.652	0	180	-93.698
585.673	62.6943	554.695	0	180	-93.745
585.748	62.6621	554.738	0	180	-93.7921
585.824	62.6299	554.781	0	180	-93.8391
585.899	62.5976	554.824	0	180	-93.8861
585.975	62.5654	554.868	0	180	-93.9331
586.05	62.5331	554.911	0	180	-93.9802
586.126	62.5009	554.954	0	180	-94.0272
586.201	62.4686	554.997	0	180	-94.0742
586.277	62.4364	555.04	0	180	-94.1212
586.352	62.4041	555.083	0	180	-94.1683
586.428	62.3719	555.127	0	180	-94.2153
586.503	62.3396	555.17	0	180	-94.2623
586.579	62.3074	555.213	0	180	-94.3093
586.654	62.2751	555.256	0	180	-94.3564
586.729	62.2429	555.299	0	180	-94.4034
586.805	62.2106	555.342	0	180	-94.4504
586.88	62.1784	555.386	0	180	-94.4974
586.956	62.1462	555.429	0	180	-94.5445
587.031	62.1139	555.472	0	180	-94.5915
587.107	62.0817	555.515	0	180	-94.6385
587.182	62.0494	555.558	0	180	-94.6855
587.258	62.0172	555.601	0	180	-94.7326
587.333	61.9849	555.644	0	180	-94.7796
587.409	61.9527	555.688	0	180	-94.8266
587.484	61.9204	555.731	0	180	-94.8736
587.56	61.8882	555.774	0	180	-94.9207
587.635	61.8559	555.817	0	180	-94.9677
587.711	61.8237	555.86	0	180	-95.0147
587.786	61.7914	555.903	0	180	-95.0617
587.861	61.7592	555.947	0	180	-95.1088
587.937	61.7269	555.99	0	180	-95.1558
588.012	61.6947	556.033	0	180	-95.2028
588.088	61.6624	556.076	0	180	-95.2498
588.163	61.6302	556.119	0	180	-95.2969
588.239	61.598	556.162	0	180	-95.3439
588.314	61.5657	556.206	0	180	-95.3909
588.39	61.5335	556.249	0	180	-95.4379
588.465	61.5012	556.292	0	180	-95.485
588.541	61.469	556.335	0	180	-95.532
588.616	61.4367	556.378	0	180	-95.579
588.692	61.4045	556.421	0	180	-95.626
588.767	61.3722	556.465	0	180	-95.6731
588.842	61.34	556.508	0	180	-95.7201
588.918	61.3077	556.551	0	180	-95.7671
588.993	61.2755	556.594	0	180	-95.8141
589.069	61.2432	556.637	0	180	-95.8612
589.144	61.211	556.68	0	180	-95.9082
589.22	61.1787	556.723	0	180	-95.9552
589.295	61.1465	556.767	0	180	-96.0022
589.371	61.1143	556.81	0	180	-96.0493
589.446	61.082	556.853	0	180	-96.0963
589.522	61.0498	556.896	0	180	-96.1433
589.597	61.0175	556.939	0	180	-96.1904
589.673	60.9853	556.982	0	180	-96.2374
589.748	60.953	557.026	0	180	-96.2844
589.824	60.9208	557.069	0	180	-96.3314
589.899	60.8885	557.112	0	180	-96.3785
589.974	60.8563	557.155	0	180	-96.4255
590.05	60.824	557.198	0	180	-96.4725
590.125	60.7918	557.241	0	180	-96.5195
590.201	60.7595	557.285	0	180	-96.5666
590.276	60.7273	557.328	0	180	-96.6136
590.352	60.695	557.371	0	180	-96.6606
590.427	60.6628	557.414	0	180	-96.7076
590.503	60.6305	557.457	0	180	-96.7547
590.578	60.5983	557.5	0	180	-96.8017
590.654	60.5661	557.544	0	180	-96.8487
590.729	60.5338	557.587	0	180	-96.8957
590.805	60.5016	557.63	0	180	-96.9428
590.88	60.4693	557.673	0	180	-96.9898
590.956	60.4371	557.716	0	180	-97.0368
591.031	60.4048	557.759	0	180	-97.0838
591.106	60.3726	557.802	0	180	-97.1309
591.182	60.3403	557.846	0	180	-97.1779
591.257	60.3081	557.889	0	180	-97.2249
591.333	60.2758	557.932	0	180	-97.2719
591.408	60.2436	557.975	0	180	-97.319
591.484	60.2113	558.018	0	180	-97.366
591.559	60.1791	558.061	0	180	-97.413
591.635	60.1468	558.105	0	180	-97.46
591.71	60.1146	558.148	0	180	-97.5071
591.786	60.0824	558.191	0	180	-97.5541
591.861	60.0501	558.234	0	180	-97.6011
591.937	60.0179	558.277	0	180	-97.6481
592.012	59.9856	558.32	0	180	-97.6952
592.087	59.9534	558.364	0	180	-97.7422
592.163	59.9211	558.407	0	180	-97.7892
592.238	59.8889	558.45	0	180	-97.8362
592.314	59.8566	558.493	0	180	-97.8833
592.389	59.8244	558.536	0	180	-97.9303
592.465	59.7921	558.579	0	180	-97.9773
592.54	59.7599	558.623	0	180	-98.0243
592.616	59.7276	558.666	0	180	-98.0714
592.691	59.6954	558.709	0	180	-98.1184
592.767	59.6631	558.752	0	180	-98.1654
592.842	59.6309	558.795	0	180	-98.2124
592.918	59.5986	558.838	0	180	-98.2595
592.993	59.5664	558.881	0	180	-98.3065
593.069	59.5342	558.925	0	180	-98.3535
593.144	59.5019	558.968	0	180	-98.4005
593.219	59.4697	559.011	0	180	-98.4476
593.295	59.4374	559.054	0	180	-98.4946
593.37	59.4052	559.097	0	180	-98.5416
593.446	59.3729	559.14	0	180	-98.5886
593.521	59.3407	559.184	0	180	-98.6357
593.597	59.3084	559.227	0	180	-98.6827
593.672	59.2762	559.27	0	180	-98.7297
593.748	59.2439	559.313	0	180	-98.7767
593.823	59.2117	559.356	0	180	-98.8238
593.899	59.1794	559.399	0	180	-98.8708
593.974	59.1472	559.443	0	180	-98.9178
594.05	59.1149	559.486	0	180	-98.9648
594.125	59.0827	559.529	0	180	-99.0119
594.201	59.0505	559.572	0	180	-99.0589
594.276	59.0182	559.615	0	180	-99.1059
594.351	58.986	559.658	0	180	-99.1529
594.427	58.9537	559.702	0	180	-99.2
594.502	58.9215	559.745	0	180	-99.247
594.578	58.8892	559.788	0	180	-99.294
594.653	58.857	559.831	0	180	-99.341
594.729	58.8247	559.874	0	180	-99.3881
594.804	58.7925	559.917	0	180	-99.4351
594.88	58.7602	559.96	0	180	-99.4821
594.955	58.728	560.004	0	180	-99.5291
595.031	58.6957	560.047	0	180	-99.5762
595.106	58.6635	560.09	0	180	-99.6232
595.182	58.6312	560.133	0	180	-99.6702
595.257	58.599	560.176	0	180	-99.7172
595.332	58.5667	560.219	0	180	-99.7643
595.408	58.5345	560.263	0	180	-99.8113
595.483	58.5023	560.306	0	180	-99.8583
595.559	58.47	560.349	0	180	-99.9053
595.634	58.4378	560.392	0	180	-99.9524
595.71	58.4055	560.435	0	180	-99.9994
595.785	58.3733	560.478	0	180	-100.046
595.861	58.341	560.522	0	180	-100.093
595.936	58.3088	560.565	0	180	-100.14
596.012	58.2765	560.608	0	180	-100.187
596.087	58.2443	560.651	0	180	-100.235
596.163	58.212	560.694	0	180	-100.282
596.238	58.1798	560.737	0	180	-100.329
596.314	58.1475	560.781	0	180	-100.376
596.389	58.1153	560.824	0	180	-100.423
596.464	58.083	560.867	0	180	-100.47
596.54	58.0508	560.91	0	180	-100.517
596.615	58.0186	560.952	0	180	-100.564
596.691	57.9863	560.993	0	180	-100.611
596.766	57.9541	561.033	0	180	-100.658
596.842	57.9218	561.072	0	180	-100.705
596.917	57.8896	561.11	0	180	-100.752
596.993	57.8573	561.147	0	180	-100.799
597.068	57.8251	561.183	0	180	-100.846
597.144	57.7928	561.218	0	180	-100.893
597.219	57.7606	561.252	0	180	-100.94
597.295	57.7283	561.285	0	180	-100.987
597.37	57.6961	561.317	0	180	-101.034
597.445	57.6638	561.348	0	180	-101.081
597.521	57.6316	561.378	0	180	-101.128
597.596	57.5993	561.407	0	180	-101.175
597.672	57.5671	561.435	0	180	-101.222
597.747	57.5348	561.462	0	180	-101.269
597.823	57.5026	561.488	0	180	-101.316
597.898	57.4704	561.513	0	180	-101.363
597.974	57.4381	561.537	0	180	-101.41
598.049	57.4059	561.559	0	180	-101.457
598.125	57.3736	561.581	0	180	-101.504
598.2	57.3414	561.602	0	180	-101.551
598.276	57.3091	561.622	0	180	-101.598
598.351	57.2769	561.641	0	180	-101.645
598.427	57.2446	561.659	0	180	-101.692
598.502	57.2124	561.676	0	180	-101.739
598.577	57.1801	561.692	0	180	-101.786
598.653	57.1479	561.707	0	180	-101.833
598.728	57.1156	561.721	0	180	-101.88
598.804	57.0834	561.734	0	180	-101.927
598.879	57.0511	561.746	0	180	-101.974
598.955	57.0189	561.757	0	180	-102.021
599.03	56.9867	561.767	0	180	-102.069
599.106	56.9544	561.776	0	180	-102.116
599.181	56.9222	561.784	0	180	-102.163
599.257	56.8899	561.791	0	180	-102.21
599.332	56.8577	561.797	0	180	-102.257
599.408	56.8254	561.802	0	180	-102.304
599.483	56.7932	561.806	0	180	-102.351
599.559	56.7609	561.809	0	180	-102.398
599.634	56.7287	561.811	0	180	-102.445
599.709	56.6964	561.812	0	180	-102.492
599.785	56.6642	561.812	0	180	-102.539
599.86	56.6319	561.811	0	180	-102.586
599.936	56.5997	561.809	0	180	-102.633
600.011	56.5674	561.806	0	180	-102.68
600.087	56.5352	561.802	0	180	-102.727
600.162	56.5029	561.797	0	180	-102.774
600.238	56.4707	561.791	0	180	-102.821
600.313	56.4385	561.784	0	180	-102.868
600.389	56.4062	561.776	0	180	-102.915
600.464	56.374	561.767	0	180	-102.962
600.54	56.3417	561.757	0	180	-103.009
600.615	56.3095	561.746	0	180	-103.056
600.69	56.2772	561.734	0	180	-103.103
600.766	56.245	561.721	0	180	-103.15
600.841	56.2127	561.707	0	180	-103.197
600.917	56.1805	561.692	0	180	-103.244
600.992	56.1482	561.676	0	180	-103.291
601.068	56.116	561.659	0	180	-103.338
601.143	56.0837	561.641	0	180	-103.385
601.219	56.0515	561.622	0	180	-103.432
601.294	56.0192	561.602	0	180	-103.479
601.37	55.987	561.581	0	180	-103.526
601.445	55.9548	561.559	0	180	-103.573
601.521	55.9225	561.536	0	180	-103.62
601.596	55.8903	561.512	0	180	-103.667
601.672	55.858	561.487	0	180	-103.714
601.747	55.8258	561.461	0	180	-103.761
601.822	55.7935	561.434	0	180	-103.808
601.898	55.7613	561.406	0	180	-103.855
601.973	55.729	561.377	0	180	-103.902
602.049	55.6968	561.347	0	180	-103.95
602.124	55.6645	561.316	0	180	-103.997
602.2	55.6323	561.284	0	180	-104.044
602.275	55.6	561.251	0	180	-104.091
602.351	55.5678	561.217	0	180	-104.138
602.426	55.5355	561.182	0	180	-104.185
602.502	55.5033	561.146	0	180	-104.232
602.577	55.471	561.109	0	180	-104.279
602.653	55.4388	561.071	0	180	-104.326
602.728	55.4066	561.032	0	180	-104.373
602.804	55.3743	560.992	0	180	-104.42
602.879	55.3421	560.951	0	180	-104.467
602.954	55.3098	560.909	0	180	-104.514
603.03	55.2776	560.866	0	180	-104.56
603.105	55.2453	560.822	0	180	-104.606
603.181	55.2131	560.777	0	180	-104.65
603.256	55.1808	560.731	0	180	-104.693
603.332	55.1486	560.684	0	180	-104.736
603.407	55.1163	560.636	0	180	-104.777
603.481	55.0841	560.587	0	180	-104.818
603.555	55.0519	560.537	0	180	-104.857
603.627	55.0204	560.486	0	180	-104.896
603.698	54.9899	560.434	0	180	-104.933
603.768	54.9604	560.381	0	180	-104.969
603.838	54.9319	560.326	0	180	-105.005
603.906	54.9037	560.271	0	180	-105.039
603.973	54.8755	560.215	0	180	-105.073
604.04	54.8472	560.158	0	180	-105.105
604.107	54.819	560.1	0	180	-105.136
604.173	54.7908	560.041	0	180	-105.167
604.24	54.7626	559.981	0	180	-105.196
604.306	54.7344	559.92	0	180	-105.225
604.373	54.7062	559.858	0	180	-105.252
604.44	54.678	559.795	0	180	-105.279
604.506	54.6498	559.731	0	180	-105.307
604.573	54.6216	559.666	0	180	-105.334
604.639	54.5933	559.6	0	180	-105.361
604.706	54.5651	559.533	0	180	-105.388
604.773	54.5369	559.465	0	180	-105.416
604.839	54.5087	559.396	0	180	-105.443
604.906	54.4805	559.326	0	180	-105.47
604.972	54.4523	559.255	0	180	-105.497
605.039	54.4241	559.183	0	180	-105.525
605.106	54.3959	559.11	0	180	-105.552
605.172	54.3677	559.036	0	180	-105.579
605.239	54.3394	558.961	0	180	-105.607
605.305	54.3112	558.885	0	180	-105.634
605.372	54.283	558.808	0	180	-105.661
605.439	54.2548	558.73	0	180	-105.688
605.505	54.2266	558.651	0	180	-105.716
605.572	54.1984	558.571	0	180	-105.743
605.638	54.1702	558.49	0	180	-105.77
605.705	54.142	558.408	0	180	-105.797
605.772	54.1138	558.325	0	180	-105.825
605.838	54.0856	558.241	0	180	-105.852
605.905	54.0573	558.156	0	180	-105.879
605.971	54.0291	558.07	0	180	-105.906
606.038	54.0009	557.983	0	180	-105.934
606.105	53.9727	557.895	0	180	-105.961
606.171	53.9445	557.806	0	180	-105.988
606.238	53.9163	557.716	0	180	-106.015
606.304	53.8881	557.625	0	180	-106.043
606.371	53.8599	557.533	0	180	-106.07
606.438	53.8317	557.44	0	180	-106.097
606.504	53.8034	557.346	0	180	-106.125
606.571	53.7752	557.251	0	180	-106.152
606.637	53.747	557.155	0	180	-106.179
606.704	53.7188	557.058	0	180	-106.206
606.771	53.6906	556.96	0	180	-106.234
606.837	53.6624	556.861	0	180	-106.261
606.904	53.6342	556.761	0	180	-106.288
606.97	53.606	556.66	0	180	-106.315
607.037	53.5778	556.558	0	180	-106.343
607.104	53.5495	556.455	0	180	-106.37
607.17	53.5213	556.351	0	180	-106.397
607.237	53.4931	556.246	0	180	-106.424
607.303	53.4649	556.14	0	180	-106.452
607.37	53.4367	556.033	0	180	-106.479
607.437	53.4085	555.925	0	180	-106.506
607.503	53.3803	555.816	0	180	-106.534
607.57	53.3521	555.706	0	180	-106.561
607.636	53.3239	555.595	0	180	-106.588
607.703	53.2957	555.483	0	180	-106.615
607.77	53.2674	555.37	0	180	-106.643
607.836	53.2392	555.256	0	180	-106.67
607.903	53.211	555.141	0	180	-106.697
607.969	53.1828	555.025	0	180	-106.724
608.036	53.1546	554.908	0	180	-106.752
608.103	53.1264	554.79	0	180	-106.779
608.169	53.0982	554.671	0	180	-106.806
608.236	53.07	554.551	0	180	-106.833
608.302	53.0418	554.43	0	180	-106.861
608.369	53.0135	554.308	0	180	-106.888
608.436	52.9853	554.185	0	180	-106.915
608.502	52.9571	554.061	0	180	-106.943
608.569	52.9289	553.936	0	180	-106.97
608.635	52.9007	553.81	0	180	-106.997
608.702	52.8725	553.683	0	180	-107.024
608.769	52.8443	553.555	0	180	-107.052
608.835	52.8161	553.426	0	180	-107.079
608.902	52.7879	553.296	0	180	-107.106
608.968	52.7596	553.165	0	180	-107.133
609.035	52.7314	553.032	0	180	-107.161
609.102	52.7032	552.899	0	180	-107.188
609.168	52.675	552.765	0	180	-107.215
609.235	52.6468	552.63	0	180	-107.242
609.301	52.6186	552.494	0	180	-107.27
609.368	52.5904	552.357	0	180	-107.297
609.435	52.5622	552.219	0	180	-107.324
609.501	52.534	552.08	0	180	-107.351
609.568	52.5058	551.94	0	180	-107.379
609.634	52.4775	551.799	0	180	-107.406
609.701	52.4493	551.657	0	180	-107.433
609.768	52.4211	551.514	0	180	-107.461
609.834	52.3929	551.37	0	180	-107.488
609.901	52.3647	551.225	0	180	-107.515
609.967	52.3365	551.079	0	180	-107.542
610.034	52.3083	550.932	0	180	-107.57
610.101	52.2801	550.785	0	180	-107.597
610.167	52.2519	550.637	0	180	-107.624
610.234	52.2236	550.489	0	180	-107.651
610.3	52.1954	550.341	0	180	-107.679
610.367	52.1672	550.194	0	180	-107.706
610.434	52.139	550.046	0	180	-107.733
610.5	52.1108	549.898	0	180	-107.76
610.567	52.0826	549.751	0	180	-107.788
610.633	52.0544	549.603	0	180	-107.815
610.7	52.0262	549.455	0	180	-107.842
610.767	51.998	549.307	0	180	-107.87
610.833	51.9697	549.16	0	180	-107.897
610.9	51.9415	549.012	0	180	-107.924
610.966	51.9133	548.864	0	180	-107.951
611.033	51.8851	548.717	0	180	-107.979
611.1	51.8569	548.569	0	180	-108.006
611.166	51.8287	548.421	0	180	-108.033
611.233	51.8005	548.273	0	180	-108.06
611.299	51.7723	548.126	0	180	-108.088
611.366	51.7441	547.978	0	180	-108.115
611.433	51.7159	547.83	0	180	-108.142
611.499	51.6876	547.683	0	180	-108.169
611.566	51.6594	547.535	0	180	-108.197
611.632	51.6312	547.387	0	180	-108.224
611.699	51.603	547.239	0	180	-108.251
611.766	51.5748	547.092	0	180	-108.278
611.832	51.5466	546.944	0	180	-108.306
611.899	51.5184	546.796	0	180	-108.333
611.965	51.4902	546.649	0	180	-108.36
612.032	51.462	546.501	0	180	-108.388
612.099	51.4337	546.353	0	180	-108.415
612.165	51.4055	546.205	0	180	-108.442
612.232	51.3773	546.058	0	180	-108.469
612.298	51.3491	545.91	0	180	-108.497
612.365	51.3209	545.762	0	180	-108.524
612.432	51.2927	545.615	0	180	-108.551
612.498	51.2645	545.467	0	180	-108.578
612.565	51.2363	545.319	0	180	-108.606
612.631	51.2081	545.171	0	180	-108.633
612.698	51.1799	545.024	0	180	-108.66
612.765	51.1516	544.876	0	180	-108.687
612.831	51.1234	544.728	0	180	-108.715
612.898	51.0952	544.581	0	180	-108.742
612.964	51.067	544.433	0	180	-108.769
613.031	51.0388	544.285	0	180	-108.797
613.098	51.0106	544.137	0	180	-108.824
613.164	50.9824	543.99	0	180	-108.851
613.231	50.9542	543.842	0	180	-108.878
613.297	50.926	543.694	0	180	-108.906
613.364	50.8977	543.547	0	180	-108.933
613.431	50.8695	543.399	0	180	-108.96
613.497	50.8413	543.251	0	180	-108.987
613.564	50.8131	543.103	0	180	-109.015
613.63	50.7849	542.956	0	180	-109.042
613.697	50.7567	542.808	0	180	-109.069
613.764	50.7285	542.66	0	180	-109.096
613.83	50.7003	542.513	0	180	-109.124
613.897	50.6721	542.365	0	180	-109.151
613.963	50.6438	542.217	0	180	-109.178
614.03	50.6156	542.069	0	180	-109.205
614.097	50.5874	541.922	0	180	-109.233
614.163	50.5592	541.774	0	180	-109.26
614.23	50.531	541.626	0	180	-109.287
614.296	50.5028	541.479	0	180	-109.315
614.363	50.4746	541.331	0	180	-109.342
614.43	50.4464	541.183	0	180	-109.369
614.496	50.4182	541.035	0	180	-109.396
614.563	50.39	540.888	0	180	-109.424
614.629	50.3617	540.74	0	180	-109.451
614.696	50.3335	540.592	0	180	-109.478
614.763	50.3053	540.445	0	180	-109.505
614.829	50.2771	540.297	0	180	-109.533
614.896	50.2489	540.149	0	180	-109.56
614.962	50.2207	540.001	0	180	-109.587
615.029	50.1925	539.854	0	180	-109.614
615.096	50.1643	539.706	0	180	-109.642
615.162	50.1361	539.558	0	180	-109.669
615.229	50.1078	539.411	0	180	-109.696
615.295	50.0796	539.263	0	180	-109.724
615.362	50.0514	539.115	0	180	-109.751
615.429	50.0232	538.967	0	180	-109.778
615.495	49.995	538.82	0	180	-109.805
615.562	49.9668	538.672	0	180	-109.833
615.628	49.9386	538.524	0	180	-109.86
615.695	49.9104	538.377	0	180	-109.887
615.762	49.8822	538.229	0	180	-109.914
615.828	49.8539	538.081	0	180	-109.942
615.895	49.8257	537.933	0	180	-109.969
615.961	49.7975	537.786	0	180	-109.996
616.028	49.7693	537.638	0	180	-110.023
616.095	49.7411	537.49	0	180	-110.051
616.161	49.7129	537.343	0	180	-110.078
616.228	49.6847	537.195	0	180	-110.105
616.294	49.6565	537.047	0	180	-110.132
616.361	49.6283	536.899	0	180	-110.16
616.428	49.6001	536.752	0	180	-110.187
616.494	49.5718	536.604	0	180	-110.214
616.561	49.5436	536.456	0	180	-110.242
616.627	49.5154	536.309	0	180	-110.269
616.694	49.4872	536.161	0	180	-110.296
616.761	49.459	536.013	0	180	-110.323
616.827	49.4308	535.865	0	180	-110.351
616.894	49.4026	535.718	0	180	-110.378
616.96	49.3744	535.57	0	180	-110.405
617.027	49.3462	535.422	0	180	-110.432
617.094	49.3179	535.275	0	180	-110.46
617.16	49.2897	535.127	0	180	-110.487
617.227	49.2615	534.979	0	180	-110.514
617.293	49.2333	534.831	0	180	-110.541
617.36	49.2051	534.684	0	180	-110.569
617.427	49.1769	534.536	0	180	-110.596
617.493	49.1487	534.388	0	180	-110.623
617.56	49.1205	534.241	0	180	-110.651
617.626	49.0923	534.093	0	180	-110.678
617.693	49.064	533.945	0	180	-110.705
617.76	49.0358	533.797	0	180	-110.732
617.826	49.0076	533.65	0	180	-110.76
617.893	48.9794	533.502	0	180	-110.787
617.959	48.9512	533.354	0	180	-110.814
618.026	48.923	533.207	0	180	-110.841
618.093	48.8948	533.059	0	180	-110.869
618.159	48.8666	532.911	0	180	-110.896
618.226	48.8384	532.763	0	180	-110.923
618.292	48.8102	532.616	0	180	-110.95
618.359	48.7819	532.468	0	180	-110.978
618.426	48.7537	532.32	0	180	-111.005
618.492	48.7255	532.173	0	180	-111.032
618.559	48.6973	532.025	0	180	-111.059
618.625	48.6691	531.877	0	180	-111.087
618.692	48.6409	531.729	0	180	-111.114
618.759	48.6127	531.582	0	180	-111.141
618.825	48.5845	531.434	0	180	-111.169
618.892	48.5563	531.286	0	180	-111.196
618.958	48.528	531.138	0	180	-111.223
619.025	48.4998	530.991	0	180	-111.25
619.092	48.4716	530.843	0	180	-111.278
619.158	48.4434	530.695	0	180	-111.305
619.225	48.4152	530.548	0	180	-111.332
619.291	48.387	530.4	0	180	-111.359
619.358	48.3588	530.252	0	180	-111.387
619.425	48.3306	530.104	0	180	-111.414
619.491	48.3024	529.957	0	180	-111.441
619.558	48.2741	529.809	0	180	-111.468
619.624	48.2459	529.661	0	180	-111.496
619.691	48.2177	529.514	0	180	-111.523
619.758	48.1895	529.366	0	180	-111.55
619.824	48.1613	529.218	0	180	-111.578
619.891	48.1331	529.07	0	180	-111.605
619.957	48.1049	528.923	0	180	-111.632
620.024	48.0767	528.775	0	180	-111.659
620.091	48.0485	528.627	0	180	-111.687
620.157	48.0203	528.48	0	180	-111.714
620.224	47.992	528.332	0	180	-111.741
620.29	47.9638	528.184	0	180	-111.768
620.357	47.9356	528.036	0	180	-111.796
620.424	47.9074	527.889	0	180	-111.823
620.49	47.8792	527.741	0	180	-111.85
620.557	47.851	527.593	0	180	-111.877
620.623	47.8228	527.446	0	180	-111.905
620.69	47.7946	527.298	0	180	-111.932
620.757	47.7664	527.15	0	180	-111.959
620.823	47.7381	527.002	0	180	-111.987
620.89	47.7099	526.855	0	180	-112.014
620.956	47.6817	526.707	0	180	-112.041
621.023	47.6535	526.559	0	180	-112.068
621.09	47.6253	526.412	0	180	-112.096
621.156	47.5971	526.264	0	180	-112.123
621.223	47.5689	526.116	0	180	-112.15
621.289	47.5407	525.968	0	180	-112.177
621.356	47.5125	525.821	0	180	-112.205
621.423	47.4842	525.673	0	180	-112.232
621.489	47.456	525.525	0	180	-112.259
621.556	47.4278	525.378	0	180	-112.286
621.622	47.3996	525.23	0	180	-112.314
621.689	47.3714	525.082	0	180	-112.341
621.756	47.3432	524.934	0	180	-112.368
621.822	47.315	524.787	0	180	-112.395
621.889	47.2868	524.639	0	180	-112.423
621.955	47.2586	524.491	0	180	-112.45
622.022	47.2304	524.344	0	180	-112.477
622.089	47.2021	524.196	0	180	-112.505
622.155	47.1739	524.048	0	180	-112.532
622.222	47.1457	523.9	0	180	-112.559
622.288	47.1175	523.753	0	180	-112.586
622.355	47.0893	523.605	0	180	-112.614
622.422	47.0611	523.457	0	180	-112.641
622.488	47.0329	523.31	0	180	-112.668
622.555	47.0047	523.162	0	180	-112.695
622.621	46.9765	523.014	0	180	-112.723
622.688	46.9482	522.866	0	180	-112.75
622.755	46.92	522.719	0	180	-112.777
622.821	46.8918	522.571	0	180	-112.804
622.888	46.8636	522.423	0	180	-112.832
622.954	46.8354	522.276	0	180	-112.859
623.021	46.8072	522.128	0	180	-112.886
623.088	46.779	521.98	0	180	-112.914
623.154	46.7508	521.832	0	180	-112.941
623.221	46.7226	521.685	0	180	-112.968
623.287	46.6943	521.537	0	180	-112.995
623.354	46.6661	521.389	0	180	-113.023
623.421	46.6379	521.242	0	180	-113.05
623.487	46.6097	521.094	0	180	-113.077
623.554	46.5815	520.946	0	180	-113.104
623.62	46.5533	520.798	0	180	-113.132
623.687	46.5251	520.651	0	180	-113.159
623.754	46.4969	520.503	0	180	-113.186
623.82	46.4687	520.355	0	180	-113.213
623.887	46.4405	520.208	0	180	-113.241
623.953	46.4122	520.06	0	180	-113.268
624.02	46.384	519.912	0	180	-113.295
624.087	46.3558	519.764	0	180	-113.322
624.153	46.3276	519.617	0	180	-113.35
624.22	46.2994	519.469	0	180	-113.377
624.286	46.2712	519.321	0	180	-113.404
624.353	46.243	519.174	0	180	-113.432
624.42	46.2148	519.026	0	180	-113.459
624.486	46.1866	518.878	0	180	-113.486
624.553	46.1583	518.73	0	180	-113.513
624.619	46.1301	518.583	0	180	-113.541
624.686	46.1019	518.435	0	180	-113.568
624.753	46.0737	518.287	0	180	-113.595
624.819	46.0455	518.14	0	180	-113.622
624.886	46.0173	517.992	0	180	-113.65
624.952	45.9891	517.844	0	180	-113.677
625.019	45.9609	517.696	0	180	-113.704
625.086	45.9327	517.549	0	180	-113.731
625.152	45.9044	517.401	0	180	-113.759
625.219	45.8762	517.253	0	180	-113.786
625.285	45.848	517.106	0	180	-113.813
625.352	45.8198	516.958	0	180	-113.841
625.419	45.7916	516.81	0	180	-113.868
625.485	45.7634	516.662	0	180	-113.895
625.552	45.7352	516.515	0	180	-113.922
625.618	45.707	516.367	0	180	-113.95
625.685	45.6788	516.219	0	180	-113.977
625.752	45.6506	516.072	0	180	-114.004
625.818	45.6223	515.924	0	180	-114.031
625.885	45.5941	515.776	0	180	-114.059
625.951	45.5659	515.628	0	180	-114.086
626.018	45.5377	515.481	0	180	-114.113
626.085	45.5095	515.333	0	180	-114.14
626.151	45.4813	515.185	0	180	-114.168
626.218	45.4531	515.038	0	180	-114.195
626.284	45.4249	514.89	0	180	-114.222
626.351	45.3967	514.742	0	180	-114.249
626.418	45.3684	514.594	0	180	-114.277
626.484	45.3402	514.447	0	180	-114.304
626.551	45.312	514.299	0	180	-114.331
626.617	45.2838	514.151	0	180	-114.359
626.684	45.2556	514.004	0	180	-114.386
626.751	45.2274	513.856	0	180	-114.413
626.817	45.1992	513.708	0	180	-114.44
626.884	45.171	513.56	0	180	-114.468
626.95	45.1428	513.413	0	180	-114.495
627.017	45.1145	513.265	0	180	-114.522
627.084	45.0863	513.117	0	180	-114.549
627.15	45.0581	512.97	0	180	-114.577
627.217	45.0299	512.822	0	180	-114.604
627.283	45.0017	512.674	0	180	-114.631
627.35	44.9735	512.526	0	180	-114.658
627.417	44.9453	512.379	0	180	-114.686
627.483	44.9171	512.231	0	180	-114.713
627.55	44.8889	512.083	0	180	-114.74
627.616	44.8607	511.936	0	180	-114.768
627.683	44.8324	511.788	0	180	-114.795
627.75	44.8042	511.64	0	180	-114.822
627.816	44.776	511.492	0	180	-114.849
627.883	44.7478	511.345	0	180	-114.877
627.949	44.7196	511.197	0	180	-114.904
628.016	44.6914	511.049	0	180	-114.931
628.083	44.6632	510.902	0	180	-114.958
628.149	44.635	510.754	0	180	-114.986
628.216	44.6068	510.606	0	180	-115.013
628.282	44.5785	510.458	0	180	-115.04
628.349	44.5503	510.311	0	180	-115.067
628.416	44.5221	510.163	0	180	-115.095
628.482	44.4939	510.015	0	180	-115.122
628.549	44.4657	509.868	0	180	-115.149
628.615	44.4375	509.72	0	180	-115.176
628.682	44.4093	509.572	0	180	-115.204
628.749	44.3811	509.424	0	180	-115.231
628.815	44.3529	509.277	0	180	-115.258
628.882	44.3246	509.129	0	180	-115.286
628.948	44.2964	508.981	0	180	-115.313
629.015	44.2682	508.834	0	180	-115.34
629.082	44.24	508.686	0	180	-115.367
629.148	44.2118	508.538	0	180	-115.395
629.215	44.1836	508.39	0	180	-115.422
629.281	44.1554	508.243	0	180	-115.449
629.348	44.1272	508.095	0	180	-115.476
629.415	44.099	507.947	0	180	-115.504
629.481	44.0708	507.8	0	180	-115.531
629.548	44.0425	507.652	0	180	-115.558
629.614	44.0143	507.504	0	180	-115.585
629.681	43.9861	507.356	0	180	-115.613
629.748	43.9579	507.209	0	180	-115.64
629.814	43.9297	507.061	0	180	-115.667
629.881	43.9015	506.913	0	180	-115.695
629.947	43.8733	506.766	0	180	-115.722
630.014	43.8451	506.618	0	180	-115.749
630.081	43.8169	506.47	0	180	-115.776
630.147	43.7886	506.322	0	180	-115.804
630.214	43.7604	506.175	0	180	-115.831
630.28	43.7322	506.027	0	180	-115.858
630.347	43.704	505.879	0	180	-115.885
630.414	43.6758	505.732	0	180	-115.913
630.48	43.6476	505.584	0	180	-115.94
630.547	43.6194	505.436	0	180	-115.967
630.613	43.5912	505.288	0	180	-115.994
630.68	43.563	505.141	0	180	-116.022
630.747	43.5347	504.993	0	180	-116.049
630.813	43.5065	504.845	0	180	-116.076
630.88	43.4783	504.698	0	180	-116.104
630.946	43.4501	504.55	0	180	-116.131
631.013	43.4219	504.402	0	180	-116.158
631.08	43.3937	504.254	0	180	-116.185
631.146	43.3655	504.107	0	180	-116.213
631.213	43.3373	503.959	0	180	-116.24
631.279	43.3091	503.811	0	180	-116.267
631.346	43.2809	503.663	0	180	-116.294
631.413	43.2526	503.516	0	180	-116.322
631.479	43.2244	503.368	0	180	-116.349
631.546	43.1962	503.22	0	180	-116.376
631.612	43.168	503.073	0	180	-116.403
631.679	43.1398	502.925	0	180	-116.431
631.746	43.1116	502.777	0	180	-116.458
631.812	43.0834	502.629	0	180	-116.485
631.879	43.0552	502.482	0	180	-116.512
631.945	43.027	502.334	0	180	-116.54
632.012	42.9987	502.186	0	180	-116.567
632.079	42.9705	502.039	0	180	-116.594
632.145	42.9423	501.891	0	180	-116.622
632.212	42.9141	501.743	0	180	-116.649
632.278	42.8859	501.595	0	180	-116.676
632.345	42.8577	501.448	0	180	-116.703
632.412	42.8295	501.3	0	180	-116.731
632.478	42.8013	501.152	0	180	-116.758
632.545	42.7731	501.005	0	180	-116.785
632.611	42.7448	500.857	0	180	-116.812
632.678	42.7166	500.709	0	180	-116.84
632.745	42.6884	500.561	0	180	-116.867
632.811	42.6602	500.414	0	180	-116.894
632.878	42.632	500.266	0	180	-116.921
632.944	42.6038	500.118	0	180	-116.949
633.011	42.5756	499.971	0	180	-116.976
633.078	42.5474	499.823	0	180	-117.003
633.144	42.5192	499.675	0	180	-117.031
633.211	42.491	499.527	0	180	-117.058
633.277	42.4627	499.38	0	180	-117.085
633.344	42.4345	499.232	0	180	-117.112
633.411	42.4063	499.084	0	180	-117.14
633.477	42.3781	498.937	0	180	-117.167
633.544	42.3499	498.789	0	180	-117.194
633.61	42.3217	498.641	0	180	-117.221
633.677	42.2935	498.493	0	180	-117.249
633.744	42.2653	498.346	0	180	-117.276
633.81	42.2371	498.198	0	180	-117.303
633.877	42.2088	498.05	0	180	-117.33
633.943	42.1806	497.903	0	180	-117.358
634.01	42.1524	497.755	0	180	-117.385
634.077	42.1242	497.607	0	180	-117.412
634.143	42.096	497.459	0	180	-117.439
634.21	42.0678	497.312	0	180	-117.467
634.276	42.0396	497.164	0	180	-117.494
634.343	42.0114	497.016	0	180	-117.521
634.41	41.9832	496.869	0	180	-117.549
634.476	41.9549	496.721	0	180	-117.576
634.543	41.9267	496.573	0	180	-117.603
634.609	41.8985	496.425	0	180	-117.63
634.676	41.8703	496.278	0	180	-117.658
634.743	41.8421	496.13	0	180	-117.685
634.809	41.8139	495.982	0	180	-117.712
634.876	41.7857	495.835	0	180	-117.739
634.942	41.7575	495.687	0	180	-117.767
635.009	41.7293	495.539	0	180	-117.794
635.076	41.7011	495.391	0	180	-117.821
635.142	41.6728	495.244	0	180	-117.848
635.209	41.6446	495.096	0	180	-117.876
635.275	41.6164	494.948	0	180	-117.903
635.342	41.5882	494.801	0	180	-117.93
635.409	41.56	494.653	0	180	-117.958
635.475	41.5318	494.505	0	180	-117.985
635.542	41.5036	494.357	0	180	-118.012
635.608	41.4754	494.21	0	180	-118.039
635.675	41.4472	494.062	0	180	-118.067
635.742	41.4189	493.914	0	180	-118.094
635.808	41.3907	493.767	0	180	-118.121
635.875	41.3625	493.619	0	180	-118.148
635.941	41.3343	493.471	0	180	-118.176
636.008	41.3061	493.323	0	180	-118.203
636.075	41.2779	493.176	0	180	-118.23
636.141	41.2497	493.028	0	180	-118.257
636.208	41.2215	492.88	0	180	-118.285
636.274	41.1933	492.733	0	180	-118.312
636.341	41.165	492.585	0	180	-118.339
636.408	41.1368	492.437	0	180	-118.366
636.474	41.1086	492.289	0	180	-118.394
636.541	41.0804	492.142	0	180	-118.421
636.607	41.0522	491.994	0	180	-118.448
636.674	41.024	491.846	0	180	-118.476
636.741	40.9958	491.699	0	180	-118.503
636.807	40.9676	491.551	0	180	-118.53
636.874	40.9394	491.403	0	180	-118.557
636.94	40.9112	491.255	0	180	-118.585
637.007	40.8829	491.108	0	180	-118.612
637.074	40.8547	490.96	0	180	-118.639
637.14	40.8265	490.812	0	180	-118.666
637.207	40.7983	490.665	0	180	-118.694
637.273	40.7701	490.517	0	180	-118.721
637.34	40.7419	490.369	0	180	-118.748
637.407	40.7137	490.221	0	180	-118.775
637.473	40.6855	490.074	0	180	-118.803
637.54	40.6573	489.926	0	180	-118.83
637.606	40.629	489.778	0	180	-118.857
637.673	40.6008	489.631	0	180	-118.885
637.74	40.5726	489.483	0	180	-118.912
637.806	40.5444	489.335	0	180	-118.939
637.873	40.5162	489.187	0	180	-118.966
637.939	40.488	489.04	0	180	-118.994
638.006	40.4598	488.892	0	180	-119.021
638.073	40.4316	488.744	0	180	-119.048
638.139	40.4034	488.597	0	180	-119.075
638.206	40.3751	488.449	0	180	-119.103
638.272	40.3469	488.301	0	180	-119.13
638.339	40.3187	488.153	0	180	-119.157
638.406	40.2905	488.006	0	180	-119.184
638.472	40.2623	487.858	0	180	-119.212
638.539	40.2341	487.71	0	180	-119.239
638.605	40.2059	487.563	0	180	-119.266
638.672	40.1777	487.415	0	180	-119.293
638.739	40.1495	487.267	0	180	-119.321
638.805	40.1213	487.119	0	180	-119.348
638.872	40.093	486.972	0	180	-119.375
638.938	40.0648	486.824	0	180	-119.403
639.005	40.0366	486.676	0	180	-119.43
639.072	40.0084	486.529	0	180	-119.457
639.138	39.9802	486.381	0	180	-119.484
639.205	39.952	486.233	0	180	-119.512
639.271	39.9238	486.085	0	180	-119.539
639.338	39.8956	485.938	0	180	-119.566
639.405	39.8674	485.79	0	180	-119.593
639.471	39.8391	485.642	0	180	-119.621
639.538	39.8109	485.495	0	180	-119.648
639.604	39.7827	485.347	0	180	-119.675
639.671	39.7545	485.199	0	180	-119.702
639.738	39.7263	485.051	0	180	-119.73
639.804	39.6981	484.904	0	180	-119.757
639.871	39.6699	484.756	0	180	-119.784
639.937	39.6417	484.608	0	180	-119.812
640.004	39.6135	484.461	0	180	-119.839
640.071	39.5853	484.313	0	180	-119.866
640.137	39.557	484.165	0	180	-119.893
640.204	39.5288	484.017	0	180	-119.921
640.27	39.5006	483.87	0	180	-119.948
640.337	39.4724	483.722	0	180	-119.975
640.404	39.4442	483.574	0	180	-120.002
640.47	39.416	483.427	0	180	-120.03
640.537	39.3878	483.279	0	180	-120.057
640.603	39.3596	483.131	0	180	-120.084
640.67	39.3314	482.983	0	180	-120.111
640.737	39.3031	482.836	0	180	-120.139
640.803	39.2749	482.688	0	180	-120.166
640.87	39.2467	482.54	0	180	-120.193
640.936	39.2185	482.393	0	180	-120.22
641.003	39.1903	482.245	0	180	-120.248
641.07	39.1621	482.097	0	180	-120.275
641.136	39.1339	481.949	0	180	-120.302
641.203	39.1057	481.802	0	180	-120.33
641.269	39.0775	481.654	0	180	-120.357
641.336	39.0492	481.506	0	180	-120.384
641.403	39.021	481.359	0	180	-120.411
641.469	38.9928	481.211	0	180	-120.439
641.536	38.9646	481.063	0	180	-120.466
641.602	38.9364	480.915	0	180	-120.493
641.669	38.9082	480.768	0	180	-120.52
641.736	38.88	480.62	0	180	-120.548
641.802	38.8518	480.472	0	180	-120.575
641.869	38.8236	480.325	0	180	-120.602
641.935	38.7954	480.177	0	180	-120.629
642.002	38.7671	480.029	0	180	-120.657
642.069	38.7389	479.881	0	180	-120.684
642.135	38.7107	479.734	0	180	-120.711
642.202	38.6825	479.586	0	180	-120.739
642.268	38.6543	479.438	0	180	-120.766
642.335	38.6261	479.291	0	180	-120.793
642.402	38.5979	479.143	0	180	-120.82
642.468	38.5697	478.995	0	180	-120.848
642.535	38.5415	478.847	0	180	-120.875
642.601	38.5132	478.7	0	180	-120.902
642.668	38.485	478.552	0	180	-120.929
642.735	38.4568	478.404	0	180	-120.957
642.801	38.4286	478.257	0	180	-120.984
642.868	38.4004	478.109	0	180	-121.011
642.934	38.3722	477.961	0	180	-121.038
643.001	38.344	477.813	0	180	-121.066
643.068	38.3158	477.666	0	180	-121.093
643.134	38.2876	477.518	0	180	-121.12
643.201	38.2593	477.37	0	180	-121.148
643.267	38.2311	477.223	0	180	-121.175
643.334	38.2029	477.075	0	180	-121.202
643.401	38.1747	476.927	0	180	-121.229
643.467	38.1465	476.779	0	180	-121.257
643.534	38.1183	476.632	0	180	-121.284
643.6	38.0901	476.484	0	180	-121.311
643.667	38.0619	476.336	0	180	-121.338
643.734	38.0337	476.188	0	180	-121.366
643.8	38.0055	476.041	0	180	-121.393
643.867	37.9772	475.893	0	180	-121.42
643.933	37.949	475.745	0	180	-121.447
644	37.9208	475.598	0	180	-121.475
644.067	37.8926	475.45	0	180	-121.502
644.133	37.8644	475.302	0	180	-121.529
644.2	37.8362	475.154	0	180	-121.556
644.266	37.808	475.007	0	180	-121.584
644.333	37.7798	474.859	0	180	-121.611
644.4	37.7516	474.711	0	180	-121.638
644.466	37.7233	474.564	0	180	-121.666
644.533	37.6951	474.416	0	180	-121.693
644.599	37.6669	474.268	0	180	-121.72
644.666	37.6387	474.12	0	180	-121.747
644.733	37.6105	473.973	0	180	-121.775
644.799	37.5823	473.825	0	180	-121.802
644.866	37.5541	473.677	0	180	-121.829
644.932	37.5259	473.53	0	180	-121.856
644.999	37.4977	473.382	0	180	-121.884
645.066	37.4694	473.234	0	180	-121.911
645.132	37.4412	473.086	0	180	-121.938
645.199	37.413	472.939	0	180	-121.965
645.265	37.3848	472.791	0	180	-121.993
645.332	37.3566	472.643	0	180	-122.02
645.399	37.3284	472.496	0	180	-122.047
645.465	37.3002	472.348	0	180	-122.075
645.532	37.272	472.2	0	180	-122.102
645.598	37.2438	472.052	0	180	-122.129
645.665	37.2156	471.905	0	180	-122.156
645.732	37.1873	471.757	0	180	-122.184
645.798	37.1591	471.609	0	180	-122.211
645.865	37.1309	471.462	0	180	-122.238
645.931	37.1027	471.314	0	180	-122.265
645.998	37.0745	471.166	0	180	-122.293
646.065	37.0463	471.018	0	180	-122.32
646.131	37.0181	470.871	0	180	-122.347
646.198	36.9899	470.723	0	180	-122.374
646.264	36.9617	470.575	0	180	-122.402
646.331	36.9334	470.428	0	180	-122.429
646.398	36.9052	470.28	0	180	-122.456
646.464	36.877	470.132	0	180	-122.483
646.531	36.8488	469.984	0	180	-122.511
646.597	36.8206	469.837	0	180	-122.538
646.664	36.7924	469.689	0	180	-122.565
646.731	36.7642	469.541	0	180	-122.593
646.797	36.736	469.394	0	180	-122.62
646.864	36.7078	469.246	0	180	-122.647
646.93	36.6795	469.098	0	180	-122.674
646.997	36.6513	468.95	0	180	-122.702
647.064	36.6231	468.803	0	180	-122.729
647.13	36.5949	468.655	0	180	-122.756
647.197	36.5667	468.507	0	180	-122.783
647.263	36.5385	468.36	0	180	-122.811
647.33	36.5103	468.212	0	180	-122.838
647.397	36.4821	468.064	0	180	-122.865
647.463	36.4539	467.916	0	180	-122.892
647.53	36.4257	467.769	0	180	-122.92
647.596	36.3974	467.621	0	180	-122.947
647.663	36.3692	467.473	0	180	-122.974
647.73	36.341	467.326	0	180	-123.002
647.796	36.3128	467.178	0	180	-123.029
647.863	36.2846	467.03	0	180	-123.056
647.929	36.2564	466.882	0	180	-123.083
647.996	36.2282	466.735	0	180	-123.111
648.063	36.2	466.589	0	180	-123.138
648.129	36.1718	466.444	0	180	-123.165
648.196	36.1435	466.3	0	180	-123.192
648.262	36.1153	466.157	0	180	-123.22
648.329	36.0871	466.015	0	180	-123.247
648.396	36.0589	465.874	0	180	-123.274
648.462	36.0307	465.734	0	180	-123.301
648.529	36.0025	465.595	0	180	-123.329
648.595	35.9743	465.457	0	180	-123.356
648.662	35.9461	465.32	0	180	-123.383
648.729	35.9179	465.184	0	180	-123.41
648.795	35.8896	465.049	0	180	-123.438
648.862	35.8614	464.915	0	180	-123.465
648.928	35.8332	464.782	0	180	-123.492
648.995	35.805	464.65	0	180	-123.52
649.062	35.7768	464.519	0	180	-123.547
649.128	35.7486	464.389	0	180	-123.574
649.195	35.7204	464.26	0	180	-123.601
649.261	35.6922	464.132	0	180	-123.629
649.328	35.664	464.005	0	180	-123.656
649.395	35.6358	463.879	0	180	-123.683
649.461	35.6075	463.754	0	180	-123.71
649.528	35.5793	463.63	0	180	-123.738
649.594	35.5511	463.507	0	180	-123.765
649.661	35.5229	463.385	0	180	-123.792
649.728	35.4947	463.264	0	180	-123.819
649.794	35.4665	463.144	0	180	-123.847
649.861	35.4383	463.025	0	180	-123.874
649.927	35.4101	462.907	0	180	-123.901
649.994	35.3819	462.79	0	180	-123.929
650.061	35.3536	462.674	0	180	-123.956
650.127	35.3254	462.558	0	180	-123.983
650.194	35.2972	462.444	0	180	-124.01
650.26	35.269	462.331	0	180	-124.038
650.327	35.2408	462.219	0	180	-124.065
650.394	35.2126	462.108	0	180	-124.092
650.46	35.1844	461.998	0	180	-124.119
650.527	35.1562	461.889	0	180	-124.147
650.593	35.128	461.781	0	180	-124.174
650.66	35.0997	461.674	0	180	-124.201
650.727	35.0715	461.568	0	180	-124.228
650.793	35.0433	461.463	0	180	-124.256
650.86	35.0151	461.359	0	180	-124.283
650.926	34.9869	461.256	0	180	-124.31
650.993	34.9587	461.154	0	180	-124.337
651.06	34.9305	461.053	0	180	-124.365
651.126	34.9023	460.953	0	180	-124.392
651.193	34.8741	460.854	0	180	-124.419
651.259	34.8459	460.756	0	180	-124.447
651.326	34.8176	460.659	0	180	-124.474
651.393	34.7894	460.563	0	180	-124.501
651.459	34.7612	460.468	0	180	-124.528
651.526	34.733	460.374	0	180	-124.556
651.592	34.7048	460.281	0	180	-124.583
651.659	34.6766	460.189	0	180	-124.61
651.726	34.6484	460.098	0	180	-124.637
651.792	34.6202	460.008	0	180	-124.665
651.859	34.592	459.919	0	180	-124.692
651.925	34.5637	459.831	0	180	-124.719
651.992	34.5355	459.744	0	180	-124.746
652.059	34.5073	459.658	0	180	-124.774
652.125	34.4791	459.573	0	180	-124.801
652.192	34.4509	459.489	0	180	-124.828
652.258	34.4227	459.406	0	180	-124.856
652.325	34.3945	459.324	0	180	-124.883
652.392	34.3663	459.242	0	180	-124.91
652.458	34.3381	459.162	0	180	-124.937
652.525	34.3098	459.083	0	180	-124.965
652.591	34.2816	459.005	0	180	-124.992
652.658	34.2534	458.928	0	180	-125.019
652.725	34.2252	458.852	0	180	-125.046
652.791	34.197	458.777	0	180	-125.074
652.858	34.1688	458.703	0	180	-125.101
652.924	34.1406	458.63	0	180	-125.128
652.991	34.1124	458.558	0	180	-125.155
653.058	34.0842	458.487	0	180	-125.183
653.124	34.056	458.417	0	180	-125.21
653.191	34.0277	458.348	0	180	-125.237
653.257	33.9995	458.28	0	180	-125.265
653.324	33.9713	458.213	0	180	-125.292
653.39	33.9431	458.147	0	180	-125.319
653.455	33.9149	458.082	0	180	-125.346
653.519	33.8867	458.018	0	180	-125.374
653.582	33.8585	457.955	0	180	-125.401
653.644	33.8303	457.893	0	180	-125.428
653.705	33.8021	457.832	0	180	-125.455
653.765	33.7738	457.772	0	180	-125.483
653.824	33.7456	457.713	0	180	-125.51
653.882	33.7174	457.655	0	180	-125.537
653.939	33.6892	457.598	0	180	-125.564
653.995	33.661	457.542	0	180	-125.592
654.05	33.6328	457.487	0	180	-125.619
654.104	33.6046	457.433	0	180	-125.646
654.157	33.5764	457.38	0	180	-125.673
654.209	33.5482	457.328	0	180	-125.701
654.26	33.5199	457.277	0	180	-125.728
654.31	33.4917	457.227	0	180	-125.755
654.359	33.4635	457.178	0	180	-125.783
654.407	33.4353	457.13	0	180	-125.81
654.455	33.4071	457.082	0	180	-125.837
654.501	33.3789	457.036	0	180	-125.864
654.546	33.3507	456.991	0	180	-125.892
654.59	33.3225	456.947	0	180	-125.919
654.633	33.2943	456.904	0	180	-125.946
654.675	33.2661	456.862	0	180	-125.973
654.716	33.2378	456.821	0	180	-126.001
654.756	33.2096	456.781	0	180	-126.028
654.795	33.1814	456.742	0	180	-126.055
654.833	33.1532	456.704	0	180	-126.082
654.87	33.125	456.667	0	180	-126.11
654.906	33.0968	456.631	0	180	-126.137
654.941	33.0686	456.596	0	180	-126.164
654.975	33.0404	456.562	0	180	-126.192
655.008	33.0122	456.529	0	180	-126.219
655.04	32.9839	456.497	0	180	-126.246
655.071	32.9557	456.466	0	180	-126.273
655.101	32.9275	456.436	0	180	-126.301
655.13	32.8993	456.407	0	180	-126.328
655.158	32.8713	456.379	0	180	-126.355
655.185	32.8443	456.352	0	180	-126.382
655.211	32.8183	456.326	0	180	-126.408
655.236	32.7932	456.301	0	180	-126.433
655.26	32.7692	456.277	0	180	-126.457
655.283	32.7462	456.254	0	180	-126.48
655.305	32.7242	456.232	0	180	-126.502
655.326	32.7031	456.211	0	180	-126.523
655.346	32.6831	456.191	0	180	-126.543
655.365	32.6641	456.172	0	180	-126.562
655.383	32.646	456.154	0	180	-126.58
655.4	32.629	456.137	0	180	-126.597
655.416	32.613	456.121	0	180	-126.613
655.431	32.598	456.106	0	180	-126.628
655.445	32.5839	456.092	0	180	-126.642
655.459	32.5709	456.078	0	180	-126.656
655.471	32.5589	456.066	0	180	-126.668
655.482	32.5478	456.055	0	180	-126.679
655.492	32.5378	456.045	0	180	-126.689
655.501	32.5288	456.036	0	180	-126.698
655.509	32.5207	456.028	0	180	-126.706
655.516	32.5137	456.021	0	180	-126.713
655.522	32.5077	456.015	0	180	-126.719
655.527	32.5027	456.01	0	180	-126.724
655.531	32.4986	456.006	0	180	-126.728
655.534	32.4956	456.003	0	180	-126.731
655.536	32.4936	456.001	0	180	-126.733
655.537	32.4925	456	0	180	-126.734
