655.537	32.4924	456	0	180	-126.734
655.537	32.4929	456.001	0	180	-126.733
655.535	32.4944	456.002	0	180	-126.732
655.533	32.4969	456.005	0	180	-126.729
655.529	32.5004	456.008	0	180	-126.726
655.525	32.5049	456.013	0	180	-126.721
655.519	32.5104	456.018	0	180	-126.716
655.513	32.5169	456.024	0	180	-126.709
655.505	32.5244	456.032	0	180	-126.702
655.497	32.5329	456.041	0	180	-126.693
655.487	32.5424	456.05	0	180	-126.684
655.476	32.5529	456.061	0	180	-126.673
655.465	32.5644	456.072	0	180	-126.662
655.452	32.5769	456.084	0	180	-126.649
655.439	32.5904	456.098	0	180	-126.636
655.425	32.6049	456.113	0	180	-126.621
655.409	32.6204	456.128	0	180	-126.606
655.393	32.6369	456.144	0	180	-126.589
655.375	32.6544	456.162	0	180	-126.572
655.356	32.6729	456.18	0	180	-126.553
655.337	32.6924	456.2	0	180	-126.534
655.317	32.7129	456.221	0	180	-126.513
655.295	32.7344	456.242	0	180	-126.492
655.273	32.7569	456.264	0	180	-126.469
655.249	32.7804	456.288	0	180	-126.446
655.225	32.8049	456.312	0	180	-126.421
655.199	32.8304	456.338	0	180	-126.396
655.173	32.8569	456.365	0	180	-126.369
655.145	32.8844	456.392	0	180	-126.342
655.116	32.9129	456.421	0	180	-126.313
655.087	32.9424	456.45	0	180	-126.284
655.057	32.9729	456.481	0	180	-126.253
655.025	33.0043	456.512	0	180	-126.222
654.993	33.0359	456.545	0	180	-126.189
654.959	33.0675	456.578	0	180	-126.156
654.924	33.099	456.613	0	180	-126.121
654.889	33.1306	456.648	0	180	-126.086
654.853	33.1622	456.685	0	180	-126.049
654.815	33.1938	456.722	0	180	-126.012
654.776	33.2253	456.761	0	180	-125.973
654.737	33.2569	456.8	0	180	-125.934
654.697	33.2885	456.841	0	180	-125.894
654.655	33.32	456.882	0	180	-125.854
654.613	33.3516	456.925	0	180	-125.814
654.569	33.3832	456.968	0	180	-125.773
654.525	33.4148	457.013	0	180	-125.733
654.479	33.4463	457.058	0	180	-125.693
654.433	33.4779	457.105	0	180	-125.653
654.385	33.5095	457.152	0	180	-125.613
654.337	33.5411	457.201	0	180	-125.573
654.287	33.5726	457.25	0	180	-125.533
654.236	33.6042	457.3	0	180	-125.493
654.185	33.6358	457.352	0	180	-125.452
654.133	33.6674	457.404	0	180	-125.412
654.079	33.6989	457.458	0	180	-125.372
654.024	33.7305	457.512	0	180	-125.332
653.969	33.7621	457.568	0	180	-125.292
653.913	33.7937	457.625	0	180	-125.252
653.855	33.8252	457.682	0	180	-125.212
653.797	33.8568	457.74	0	180	-125.171
653.737	33.8884	457.8	0	180	-125.131
653.677	33.92	457.861	0	180	-125.091
653.615	33.9515	457.922	0	180	-125.051
653.553	33.9831	457.985	0	180	-125.011
653.489	34.0147	458.048	0	180	-124.971
653.425	34.0462	458.113	0	180	-124.931
653.359	34.0778	458.178	0	180	-124.891
653.293	34.1094	458.245	0	180	-124.85
653.225	34.141	458.312	0	180	-124.81
653.157	34.1725	458.381	0	180	-124.77
653.087	34.2041	458.45	0	180	-124.73
653.016	34.2357	458.52	0	180	-124.69
652.945	34.2673	458.592	0	180	-124.65
652.873	34.2988	458.665	0	180	-124.61
652.799	34.3304	458.738	0	180	-124.569
652.725	34.362	458.812	0	180	-124.529
652.651	34.3936	458.888	0	180	-124.489
652.577	34.4251	458.964	0	180	-124.449
652.504	34.4567	459.042	0	180	-124.409
652.43	34.4883	459.121	0	180	-124.369
652.356	34.5199	459.2	0	180	-124.329
652.282	34.5514	459.281	0	180	-124.289
652.208	34.583	459.362	0	180	-124.248
652.134	34.6146	459.445	0	180	-124.208
652.061	34.6462	459.528	0	180	-124.168
651.987	34.6777	459.613	0	180	-124.128
651.913	34.7093	459.698	0	180	-124.088
651.839	34.7409	459.785	0	180	-124.048
651.765	34.7724	459.872	0	180	-124.008
651.691	34.804	459.96	0	180	-123.968
651.618	34.8356	460.049	0	180	-123.927
651.544	34.8672	460.138	0	180	-123.887
651.47	34.8987	460.227	0	180	-123.847
651.396	34.9303	460.316	0	180	-123.807
651.322	34.9619	460.405	0	180	-123.767
651.248	34.9935	460.494	0	180	-123.727
651.175	35.025	460.583	0	180	-123.687
651.101	35.0566	460.672	0	180	-123.646
651.027	35.0882	460.761	0	180	-123.606
650.953	35.1198	460.85	0	180	-123.566
650.879	35.1513	460.939	0	180	-123.526
650.805	35.1829	461.028	0	180	-123.486
650.731	35.2145	461.117	0	180	-123.446
650.658	35.2461	461.206	0	180	-123.406
650.584	35.2776	461.295	0	180	-123.366
650.51	35.3092	461.384	0	180	-123.325
650.436	35.3408	461.473	0	180	-123.285
650.362	35.3723	461.562	0	180	-123.245
650.288	35.4039	461.651	0	180	-123.205
650.215	35.4355	461.74	0	180	-123.165
650.141	35.4671	461.829	0	180	-123.125
650.067	35.4986	461.918	0	180	-123.085
649.993	35.5302	462.007	0	180	-123.044
649.919	35.5618	462.096	0	180	-123.004
649.845	35.5934	462.185	0	180	-122.964
649.772	35.6249	462.274	0	180	-122.924
649.698	35.6565	462.363	0	180	-122.884
649.624	35.6881	462.452	0	180	-122.844
649.55	35.7197	462.541	0	180	-122.804
649.476	35.7512	462.63	0	180	-122.764
649.402	35.7828	462.719	0	180	-122.723
649.328	35.8144	462.808	0	180	-122.683
649.255	35.846	462.897	0	180	-122.643
649.181	35.8775	462.986	0	180	-122.603
649.107	35.9091	463.075	0	180	-122.563
649.033	35.9407	463.164	0	180	-122.523
648.959	35.9723	463.253	0	180	-122.483
648.885	36.0038	463.342	0	180	-122.442
648.812	36.0354	463.431	0	180	-122.402
648.738	36.067	463.52	0	180	-122.362
648.664	36.0985	463.609	0	180	-122.322
648.59	36.1301	463.698	0	180	-122.282
648.516	36.1617	463.787	0	180	-122.242
648.442	36.1933	463.876	0	180	-122.202
648.369	36.2248	463.965	0	180	-122.162
648.295	36.2564	464.054	0	180	-122.121
648.221	36.288	464.143	0	180	-122.081
648.147	36.3196	464.232	0	180	-122.041
648.073	36.3511	464.321	0	180	-122.001
647.999	36.3827	464.41	0	180	-121.961
647.926	36.4143	464.499	0	180	-121.921
647.852	36.4459	464.588	0	180	-121.881
647.778	36.4774	464.677	0	180	-121.84
647.704	36.509	464.766	0	180	-121.8
647.63	36.5406	464.855	0	180	-121.76
647.556	36.5722	464.944	0	180	-121.72
647.482	36.6037	465.033	0	180	-121.68
647.409	36.6353	465.122	0	180	-121.64
647.335	36.6669	465.211	0	180	-121.6
647.261	36.6985	465.3	0	180	-121.56
647.187	36.73	465.389	0	180	-121.519
647.113	36.7616	465.478	0	180	-121.479
647.039	36.7932	465.567	0	180	-121.439
646.966	36.8247	465.656	0	180	-121.399
646.892	36.8563	465.745	0	180	-121.359
646.818	36.8879	465.834	0	180	-121.319
646.744	36.9195	465.923	0	180	-121.279
646.67	36.951	466.012	0	180	-121.238
646.596	36.9826	466.101	0	180	-121.198
646.523	37.0142	466.19	0	180	-121.158
646.449	37.0458	466.279	0	180	-121.118
646.375	37.0773	466.368	0	180	-121.078
646.301	37.1089	466.457	0	180	-121.038
646.227	37.1405	466.546	0	180	-120.998
646.153	37.1721	466.635	0	180	-120.958
646.08	37.2036	466.724	0	180	-120.917
646.006	37.2352	466.813	0	180	-120.877
645.932	37.2668	466.902	0	180	-120.837
645.858	37.2984	466.991	0	180	-120.797
645.784	37.3299	467.08	0	180	-120.757
645.71	37.3615	467.169	0	180	-120.717
645.636	37.3931	467.258	0	180	-120.677
645.563	37.4247	467.347	0	180	-120.636
645.489	37.4562	467.436	0	180	-120.596
645.415	37.4878	467.525	0	180	-120.556
645.341	37.5194	467.614	0	180	-120.516
645.267	37.5509	467.703	0	180	-120.476
645.193	37.5825	467.792	0	180	-120.436
645.12	37.6141	467.881	0	180	-120.396
645.046	37.6457	467.97	0	180	-120.356
644.972	37.6772	468.059	0	180	-120.315
644.898	37.7088	468.148	0	180	-120.275
644.824	37.7404	468.237	0	180	-120.235
644.75	37.772	468.326	0	180	-120.195
644.677	37.8035	468.415	0	180	-120.155
644.603	37.8351	468.504	0	180	-120.115
644.529	37.8667	468.593	0	180	-120.075
644.455	37.8983	468.682	0	180	-120.035
644.381	37.9298	468.771	0	180	-119.994
644.307	37.9614	468.86	0	180	-119.954
644.233	37.993	468.949	0	180	-119.914
644.16	38.0246	469.038	0	180	-119.874
644.086	38.0561	469.127	0	180	-119.834
644.012	38.0877	469.216	0	180	-119.794
643.938	38.1193	469.305	0	180	-119.754
643.864	38.1509	469.394	0	180	-119.713
643.79	38.1824	469.483	0	180	-119.673
643.717	38.214	469.572	0	180	-119.633
643.643	38.2456	469.661	0	180	-119.593
643.569	38.2771	469.75	0	180	-119.553
643.495	38.3087	469.839	0	180	-119.513
643.421	38.3403	469.928	0	180	-119.473
643.347	38.3719	470.017	0	180	-119.433
643.274	38.4034	470.106	0	180	-119.392
643.2	38.435	470.195	0	180	-119.352
643.126	38.4666	470.284	0	180	-119.312
643.052	38.4982	470.373	0	180	-119.272
642.978	38.5297	470.462	0	180	-119.232
642.904	38.5613	470.551	0	180	-119.192
642.831	38.5929	470.64	0	180	-119.152
642.757	38.6245	470.729	0	180	-119.111
642.683	38.656	470.818	0	180	-119.071
642.609	38.6876	470.907	0	180	-119.031
642.535	38.7192	470.996	0	180	-118.991
642.461	38.7508	471.085	0	180	-118.951
642.387	38.7823	471.174	0	180	-118.911
642.314	38.8139	471.263	0	180	-118.871
642.24	38.8455	471.352	0	180	-118.831
642.166	38.877	471.441	0	180	-118.79
642.092	38.9086	471.53	0	180	-118.75
642.018	38.9402	471.619	0	180	-118.71
641.944	38.9718	471.708	0	180	-118.67
641.871	39.0033	471.797	0	180	-118.63
641.797	39.0349	471.886	0	180	-118.59
641.723	39.0665	471.975	0	180	-118.55
641.649	39.0981	472.064	0	180	-118.509
641.575	39.1296	472.153	0	180	-118.469
641.501	39.1612	472.242	0	180	-118.429
641.428	39.1928	472.331	0	180	-118.389
641.354	39.2244	472.42	0	180	-118.349
641.28	39.2559	472.509	0	180	-118.309
641.206	39.2875	472.598	0	180	-118.269
641.132	39.3191	472.687	0	180	-118.229
641.058	39.3507	472.776	0	180	-118.188
640.984	39.3822	472.865	0	180	-118.148
640.911	39.4138	472.954	0	180	-118.108
640.837	39.4454	473.043	0	180	-118.068
640.763	39.477	473.132	0	180	-118.028
640.689	39.5085	473.221	0	180	-117.988
640.615	39.5401	473.31	0	180	-117.948
640.541	39.5717	473.399	0	180	-117.907
640.468	39.6032	473.488	0	180	-117.867
640.394	39.6348	473.577	0	180	-117.827
640.32	39.6664	473.666	0	180	-117.787
640.246	39.698	473.755	0	180	-117.747
640.172	39.7295	473.844	0	180	-117.707
640.098	39.7611	473.933	0	180	-117.667
640.025	39.7927	474.022	0	180	-117.627
639.951	39.8243	474.111	0	180	-117.586
639.877	39.8558	474.2	0	180	-117.546
639.803	39.8874	474.289	0	180	-117.506
639.729	39.919	474.378	0	180	-117.466
639.655	39.9506	474.467	0	180	-117.426
639.582	39.9821	474.556	0	180	-117.386
639.508	40.0137	474.645	0	180	-117.346
639.434	40.0453	474.734	0	180	-117.305
639.36	40.0769	474.823	0	180	-117.265
639.286	40.1084	474.912	0	180	-117.225
639.212	40.14	475.001	0	180	-117.185
639.138	40.1716	475.09	0	180	-117.145
639.065	40.2032	475.179	0	180	-117.105
638.991	40.2347	475.268	0	180	-117.065
638.917	40.2663	475.357	0	180	-117.025
638.843	40.2979	475.446	0	180	-116.984
638.769	40.3294	475.535	0	180	-116.944
638.695	40.361	475.624	0	180	-116.904
638.622	40.3926	475.713	0	180	-116.864
638.548	40.4242	475.802	0	180	-116.824
638.474	40.4557	475.891	0	180	-116.784
638.4	40.4873	475.98	0	180	-116.744
638.326	40.5189	476.069	0	180	-116.703
638.252	40.5505	476.158	0	180	-116.663
638.179	40.582	476.247	0	180	-116.623
638.105	40.6136	476.336	0	180	-116.583
638.031	40.6452	476.425	0	180	-116.543
637.957	40.6768	476.514	0	180	-116.503
637.883	40.7083	476.603	0	180	-116.463
637.809	40.7399	476.692	0	180	-116.423
637.735	40.7715	476.781	0	180	-116.382
637.662	40.8031	476.87	0	180	-116.342
637.588	40.8346	476.959	0	180	-116.302
637.514	40.8662	477.048	0	180	-116.262
637.44	40.8978	477.137	0	180	-116.222
637.366	40.9294	477.226	0	180	-116.182
637.292	40.9609	477.315	0	180	-116.142
637.219	40.9925	477.404	0	180	-116.102
637.145	41.0241	477.493	0	180	-116.061
637.071	41.0556	477.582	0	180	-116.021
636.997	41.0872	477.671	0	180	-115.981
636.923	41.1188	477.76	0	180	-115.941
636.849	41.1504	477.849	0	180	-115.901
636.776	41.1819	477.938	0	180	-115.861
636.702	41.2135	478.027	0	180	-115.821
636.628	41.2451	478.116	0	180	-115.78
636.554	41.2767	478.205	0	180	-115.74
636.48	41.3082	478.294	0	180	-115.7
636.406	41.3398	478.383	0	180	-115.66
636.333	41.3714	478.472	0	180	-115.62
636.259	41.403	478.561	0	180	-115.58
636.185	41.4345	478.65	0	180	-115.54
636.111	41.4661	478.739	0	180	-115.5
636.037	41.4977	478.828	0	180	-115.459
635.963	41.5293	478.917	0	180	-115.419
635.889	41.5608	479.006	0	180	-115.379
635.816	41.5924	479.095	0	180	-115.339
635.742	41.624	479.184	0	180	-115.299
635.668	41.6556	479.273	0	180	-115.259
635.594	41.6871	479.362	0	180	-115.219
635.52	41.7187	479.451	0	180	-115.178
635.446	41.7503	479.54	0	180	-115.138
635.373	41.7818	479.629	0	180	-115.098
635.299	41.8134	479.718	0	180	-115.058
635.225	41.845	479.807	0	180	-115.018
635.151	41.8766	479.896	0	180	-114.978
635.077	41.9081	479.985	0	180	-114.938
635.003	41.9397	480.074	0	180	-114.898
634.93	41.9713	480.163	0	180	-114.857
634.856	42.0029	480.252	0	180	-114.817
634.782	42.0344	480.341	0	180	-114.777
634.708	42.066	480.43	0	180	-114.737
634.634	42.0976	480.519	0	180	-114.697
634.56	42.1292	480.608	0	180	-114.657
634.487	42.1607	480.697	0	180	-114.617
634.413	42.1923	480.786	0	180	-114.576
634.339	42.2239	480.875	0	180	-114.536
634.265	42.2555	480.964	0	180	-114.496
634.191	42.287	481.053	0	180	-114.456
634.117	42.3186	481.142	0	180	-114.416
634.043	42.3502	481.231	0	180	-114.376
633.97	42.3817	481.32	0	180	-114.336
633.896	42.4133	481.409	0	180	-114.296
633.822	42.4449	481.498	0	180	-114.255
633.748	42.4765	481.587	0	180	-114.215
633.674	42.508	481.676	0	180	-114.175
633.6	42.5396	481.765	0	180	-114.135
633.527	42.5712	481.854	0	180	-114.095
633.453	42.6028	481.943	0	180	-114.055
633.379	42.6343	482.032	0	180	-114.015
633.305	42.6659	482.121	0	180	-113.974
633.231	42.6975	482.21	0	180	-113.934
633.157	42.7291	482.299	0	180	-113.894
633.084	42.7606	482.388	0	180	-113.854
633.01	42.7922	482.477	0	180	-113.814
632.936	42.8238	482.566	0	180	-113.774
632.862	42.8554	482.655	0	180	-113.734
632.788	42.8869	482.744	0	180	-113.694
632.714	42.9185	482.833	0	180	-113.653
632.64	42.9501	482.922	0	180	-113.613
632.567	42.9817	483.011	0	180	-113.573
632.493	43.0132	483.1	0	180	-113.533
632.419	43.0448	483.189	0	180	-113.493
632.345	43.0764	483.278	0	180	-113.453
632.271	43.1079	483.367	0	180	-113.413
632.197	43.1395	483.456	0	180	-113.372
632.124	43.1711	483.545	0	180	-113.332
632.05	43.2027	483.634	0	180	-113.292
631.976	43.2342	483.723	0	180	-113.252
631.902	43.2658	483.812	0	180	-113.212
631.828	43.2974	483.901	0	180	-113.172
631.754	43.329	483.99	0	180	-113.132
631.681	43.3605	484.079	0	180	-113.092
631.607	43.3921	484.168	0	180	-113.051
631.533	43.4237	484.257	0	180	-113.011
631.459	43.4553	484.346	0	180	-112.971
631.385	43.4868	484.435	0	180	-112.931
631.311	43.5184	484.524	0	180	-112.891
631.238	43.55	484.613	0	180	-112.851
631.164	43.5816	484.702	0	180	-112.811
631.09	43.6131	484.791	0	180	-112.77
631.016	43.6447	484.88	0	180	-112.73
630.942	43.6763	484.969	0	180	-112.69
630.868	43.7079	485.058	0	180	-112.65
630.794	43.7394	485.147	0	180	-112.61
630.721	43.771	485.236	0	180	-112.57
630.647	43.8026	485.325	0	180	-112.53
630.573	43.8341	485.414	0	180	-112.49
630.499	43.8657	485.503	0	180	-112.449
630.425	43.8973	485.592	0	180	-112.409
630.351	43.9289	485.681	0	180	-112.369
630.278	43.9604	485.77	0	180	-112.329
630.204	43.992	485.859	0	180	-112.289
630.13	44.0236	485.948	0	180	-112.249
630.056	44.0552	486.037	0	180	-112.209
629.982	44.0867	486.126	0	180	-112.169
629.908	44.1183	486.215	0	180	-112.128
629.835	44.1499	486.304	0	180	-112.088
629.761	44.1815	486.393	0	180	-112.048
629.687	44.213	486.482	0	180	-112.008
629.613	44.2446	486.571	0	180	-111.968
629.539	44.2762	486.66	0	180	-111.928
629.465	44.3078	486.749	0	180	-111.888
629.391	44.3393	486.838	0	180	-111.847
629.318	44.3709	486.927	0	180	-111.807
629.244	44.4025	487.016	0	180	-111.767
629.17	44.4341	487.105	0	180	-111.727
629.096	44.4656	487.194	0	180	-111.687
629.022	44.4972	487.283	0	180	-111.647
628.948	44.5288	487.372	0	180	-111.607
628.875	44.5603	487.461	0	180	-111.567
628.801	44.5919	487.55	0	180	-111.526
628.727	44.6235	487.639	0	180	-111.486
628.653	44.6551	487.728	0	180	-111.446
628.579	44.6866	487.817	0	180	-111.406
628.505	44.7182	487.906	0	180	-111.366
628.432	44.7498	487.995	0	180	-111.326
628.358	44.7814	488.084	0	180	-111.286
628.284	44.8129	488.173	0	180	-111.245
628.21	44.8445	488.262	0	180	-111.205
628.136	44.8761	488.351	0	180	-111.165
628.062	44.9077	488.44	0	180	-111.125
627.989	44.9392	488.529	0	180	-111.085
627.915	44.9708	488.617	0	180	-111.045
627.841	45.0024	488.706	0	180	-111.005
627.767	45.034	488.795	0	180	-110.965
627.693	45.0655	488.884	0	180	-110.924
627.619	45.0971	488.973	0	180	-110.884
627.545	45.1287	489.062	0	180	-110.844
627.472	45.1602	489.151	0	180	-110.804
627.398	45.1918	489.24	0	180	-110.764
627.324	45.2234	489.329	0	180	-110.724
627.25	45.255	489.418	0	180	-110.684
627.176	45.2865	489.507	0	180	-110.643
627.102	45.3181	489.596	0	180	-110.603
627.029	45.3497	489.685	0	180	-110.563
626.955	45.3813	489.774	0	180	-110.523
626.881	45.4128	489.863	0	180	-110.483
626.807	45.4444	489.952	0	180	-110.443
626.733	45.476	490.041	0	180	-110.403
626.659	45.5076	490.13	0	180	-110.363
626.586	45.5391	490.219	0	180	-110.322
626.512	45.5707	490.308	0	180	-110.282
626.438	45.6023	490.397	0	180	-110.242
626.364	45.6339	490.486	0	180	-110.202
626.29	45.6654	490.575	0	180	-110.162
626.216	45.697	490.664	0	180	-110.122
626.142	45.7286	490.753	0	180	-110.082
626.069	45.7602	490.842	0	180	-110.041
625.995	45.7917	490.931	0	180	-110.001
625.921	45.8233	491.02	0	180	-109.961
625.847	45.8549	491.109	0	180	-109.921
625.773	45.8864	491.198	0	180	-109.881
625.699	45.918	491.287	0	180	-109.841
625.626	45.9496	491.376	0	180	-109.801
625.552	45.9812	491.465	0	180	-109.761
625.478	46.0127	491.554	0	180	-109.72
625.404	46.0443	491.643	0	180	-109.68
625.33	46.0759	491.732	0	180	-109.64
625.256	46.1075	491.821	0	180	-109.6
625.183	46.139	491.91	0	180	-109.56
625.109	46.1706	491.999	0	180	-109.52
625.035	46.2022	492.088	0	180	-109.48
624.961	46.2338	492.177	0	180	-109.439
624.887	46.2653	492.266	0	180	-109.399
624.813	46.2969	492.355	0	180	-109.359
624.74	46.3285	492.444	0	180	-109.319
624.666	46.3601	492.533	0	180	-109.279
624.592	46.3916	492.622	0	180	-109.239
624.518	46.4232	492.711	0	180	-109.199
624.444	46.4548	492.8	0	180	-109.159
624.37	46.4864	492.889	0	180	-109.118
624.296	46.5179	492.978	0	180	-109.078
624.223	46.5495	493.067	0	180	-109.038
624.149	46.5811	493.156	0	180	-108.998
624.075	46.6126	493.245	0	180	-108.958
624.001	46.6442	493.334	0	180	-108.918
623.927	46.6758	493.423	0	180	-108.878
623.853	46.7074	493.512	0	180	-108.837
623.78	46.7389	493.601	0	180	-108.797
623.706	46.7705	493.69	0	180	-108.757
623.632	46.8021	493.779	0	180	-108.717
623.558	46.8337	493.868	0	180	-108.677
623.484	46.8652	493.957	0	180	-108.637
623.41	46.8968	494.046	0	180	-108.597
623.337	46.9284	494.135	0	180	-108.557
623.263	46.96	494.224	0	180	-108.516
623.189	46.9915	494.313	0	180	-108.476
623.115	47.0231	494.402	0	180	-108.436
623.041	47.0547	494.491	0	180	-108.396
622.967	47.0863	494.58	0	180	-108.356
622.894	47.1178	494.669	0	180	-108.316
622.82	47.1494	494.758	0	180	-108.276
622.746	47.181	494.847	0	180	-108.235
622.672	47.2126	494.936	0	180	-108.195
622.598	47.2441	495.025	0	180	-108.155
622.524	47.2757	495.114	0	180	-108.115
622.45	47.3073	495.203	0	180	-108.075
622.377	47.3388	495.292	0	180	-108.035
622.303	47.3704	495.381	0	180	-107.995
622.229	47.402	495.47	0	180	-107.955
622.155	47.4336	495.559	0	180	-107.914
622.081	47.4651	495.648	0	180	-107.874
622.007	47.4967	495.737	0	180	-107.834
621.934	47.5283	495.826	0	180	-107.794
621.86	47.5599	495.915	0	180	-107.754
621.786	47.5914	496.004	0	180	-107.714
621.712	47.623	496.093	0	180	-107.674
621.638	47.6546	496.182	0	180	-107.634
621.564	47.6862	496.271	0	180	-107.593
621.491	47.7177	496.36	0	180	-107.553
621.417	47.7493	496.449	0	180	-107.513
621.343	47.7809	496.538	0	180	-107.473
621.269	47.8125	496.627	0	180	-107.433
621.195	47.844	496.716	0	180	-107.393
621.121	47.8756	496.805	0	180	-107.353
621.047	47.9072	496.894	0	180	-107.312
620.974	47.9388	496.983	0	180	-107.272
620.9	47.9703	497.072	0	180	-107.232
620.826	48.0019	497.161	0	180	-107.192
620.752	48.0335	497.25	0	180	-107.152
620.678	48.065	497.339	0	180	-107.112
620.604	48.0966	497.428	0	180	-107.072
620.531	48.1282	497.517	0	180	-107.032
620.457	48.1598	497.606	0	180	-106.991
620.383	48.1913	497.695	0	180	-106.951
620.309	48.2229	497.784	0	180	-106.911
620.235	48.2545	497.873	0	180	-106.871
620.161	48.2861	497.962	0	180	-106.831
620.088	48.3176	498.051	0	180	-106.791
620.014	48.3492	498.14	0	180	-106.751
619.94	48.3808	498.229	0	180	-106.71
619.866	48.4124	498.318	0	180	-106.67
619.792	48.4439	498.407	0	180	-106.63
619.718	48.4755	498.496	0	180	-106.59
619.645	48.5071	498.585	0	180	-106.55
619.571	48.5387	498.674	0	180	-106.51
619.497	48.5702	498.763	0	180	-106.47
619.423	48.6018	498.852	0	180	-106.43
619.349	48.6334	498.941	0	180	-106.389
619.275	48.6649	499.03	0	180	-106.349
619.201	48.6965	499.119	0	180	-106.309
619.128	48.7281	499.208	0	180	-106.269
619.054	48.7597	499.297	0	180	-106.229
618.98	48.7912	499.386	0	180	-106.189
618.906	48.8228	499.475	0	180	-106.149
618.832	48.8544	499.564	0	180	-106.108
618.758	48.886	499.653	0	180	-106.068
618.685	48.9175	499.742	0	180	-106.028
618.611	48.9491	499.831	0	180	-105.988
618.537	48.9807	499.92	0	180	-105.948
618.463	49.0123	500.009	0	180	-105.908
618.389	49.0438	500.098	0	180	-105.868
618.315	49.0754	500.187	0	180	-105.828
618.242	49.107	500.276	0	180	-105.787
618.168	49.1386	500.365	0	180	-105.747
618.094	49.1701	500.454	0	180	-105.707
618.02	49.2017	500.543	0	180	-105.667
617.946	49.2333	500.632	0	180	-105.627
617.872	49.2649	500.721	0	180	-105.587
617.798	49.2964	500.81	0	180	-105.547
617.725	49.328	500.899	0	180	-105.506
617.651	49.3596	500.988	0	180	-105.466
617.577	49.3911	501.077	0	180	-105.426
617.503	49.4227	501.166	0	180	-105.386
617.429	49.4543	501.255	0	180	-105.346
617.355	49.4859	501.344	0	180	-105.306
617.282	49.5174	501.433	0	180	-105.266
617.208	49.549	501.522	0	180	-105.226
617.134	49.5806	501.611	0	180	-105.185
617.06	49.6122	501.7	0	180	-105.145
616.986	49.6437	501.789	0	180	-105.105
616.912	49.6753	501.878	0	180	-105.065
616.839	49.7069	501.967	0	180	-105.025
616.765	49.7385	502.056	0	180	-104.985
616.691	49.77	502.145	0	180	-104.945
616.617	49.8016	502.234	0	180	-104.904
616.543	49.8332	502.323	0	180	-104.864
616.469	49.8648	502.412	0	180	-104.824
616.396	49.8963	502.501	0	180	-104.784
616.322	49.9279	502.59	0	180	-104.744
616.248	49.9595	502.679	0	180	-104.704
616.174	49.9911	502.768	0	180	-104.664
616.1	50.0226	502.857	0	180	-104.624
616.026	50.0542	502.946	0	180	-104.583
615.952	50.0858	503.035	0	180	-104.543
615.879	50.1173	503.124	0	180	-104.503
615.805	50.1489	503.213	0	180	-104.463
615.731	50.1805	503.302	0	180	-104.423
615.657	50.2121	503.391	0	180	-104.383
615.583	50.2436	503.48	0	180	-104.343
615.509	50.2752	503.569	0	180	-104.302
615.436	50.3068	503.658	0	180	-104.262
615.362	50.3384	503.747	0	180	-104.222
615.288	50.3699	503.836	0	180	-104.182
615.214	50.4015	503.925	0	180	-104.142
615.14	50.4331	504.014	0	180	-104.102
615.066	50.4647	504.103	0	180	-104.062
614.993	50.4962	504.192	0	180	-104.022
614.919	50.5278	504.281	0	180	-103.981
614.845	50.5594	504.37	0	180	-103.941
614.771	50.591	504.459	0	180	-103.901
614.697	50.6225	504.548	0	180	-103.861
614.623	50.6541	504.637	0	180	-103.821
614.55	50.6857	504.726	0	180	-103.781
614.476	50.7173	504.815	0	180	-103.741
614.402	50.7488	504.904	0	180	-103.701
614.328	50.7804	504.993	0	180	-103.66
614.254	50.812	505.082	0	180	-103.62
614.18	50.8435	505.171	0	180	-103.58
614.106	50.8751	505.26	0	180	-103.54
614.033	50.9067	505.349	0	180	-103.5
613.959	50.9383	505.438	0	180	-103.46
613.885	50.9698	505.527	0	180	-103.42
613.811	51.0014	505.616	0	180	-103.379
613.737	51.033	505.705	0	180	-103.339
613.663	51.0646	505.794	0	180	-103.299
613.59	51.0961	505.883	0	180	-103.259
613.516	51.1277	505.972	0	180	-103.219
613.442	51.1593	506.061	0	180	-103.179
613.368	51.1909	506.15	0	180	-103.139
613.294	51.2224	506.239	0	180	-103.099
613.22	51.254	506.328	0	180	-103.058
613.147	51.2856	506.417	0	180	-103.018
613.073	51.3172	506.506	0	180	-102.978
612.999	51.3487	506.595	0	180	-102.938
612.925	51.3803	506.684	0	180	-102.898
612.851	51.4119	506.773	0	180	-102.858
612.777	51.4435	506.862	0	180	-102.818
612.703	51.475	506.951	0	180	-102.777
612.63	51.5066	507.04	0	180	-102.737
612.556	51.5382	507.129	0	180	-102.697
612.482	51.5697	507.218	0	180	-102.657
612.408	51.6013	507.307	0	180	-102.617
612.334	51.6329	507.396	0	180	-102.577
612.26	51.6645	507.485	0	180	-102.537
612.187	51.696	507.574	0	180	-102.497
612.113	51.7276	507.663	0	180	-102.456
612.039	51.7592	507.752	0	180	-102.416
611.965	51.7908	507.841	0	180	-102.376
611.891	51.8223	507.93	0	180	-102.336
611.817	51.8539	508.019	0	180	-102.296
611.744	51.8855	508.108	0	180	-102.256
611.67	51.9171	508.197	0	180	-102.216
611.596	51.9486	508.286	0	180	-102.175
611.522	51.9802	508.375	0	180	-102.135
611.448	52.0118	508.464	0	180	-102.095
611.374	52.0434	508.553	0	180	-102.055
611.301	52.0749	508.642	0	180	-102.015
611.227	52.1065	508.731	0	180	-101.975
611.153	52.1381	508.82	0	180	-101.935
611.079	52.1696	508.909	0	180	-101.895
611.005	52.2012	508.998	0	180	-101.854
610.931	52.2328	509.087	0	180	-101.814
610.857	52.2644	509.176	0	180	-101.774
610.784	52.2959	509.265	0	180	-101.734
610.71	52.3275	509.354	0	180	-101.694
610.636	52.3591	509.443	0	180	-101.654
610.562	52.3907	509.532	0	180	-101.614
610.488	52.4222	509.621	0	180	-101.573
610.414	52.4538	509.71	0	180	-101.533
610.341	52.4854	509.799	0	180	-101.493
610.267	52.517	509.888	0	180	-101.453
610.193	52.5485	509.977	0	180	-101.413
610.119	52.5801	510.066	0	180	-101.373
610.045	52.6117	510.155	0	180	-101.333
609.971	52.6433	510.244	0	180	-101.293
609.898	52.6748	510.333	0	180	-101.252
609.824	52.7064	510.422	0	180	-101.212
609.75	52.738	510.511	0	180	-101.172
609.676	52.7696	510.6	0	180	-101.132
609.602	52.8011	510.689	0	180	-101.092
609.528	52.8327	510.778	0	180	-101.052
609.454	52.8643	510.867	0	180	-101.012
609.381	52.8958	510.956	0	180	-100.971
609.307	52.9274	511.045	0	180	-100.931
609.233	52.959	511.134	0	180	-100.891
609.159	52.9906	511.223	0	180	-100.851
609.085	53.0221	511.312	0	180	-100.811
609.011	53.0537	511.401	0	180	-100.771
608.938	53.0853	511.49	0	180	-100.731
608.864	53.1169	511.579	0	180	-100.691
608.79	53.1484	511.668	0	180	-100.65
608.716	53.18	511.757	0	180	-100.61
608.642	53.2116	511.846	0	180	-100.57
608.568	53.2432	511.935	0	180	-100.53
608.495	53.2747	512.024	0	180	-100.49
608.421	53.3063	512.113	0	180	-100.45
608.347	53.3379	512.202	0	180	-100.41
608.273	53.3695	512.291	0	180	-100.369
608.199	53.401	512.38	0	180	-100.329
608.125	53.4326	512.469	0	180	-100.289
608.052	53.4642	512.558	0	180	-100.249
607.978	53.4958	512.647	0	180	-100.209
607.904	53.5273	512.736	0	180	-100.169
607.83	53.5589	512.825	0	180	-100.129
607.756	53.5905	512.914	0	180	-100.089
607.682	53.622	513.003	0	180	-100.048
607.608	53.6536	513.092	0	180	-100.008
607.535	53.6852	513.181	0	180	-99.9682
607.461	53.7168	513.27	0	180	-99.928
607.387	53.7483	513.359	0	180	-99.8879
607.313	53.7799	513.448	0	180	-99.8478
607.239	53.8115	513.537	0	180	-99.8076
607.165	53.8431	513.626	0	180	-99.7675
607.092	53.8746	513.715	0	180	-99.7274
607.018	53.9062	513.804	0	180	-99.6872
606.944	53.9378	513.893	0	180	-99.6471
606.87	53.9694	513.982	0	180	-99.607
606.796	54.0009	514.071	0	180	-99.5668
606.722	54.0325	514.16	0	180	-99.5267
606.649	54.0641	514.249	0	180	-99.4866
606.575	54.0957	514.338	0	180	-99.4464
606.501	54.1272	514.427	0	180	-99.4063
606.427	54.1588	514.516	0	180	-99.3662
606.353	54.1904	514.605	0	180	-99.326
606.279	54.222	514.694	0	180	-99.2859
606.205	54.2535	514.783	0	180	-99.2458
606.132	54.2851	514.872	0	180	-99.2056
606.058	54.3167	514.961	0	180	-99.1655
605.984	54.3482	515.05	0	180	-99.1254
605.91	54.3798	515.139	0	180	-99.0852
605.836	54.4114	515.228	0	180	-99.0451
605.762	54.443	515.317	0	180	-99.005
605.689	54.4745	515.406	0	180	-98.9649
605.615	54.5061	515.495	0	180	-98.9247
605.541	54.5377	515.584	0	180	-98.8846
605.467	54.5693	515.673	0	180	-98.8445
605.393	54.6008	515.762	0	180	-98.8043
605.319	54.6324	515.851	0	180	-98.7642
605.246	54.664	515.94	0	180	-98.7241
605.172	54.6956	516.029	0	180	-98.6839
605.098	54.7271	516.118	0	180	-98.6438
605.024	54.7587	516.207	0	180	-98.6037
604.95	54.7903	516.296	0	180	-98.5635
604.876	54.8219	516.385	0	180	-98.5234
604.803	54.8534	516.474	0	180	-98.4833
604.729	54.885	516.563	0	180	-98.4431
604.655	54.9166	516.652	0	180	-98.403
604.581	54.9482	516.741	0	180	-98.3629
604.507	54.9797	516.83	0	180	-98.3227
604.433	55.0113	516.919	0	180	-98.2826
604.359	55.0429	517.008	0	180	-98.2425
604.286	55.0744	517.097	0	180	-98.2023
604.212	55.106	517.185	0	180	-98.1622
604.138	55.1376	517.274	0	180	-98.1221
604.064	55.1692	517.363	0	180	-98.0819
603.99	55.2007	517.452	0	180	-98.0418
603.916	55.2323	517.541	0	180	-98.0017
603.843	55.2639	517.63	0	180	-97.9615
603.769	55.2955	517.719	0	180	-97.9214
603.695	55.327	517.808	0	180	-97.8813
603.621	55.3586	517.897	0	180	-97.8411
603.547	55.3902	517.986	0	180	-97.801
603.473	55.4218	518.075	0	180	-97.7609
603.4	55.4533	518.164	0	180	-97.7207
603.326	55.4849	518.253	0	180	-97.6806
603.252	55.5165	518.342	0	180	-97.6405
603.178	55.5481	518.431	0	180	-97.6003
603.104	55.5796	518.52	0	180	-97.5602
603.03	55.6112	518.609	0	180	-97.5201
602.957	55.6428	518.698	0	180	-97.4799
602.883	55.6743	518.787	0	180	-97.4398
602.809	55.7059	518.876	0	180	-97.3997
602.735	55.7375	518.965	0	180	-97.3595
602.661	55.7691	519.054	0	180	-97.3194
602.587	55.8006	519.143	0	180	-97.2793
602.513	55.8322	519.232	0	180	-97.2391
602.44	55.8638	519.321	0	180	-97.199
602.366	55.8954	519.41	0	180	-97.1589
602.292	55.9269	519.499	0	180	-97.1187
602.218	55.9585	519.588	0	180	-97.0786
602.144	55.9901	519.677	0	180	-97.0385
602.07	56.0217	519.766	0	180	-96.9984
601.997	56.0532	519.855	0	180	-96.9582
601.923	56.0848	519.944	0	180	-96.9181
601.849	56.1164	520.033	0	180	-96.878
601.775	56.148	520.122	0	180	-96.8378
601.701	56.1795	520.211	0	180	-96.7977
601.627	56.2111	520.3	0	180	-96.7576
601.554	56.2427	520.389	0	180	-96.7174
601.48	56.2743	520.478	0	180	-96.6773
601.406	56.3058	520.567	0	180	-96.6372
601.332	56.3374	520.656	0	180	-96.597
601.258	56.369	520.745	0	180	-96.5569
601.184	56.4005	520.834	0	180	-96.5168
601.11	56.4321	520.923	0	180	-96.4766
601.037	56.4637	521.012	0	180	-96.4365
600.963	56.4953	521.101	0	180	-96.3964
600.889	56.5268	521.19	0	180	-96.3562
600.815	56.5584	521.279	0	180	-96.3161
600.741	56.59	521.368	0	180	-96.276
600.667	56.6216	521.457	0	180	-96.2358
600.594	56.6531	521.546	0	180	-96.1957
600.52	56.6847	521.635	0	180	-96.1556
600.446	56.7163	521.724	0	180	-96.1154
600.372	56.7479	521.813	0	180	-96.0753
600.298	56.7794	521.902	0	180	-96.0352
600.224	56.811	521.991	0	180	-95.995
600.151	56.8426	522.08	0	180	-95.9549
600.077	56.8742	522.169	0	180	-95.9148
600.003	56.9057	522.258	0	180	-95.8746
599.929	56.9373	522.347	0	180	-95.8345
599.855	56.9689	522.436	0	180	-95.7944
599.781	57.0005	522.525	0	180	-95.7542
599.708	57.032	522.614	0	180	-95.7141
599.634	57.0636	522.703	0	180	-95.674
599.56	57.0952	522.792	0	180	-95.6338
599.486	57.1267	522.881	0	180	-95.5937
599.412	57.1583	522.97	0	180	-95.5536
599.338	57.1899	523.059	0	180	-95.5134
599.264	57.2215	523.148	0	180	-95.4733
599.191	57.253	523.237	0	180	-95.4332
599.117	57.2846	523.326	0	180	-95.393
599.043	57.3162	523.415	0	180	-95.3529
598.969	57.3478	523.504	0	180	-95.3128
598.895	57.3793	523.593	0	180	-95.2726
598.821	57.4109	523.682	0	180	-95.2325
598.748	57.4425	523.771	0	180	-95.1924
598.674	57.4741	523.86	0	180	-95.1522
598.6	57.5056	523.949	0	180	-95.1121
598.526	57.5372	524.038	0	180	-95.072
598.452	57.5688	524.127	0	180	-95.0318
598.378	57.6004	524.216	0	180	-94.9917
598.305	57.6319	524.305	0	180	-94.9516
598.231	57.6635	524.394	0	180	-94.9115
598.157	57.6951	524.483	0	180	-94.8713
598.083	57.7267	524.572	0	180	-94.8312
598.009	57.7582	524.661	0	180	-94.7911
597.935	57.7898	524.75	0	180	-94.7509
597.861	57.8214	524.839	0	180	-94.7108
597.788	57.8529	524.928	0	180	-94.6707
597.714	57.8845	525.017	0	180	-94.6305
597.64	57.9161	525.106	0	180	-94.5904
597.566	57.9477	525.195	0	180	-94.5503
597.492	57.9792	525.284	0	180	-94.5101
597.418	58.0108	525.373	0	180	-94.47
597.345	58.0424	525.462	0	180	-94.4299
597.271	58.074	525.551	0	180	-94.3897
597.197	58.1055	525.64	0	180	-94.3496
597.123	58.1371	525.729	0	180	-94.3095
597.049	58.1687	525.818	0	180	-94.2693
596.975	58.2003	525.907	0	180	-94.2292
596.902	58.2318	525.996	0	180	-94.1891
596.828	58.2634	526.085	0	180	-94.1489
596.754	58.295	526.174	0	180	-94.1088
596.68	58.3266	526.263	0	180	-94.0687
596.606	58.3581	526.352	0	180	-94.0285
596.532	58.3897	526.441	0	180	-93.9884
596.459	58.4213	526.53	0	180	-93.9483
596.385	58.4529	526.619	0	180	-93.9081
596.311	58.4844	526.708	0	180	-93.868
596.237	58.516	526.797	0	180	-93.8279
596.163	58.5476	526.886	0	180	-93.7877
596.089	58.5791	526.975	0	180	-93.7476
596.015	58.6107	527.064	0	180	-93.7075
595.942	58.6423	527.153	0	180	-93.6673
595.868	58.6739	527.242	0	180	-93.6272
595.794	58.7054	527.331	0	180	-93.5871
595.72	58.737	527.42	0	180	-93.5469
595.646	58.7686	527.509	0	180	-93.5068
595.572	58.8002	527.598	0	180	-93.4667
595.499	58.8317	527.687	0	180	-93.4265
595.425	58.8633	527.776	0	180	-93.3864
595.351	58.8949	527.865	0	180	-93.3463
595.277	58.9265	527.954	0	180	-93.3061
595.203	58.958	528.043	0	180	-93.266
595.129	58.9896	528.132	0	180	-93.2259
595.056	59.0212	528.221	0	180	-93.1857
594.982	59.0528	528.31	0	180	-93.1456
594.908	59.0843	528.399	0	180	-93.1055
594.834	59.1159	528.488	0	180	-93.0653
594.76	59.1475	528.577	0	180	-93.0252
594.686	59.179	528.666	0	180	-92.9851
594.612	59.2106	528.755	0	180	-92.945
594.539	59.2422	528.844	0	180	-92.9048
594.465	59.2738	528.933	0	180	-92.8647
594.391	59.3053	529.022	0	180	-92.8246
594.317	59.3369	529.111	0	180	-92.7844
594.243	59.3685	529.2	0	180	-92.7443
594.169	59.4001	529.289	0	180	-92.7042
594.096	59.4316	529.378	0	180	-92.664
594.022	59.4632	529.467	0	180	-92.6239
593.948	59.4948	529.556	0	180	-92.5838
593.874	59.5264	529.645	0	180	-92.5436
593.8	59.5579	529.734	0	180	-92.5035
593.726	59.5895	529.823	0	180	-92.4634
593.653	59.6211	529.912	0	180	-92.4232
593.579	59.6527	530.001	0	180	-92.3831
593.505	59.6842	530.09	0	180	-92.343
593.431	59.7158	530.179	0	180	-92.3028
593.357	59.7474	530.268	0	180	-92.2627
593.283	59.779	530.357	0	180	-92.2226
593.21	59.8105	530.446	0	180	-92.1824
593.136	59.8421	530.535	0	180	-92.1423
593.062	59.8737	530.624	0	180	-92.1022
592.988	59.9052	530.713	0	180	-92.062
592.914	59.9368	530.802	0	180	-92.0219
592.84	59.9684	530.891	0	180	-91.9818
592.766	60	530.98	0	180	-91.9416
592.693	60.0315	531.069	0	180	-91.9015
592.619	60.0631	531.158	0	180	-91.8614
592.545	60.0947	531.247	0	180	-91.8212
592.471	60.1263	531.336	0	180	-91.7811
592.397	60.1578	531.425	0	180	-91.741
592.323	60.1894	531.514	0	180	-91.7008
592.25	60.221	531.603	0	180	-91.6607
592.176	60.2526	531.692	0	180	-91.6206
592.102	60.2841	531.781	0	180	-91.5804
592.028	60.3157	531.87	0	180	-91.5403
591.954	60.3473	531.959	0	180	-91.5002
591.88	60.3789	532.048	0	180	-91.46
591.807	60.4104	532.137	0	180	-91.4199
591.733	60.442	532.226	0	180	-91.3798
591.659	60.4736	532.315	0	180	-91.3396
591.585	60.5052	532.404	0	180	-91.2995
591.511	60.5367	532.493	0	180	-91.2594
591.437	60.5683	532.582	0	180	-91.2192
591.364	60.5999	532.671	0	180	-91.1791
591.29	60.6314	532.76	0	180	-91.139
591.216	60.663	532.849	0	180	-91.0988
591.142	60.6946	532.938	0	180	-91.0587
591.068	60.7262	533.027	0	180	-91.0186
590.994	60.7577	533.116	0	180	-90.9784
590.92	60.7893	533.205	0	180	-90.9383
590.847	60.8209	533.294	0	180	-90.8982
590.773	60.8525	533.383	0	180	-90.8581
590.699	60.884	533.472	0	180	-90.8179
590.625	60.9156	533.561	0	180	-90.7778
590.551	60.9472	533.65	0	180	-90.7377
590.477	60.9788	533.739	0	180	-90.6975
590.404	61.0103	533.828	0	180	-90.6574
590.33	61.0419	533.917	0	180	-90.6173
590.256	61.0735	534.006	0	180	-90.5771
590.182	61.1051	534.095	0	180	-90.537
590.108	61.1366	534.184	0	180	-90.4969
590.034	61.1682	534.273	0	180	-90.4567
589.961	61.1998	534.362	0	180	-90.4166
589.887	61.2314	534.451	0	180	-90.3765
589.813	61.2629	534.54	0	180	-90.3363
589.739	61.2945	534.629	0	180	-90.2962
589.665	61.3261	534.718	0	180	-90.2561
589.591	61.3576	534.807	0	180	-90.2159
589.517	61.3892	534.896	0	180	-90.1758
589.444	61.4208	534.985	0	180	-90.1357
589.37	61.4524	535.074	0	180	-90.0955
589.296	61.4839	535.163	0	180	-90.0554
589.222	61.5155	535.252	0	180	-90.0153
589.148	61.5471	535.341	0	180	-89.9751
589.074	61.5787	535.43	0	180	-89.935
589.001	61.6102	535.519	0	180	-89.8949
588.927	61.6418	535.608	0	180	-89.8547
588.853	61.6734	535.697	0	180	-89.8146
588.779	61.705	535.786	0	180	-89.7745
588.705	61.7365	535.875	0	180	-89.7343
588.631	61.7681	535.964	0	180	-89.6942
588.558	61.7997	536.053	0	180	-89.6541
588.484	61.8313	536.142	0	180	-89.6139
588.41	61.8628	536.231	0	180	-89.5738
588.336	61.8944	536.32	0	180	-89.5337
588.262	61.926	536.409	0	180	-89.4935
588.188	61.9575	536.498	0	180	-89.4534
588.115	61.9891	536.587	0	180	-89.4133
588.041	62.0207	536.676	0	180	-89.3731
587.967	62.0523	536.765	0	180	-89.333
587.893	62.0838	536.854	0	180	-89.2929
587.819	62.1154	536.943	0	180	-89.2527
587.745	62.147	537.032	0	180	-89.2126
587.671	62.1786	537.121	0	180	-89.1725
587.598	62.2101	537.21	0	180	-89.1323
587.524	62.2417	537.299	0	180	-89.0922
587.45	62.2733	537.388	0	180	-89.0521
587.376	62.3049	537.477	0	180	-89.0119
587.302	62.3364	537.566	0	180	-88.9718
587.228	62.368	537.655	0	180	-88.9317
587.155	62.3996	537.744	0	180	-88.8916
587.081	62.4312	537.833	0	180	-88.8514
587.007	62.4627	537.922	0	180	-88.8113
586.933	62.4943	538.011	0	180	-88.7712
586.859	62.5259	538.1	0	180	-88.731
586.785	62.5575	538.189	0	180	-88.6909
586.712	62.589	538.278	0	180	-88.6508
586.638	62.6206	538.367	0	180	-88.6106
586.564	62.6522	538.456	0	180	-88.5705
586.49	62.6837	538.545	0	180	-88.5304
586.416	62.7153	538.634	0	180	-88.4902
586.342	62.7469	538.723	0	180	-88.4501
586.268	62.7785	538.812	0	180	-88.41
586.195	62.81	538.901	0	180	-88.3698
586.121	62.8416	538.99	0	180	-88.3297
586.047	62.8732	539.079	0	180	-88.2896
585.973	62.9048	539.168	0	180	-88.2494
585.899	62.9363	539.257	0	180	-88.2093
585.825	62.9679	539.346	0	180	-88.1692
585.752	62.9995	539.435	0	180	-88.129
585.678	63.0311	539.524	0	180	-88.0889
585.604	63.0626	539.613	0	180	-88.0488
585.53	63.0942	539.702	0	180	-88.0086
585.456	63.1258	539.791	0	180	-87.9685
585.382	63.1574	539.88	0	180	-87.9284
585.309	63.1889	539.969	0	180	-87.8882
585.235	63.2205	540.058	0	180	-87.8481
585.161	63.2521	540.147	0	180	-87.808
585.087	63.2837	540.236	0	180	-87.7678
585.013	63.3152	540.325	0	180	-87.7277
584.939	63.3468	540.414	0	180	-87.6876
584.866	63.3784	540.503	0	180	-87.6474
584.792	63.4099	540.592	0	180	-87.6073
584.718	63.4415	540.681	0	180	-87.5672
584.644	63.4731	540.77	0	180	-87.527
584.57	63.5047	540.859	0	180	-87.4869
584.496	63.5362	540.948	0	180	-87.4468
584.422	63.5678	541.037	0	180	-87.4066
584.349	63.5994	541.126	0	180	-87.3665
584.275	63.631	541.215	0	180	-87.3264
584.201	63.6625	541.304	0	180	-87.2862
584.127	63.6941	541.393	0	180	-87.2461
584.053	63.7257	541.482	0	180	-87.206
583.979	63.7573	541.571	0	180	-87.1658
583.906	63.7888	541.66	0	180	-87.1257
583.832	63.8204	541.749	0	180	-87.0856
583.758	63.852	541.838	0	180	-87.0454
583.684	63.8836	541.927	0	180	-87.0053
583.61	63.9151	542.016	0	180	-86.9652
583.536	63.9467	542.105	0	180	-86.9251
583.463	63.9783	542.194	0	180	-86.8849
583.389	64.0099	542.283	0	180	-86.8448
583.315	64.0414	542.372	0	180	-86.8047
583.241	64.073	542.461	0	180	-86.7645
583.167	64.1046	542.55	0	180	-86.7244
583.093	64.1361	542.639	0	180	-86.6843
583.019	64.1677	542.728	0	180	-86.6441
582.946	64.1993	542.817	0	180	-86.604
582.872	64.2309	542.906	0	180	-86.5639
582.798	64.2624	542.995	0	180	-86.5237
582.724	64.294	543.084	0	180	-86.4836
582.65	64.3256	543.173	0	180	-86.4435
582.576	64.3572	543.262	0	180	-86.4033
582.503	64.3887	543.351	0	180	-86.3632
582.429	64.4203	543.44	0	180	-86.3231
582.355	64.4519	543.529	0	180	-86.2829
582.281	64.4835	543.618	0	180	-86.2428
582.207	64.515	543.707	0	180	-86.2027
582.133	64.5466	543.796	0	180	-86.1625
582.06	64.5782	543.885	0	180	-86.1224
581.986	64.6098	543.974	0	180	-86.0823
581.912	64.6413	544.063	0	180	-86.0421
581.838	64.6729	544.152	0	180	-86.002
581.764	64.7045	544.241	0	180	-85.9619
581.69	64.7361	544.33	0	180	-85.9217
581.617	64.7676	544.419	0	180	-85.8816
581.543	64.7992	544.508	0	180	-85.8415
581.469	64.8308	544.597	0	180	-85.8013
581.395	64.8623	544.686	0	180	-85.7612
581.321	64.8939	544.775	0	180	-85.7211
581.247	64.9255	544.864	0	180	-85.6809
581.173	64.9571	544.953	0	180	-85.6408
581.1	64.9886	545.042	0	180	-85.6007
581.026	65.0202	545.131	0	180	-85.5605
580.952	65.0518	545.22	0	180	-85.5204
580.878	65.0834	545.309	0	180	-85.4803
580.804	65.1149	545.398	0	180	-85.4401
580.73	65.1465	545.487	0	180	-85.4
580.657	65.1781	545.576	0	180	-85.3599
580.583	65.2097	545.665	0	180	-85.3197
580.509	65.2412	545.754	0	180	-85.2796
580.435	65.2728	545.842	0	180	-85.2395
580.361	65.3044	545.931	0	180	-85.1993
580.287	65.336	546.02	0	180	-85.1592
580.214	65.3675	546.109	0	180	-85.1191
580.14	65.3991	546.198	0	180	-85.0789
580.066	65.4307	546.287	0	180	-85.0388
579.992	65.4622	546.376	0	180	-84.9987
579.918	65.4938	546.465	0	180	-84.9585
579.844	65.5254	546.554	0	180	-84.9184
579.771	65.557	546.643	0	180	-84.8783
579.697	65.5885	546.732	0	180	-84.8382
579.623	65.6201	546.821	0	180	-84.798
579.549	65.6517	546.91	0	180	-84.7579
579.475	65.6833	546.999	0	180	-84.7178
579.401	65.7148	547.088	0	180	-84.6776
579.327	65.7464	547.177	0	180	-84.6375
579.254	65.778	547.266	0	180	-84.5974
579.18	65.8096	547.355	0	180	-84.5572
579.106	65.8411	547.444	0	180	-84.5171
579.032	65.8727	547.533	0	180	-84.477
578.958	65.9043	547.622	0	180	-84.4368
578.884	65.9359	547.711	0	180	-84.3967
578.811	65.9674	547.8	0	180	-84.3566
578.737	65.999	547.889	0	180	-84.3164
578.663	66.0306	547.978	0	180	-84.2763
578.589	66.0622	548.067	0	180	-84.2362
578.515	66.0937	548.156	0	180	-84.196
578.441	66.1253	548.245	0	180	-84.1559
578.368	66.1569	548.334	0	180	-84.1158
578.294	66.1884	548.423	0	180	-84.0756
578.22	66.22	548.512	0	180	-84.0355
578.146	66.2516	548.601	0	180	-83.9954
578.072	66.2832	548.69	0	180	-83.9552
577.998	66.3147	548.779	0	180	-83.9151
577.924	66.3463	548.868	0	180	-83.875
577.851	66.3779	548.957	0	180	-83.8348
577.777	66.4095	549.046	0	180	-83.7947
577.703	66.441	549.135	0	180	-83.7546
577.629	66.4726	549.224	0	180	-83.7144
577.555	66.5042	549.313	0	180	-83.6743
577.481	66.5358	549.402	0	180	-83.6342
577.408	66.5673	549.491	0	180	-83.594
577.334	66.5989	549.58	0	180	-83.5539
577.26	66.6305	549.669	0	180	-83.5138
577.186	66.6621	549.758	0	180	-83.4736
577.112	66.6936	549.847	0	180	-83.4335
577.038	66.7252	549.936	0	180	-83.3934
576.965	66.7568	550.025	0	180	-83.3532
576.891	66.7884	550.114	0	180	-83.3131
576.817	66.8199	550.203	0	180	-83.273
576.743	66.8515	550.292	0	180	-83.2328
576.669	66.8831	550.381	0	180	-83.1927
576.595	66.9146	550.47	0	180	-83.1526
576.522	66.9462	550.559	0	180	-83.1124
576.448	66.9778	550.648	0	180	-83.0723
576.374	67.0094	550.737	0	180	-83.0322
576.3	67.0409	550.826	0	180	-82.992
576.226	67.0725	550.915	0	180	-82.9519
576.152	67.1041	551.004	0	180	-82.9118
576.078	67.1357	551.093	0	180	-82.8717
576.005	67.1672	551.182	0	180	-82.8315
575.931	67.1988	551.271	0	180	-82.7914
575.857	67.2304	551.36	0	180	-82.7513
575.783	67.262	551.449	0	180	-82.7111
575.709	67.2935	551.538	0	180	-82.671
575.635	67.3251	551.627	0	180	-82.6309
575.562	67.3567	551.716	0	180	-82.5907
575.488	67.3883	551.805	0	180	-82.5506
575.414	67.4198	551.894	0	180	-82.5105
575.34	67.4514	551.983	0	180	-82.4703
575.266	67.483	552.072	0	180	-82.4302
575.192	67.5146	552.161	0	180	-82.3901
575.119	67.5461	552.25	0	180	-82.3499
575.045	67.5777	552.339	0	180	-82.3098
574.971	67.6093	552.428	0	180	-82.2697
574.897	67.6408	552.517	0	180	-82.2295
574.823	67.6724	552.606	0	180	-82.1894
574.749	67.704	552.695	0	180	-82.1493
574.675	67.7356	552.784	0	180	-82.1091
574.602	67.7671	552.873	0	180	-82.069
574.528	67.7987	552.962	0	180	-82.0289
574.454	67.8303	553.051	0	180	-81.9887
574.38	67.8619	553.14	0	180	-81.9486
574.306	67.8934	553.229	0	180	-81.9085
574.232	67.925	553.318	0	180	-81.8683
574.159	67.9566	553.407	0	180	-81.8282
574.085	67.9882	553.496	0	180	-81.7881
574.011	68.0197	553.585	0	180	-81.7479
573.937	68.0513	553.674	0	180	-81.7078
573.863	68.0829	553.763	0	180	-81.6677
573.789	68.1145	553.852	0	180	-81.6275
573.716	68.146	553.941	0	180	-81.5874
573.642	68.1776	554.03	0	180	-81.5473
573.568	68.2092	554.119	0	180	-81.5071
573.494	68.2408	554.208	0	180	-81.467
573.42	68.2723	554.297	0	180	-81.4269
573.346	68.3039	554.386	0	180	-81.3867
573.273	68.3355	554.475	0	180	-81.3466
573.199	68.367	554.564	0	180	-81.3065
573.125	68.3986	554.653	0	180	-81.2663
573.051	68.4302	554.742	0	180	-81.2262
572.977	68.4618	554.831	0	180	-81.1861
572.903	68.4933	554.92	0	180	-81.1459
572.829	68.5249	555.009	0	180	-81.1058
572.756	68.5565	555.098	0	180	-81.0657
572.682	68.5881	555.187	0	180	-81.0255
572.608	68.6196	555.276	0	180	-80.9854
572.534	68.6512	555.365	0	180	-80.9453
572.46	68.6828	555.454	0	180	-80.9051
572.386	68.7144	555.543	0	180	-80.865
572.313	68.7459	555.632	0	180	-80.8249
572.239	68.7775	555.721	0	180	-80.7848
572.165	68.8091	555.81	0	180	-80.7446
572.091	68.8407	555.899	0	180	-80.7045
572.017	68.8722	555.988	0	180	-80.6644
571.943	68.9038	556.077	0	180	-80.6242
571.87	68.9354	556.166	0	180	-80.5841
571.796	68.9669	556.255	0	180	-80.544
571.722	68.9985	556.344	0	180	-80.5038
571.648	69.0301	556.433	0	180	-80.4637
571.574	69.0617	556.522	0	180	-80.4236
571.5	69.0932	556.611	0	180	-80.3834
571.426	69.1248	556.7	0	180	-80.3433
571.353	69.1564	556.789	0	180	-80.3032
571.279	69.188	556.878	0	180	-80.263
571.205	69.2195	556.967	0	180	-80.2229
571.131	69.2511	557.056	0	180	-80.1828
571.057	69.2827	557.145	0	180	-80.1426
570.983	69.3143	557.234	0	180	-80.1025
570.91	69.3458	557.323	0	180	-80.0624
570.836	69.3774	557.412	0	180	-80.0222
570.762	69.409	557.501	0	180	-79.9821
570.688	69.4406	557.59	0	180	-79.942
570.614	69.4721	557.679	0	180	-79.9018
570.54	69.5037	557.768	0	180	-79.8617
570.467	69.5353	557.857	0	180	-79.8216
570.393	69.5669	557.946	0	180	-79.7814
570.319	69.5984	558.035	0	180	-79.7413
570.245	69.63	558.124	0	180	-79.7012
570.171	69.6616	558.213	0	180	-79.661
570.097	69.6931	558.302	0	180	-79.6209
570.024	69.7247	558.391	0	180	-79.5808
569.95	69.7563	558.48	0	180	-79.5406
569.876	69.7879	558.569	0	180	-79.5005
569.802	69.8194	558.658	0	180	-79.4604
569.728	69.851	558.747	0	180	-79.4202
569.654	69.8826	558.836	0	180	-79.3801
569.58	69.9142	558.925	0	180	-79.34
569.507	69.9457	559.014	0	180	-79.2998
569.433	69.9773	559.103	0	180	-79.2597
569.359	70.0089	559.192	0	180	-79.2196
569.285	70.0405	559.281	0	180	-79.1794
569.211	70.072	559.37	0	180	-79.1393
569.137	70.1036	559.459	0	180	-79.0992
569.064	70.1352	559.548	0	180	-79.059
568.99	70.1668	559.637	0	180	-79.0189
568.916	70.1983	559.726	0	180	-78.9788
568.842	70.2299	559.815	0	180	-78.9386
568.768	70.2615	559.904	0	180	-78.8985
568.694	70.2931	559.993	0	180	-78.8584
568.621	70.3246	560.082	0	180	-78.8183
568.547	70.3562	560.171	0	180	-78.7781
568.473	70.3878	560.26	0	180	-78.738
568.399	70.4193	560.349	0	180	-78.6979
568.325	70.4509	560.438	0	180	-78.6577
568.251	70.4825	560.527	0	180	-78.6176
568.178	70.5141	560.616	0	180	-78.5775
568.104	70.5456	560.705	0	180	-78.5373
568.03	70.5772	560.794	0	180	-78.4972
567.956	70.6088	560.883	0	180	-78.4571
567.882	70.6404	560.972	0	180	-78.4169
567.808	70.6719	561.061	0	180	-78.3768
567.734	70.7035	561.15	0	180	-78.3367
567.661	70.7351	561.239	0	180	-78.2965
567.587	70.7667	561.328	0	180	-78.2564
567.513	70.7982	561.417	0	180	-78.2163
567.439	70.8298	561.506	0	180	-78.1761
567.365	70.8614	561.595	0	180	-78.136
567.291	70.893	561.684	0	180	-78.0959
567.218	70.9245	561.773	0	180	-78.0557
567.144	70.9561	561.862	0	180	-78.0156
567.07	70.9877	561.951	0	180	-77.9755
566.996	71.0193	562.04	0	180	-77.9353
566.922	71.0508	562.129	0	180	-77.8952
566.848	71.0824	562.218	0	180	-77.8551
566.775	71.114	562.307	0	180	-77.8149
566.701	71.1455	562.396	0	180	-77.7748
566.627	71.1771	562.485	0	180	-77.7347
566.553	71.2087	562.574	0	180	-77.6945
566.479	71.2403	562.663	0	180	-77.6544
566.405	71.2718	562.752	0	180	-77.6143
566.331	71.3034	562.841	0	180	-77.5741
566.258	71.335	562.93	0	180	-77.534
566.184	71.3666	563.019	0	180	-77.4939
566.11	71.3981	563.108	0	180	-77.4537
566.036	71.4297	563.197	0	180	-77.4136
565.962	71.4613	563.286	0	180	-77.3735
565.888	71.4929	563.375	0	180	-77.3333
565.815	71.5244	563.464	0	180	-77.2932
565.741	71.556	563.553	0	180	-77.2531
565.667	71.5876	563.642	0	180	-77.2129
565.593	71.6192	563.731	0	180	-77.1728
565.519	71.6507	563.82	0	180	-77.1327
565.445	71.6823	563.909	0	180	-77.0925
565.372	71.7139	563.998	0	180	-77.0524
565.298	71.7455	564.087	0	180	-77.0123
565.224	71.777	564.176	0	180	-76.9721
565.15	71.8086	564.265	0	180	-76.932
565.076	71.8402	564.354	0	180	-76.8919
565.002	71.8717	564.443	0	180	-76.8517
564.929	71.9033	564.532	0	180	-76.8116
564.855	71.9349	564.621	0	180	-76.7715
564.781	71.9665	564.71	0	180	-76.7314
564.707	71.998	564.799	0	180	-76.6912
564.633	72.0296	564.888	0	180	-76.6511
564.559	72.0612	564.977	0	180	-76.611
564.485	72.0928	565.066	0	180	-76.5708
564.412	72.1243	565.155	0	180	-76.5307
564.338	72.1559	565.244	0	180	-76.4906
564.264	72.1875	565.333	0	180	-76.4504
564.19	72.2191	565.422	0	180	-76.4103
564.116	72.2506	565.511	0	180	-76.3702
564.042	72.2822	565.6	0	180	-76.33
563.969	72.3138	565.689	0	180	-76.2899
563.895	72.3454	565.778	0	180	-76.2498
563.821	72.3769	565.867	0	180	-76.2096
563.747	72.4085	565.956	0	180	-76.1695
563.673	72.4401	566.045	0	180	-76.1294
563.599	72.4716	566.134	0	180	-76.0892
563.526	72.5032	566.223	0	180	-76.0491
563.452	72.5348	566.312	0	180	-76.009
563.378	72.5664	566.401	0	180	-75.9688
563.304	72.5979	566.49	0	180	-75.9287
563.23	72.6295	566.579	0	180	-75.8886
563.156	72.6611	566.668	0	180	-75.8484
563.082	72.6927	566.757	0	180	-75.8083
563.009	72.7242	566.846	0	180	-75.7682
562.935	72.7558	566.935	0	180	-75.728
562.861	72.7874	567.024	0	180	-75.6879
562.787	72.819	567.113	0	180	-75.6478
562.713	72.8505	567.202	0	180	-75.6076
562.639	72.8821	567.291	0	180	-75.5675
562.566	72.9137	567.38	0	180	-75.5274
562.492	72.9453	567.469	0	180	-75.4872
562.418	72.9768	567.558	0	180	-75.4471
562.344	73.0084	567.647	0	180	-75.407
562.27	73.04	567.736	0	180	-75.3668
562.196	73.0716	567.825	0	180	-75.3267
562.123	73.1031	567.914	0	180	-75.2866
562.049	73.1347	568.003	0	180	-75.2464
561.975	73.1663	568.092	0	180	-75.2063
561.901	73.1978	568.181	0	180	-75.1662
561.827	73.2294	568.27	0	180	-75.126
561.753	73.261	568.359	0	180	-75.0859
561.68	73.2926	568.448	0	180	-75.0458
561.606	73.3241	568.537	0	180	-75.0056
561.532	73.3557	568.626	0	180	-74.9655
561.458	73.3873	568.715	0	180	-74.9254
561.384	73.4189	568.804	0	180	-74.8852
561.31	73.4504	568.893	0	180	-74.8451
561.236	73.482	568.982	0	180	-74.805
561.163	73.5136	569.071	0	180	-74.7649
561.089	73.5452	569.16	0	180	-74.7247
561.015	73.5767	569.249	0	180	-74.6846
560.941	73.6083	569.338	0	180	-74.6445
560.867	73.6399	569.427	0	180	-74.6043
560.793	73.6715	569.516	0	180	-74.5642
560.72	73.703	569.605	0	180	-74.5241
560.646	73.7346	569.694	0	180	-74.4839
560.572	73.7662	569.783	0	180	-74.4438
560.498	73.7978	569.872	0	180	-74.4037
560.424	73.8293	569.961	0	180	-74.3635
560.35	73.8609	570.05	0	180	-74.3234
560.277	73.8925	570.139	0	180	-74.2833
560.203	73.924	570.228	0	180	-74.2431
560.129	73.9556	570.317	0	180	-74.203
560.055	73.9872	570.406	0	180	-74.1629
559.981	74.0188	570.495	0	180	-74.1227
559.907	74.0503	570.584	0	180	-74.0826
559.833	74.0819	570.673	0	180	-74.0425
559.76	74.1135	570.762	0	180	-74.0023
559.686	74.1451	570.851	0	180	-73.9622
559.612	74.1766	570.94	0	180	-73.9221
559.538	74.2082	571.029	0	180	-73.8819
559.464	74.2398	571.118	0	180	-73.8418
559.39	74.2714	571.207	0	180	-73.8017
559.317	74.3029	571.296	0	180	-73.7615
559.243	74.3345	571.385	0	180	-73.7214
559.169	74.3661	571.474	0	180	-73.6813
559.095	74.3977	571.563	0	180	-73.6411
559.021	74.4292	571.652	0	180	-73.601
558.947	74.4608	571.741	0	180	-73.5609
558.874	74.4924	571.83	0	180	-73.5207
558.8	74.524	571.919	0	180	-73.4806
558.726	74.5555	572.008	0	180	-73.4405
558.652	74.5871	572.097	0	180	-73.4003
558.578	74.6187	572.186	0	180	-73.3602
558.504	74.6502	572.275	0	180	-73.3201
558.431	74.6818	572.364	0	180	-73.2799
558.357	74.7134	572.453	0	180	-73.2398
558.283	74.745	572.542	0	180	-73.1997
558.209	74.7765	572.631	0	180	-73.1595
558.135	74.8081	572.72	0	180	-73.1194
558.061	74.8397	572.809	0	180	-73.0793
557.987	74.8713	572.898	0	180	-73.0391
557.914	74.9028	572.987	0	180	-72.999
557.84	74.9344	573.075	0	180	-72.9589
557.766	74.966	573.163	0	180	-72.9187
557.692	74.9976	573.25	0	180	-72.8786
557.618	75.0291	573.336	0	180	-72.8385
557.544	75.0607	573.421	0	180	-72.7983
557.471	75.0923	573.505	0	180	-72.7582
557.397	75.1239	573.587	0	180	-72.7181
557.323	75.1554	573.669	0	180	-72.678
557.249	75.187	573.75	0	180	-72.6378
557.175	75.2186	573.83	0	180	-72.5977
557.101	75.2501	573.909	0	180	-72.5576
557.028	75.2817	573.987	0	180	-72.5174
556.954	75.3133	574.064	0	180	-72.4773
556.88	75.3449	574.139	0	180	-72.4372
556.806	75.3764	574.214	0	180	-72.397
556.732	75.408	574.288	0	180	-72.3569
556.658	75.4396	574.361	0	180	-72.3168
556.585	75.4712	574.433	0	180	-72.2766
556.511	75.5027	574.504	0	180	-72.2365
556.437	75.5343	574.574	0	180	-72.1964
556.363	75.5659	574.642	0	180	-72.1562
556.289	75.5975	574.71	0	180	-72.1161
556.215	75.629	574.777	0	180	-72.076
556.141	75.6606	574.843	0	180	-72.0358
556.068	75.6922	574.908	0	180	-71.9957
555.994	75.7238	574.972	0	180	-71.9556
555.92	75.7553	575.035	0	180	-71.9154
555.846	75.7869	575.096	0	180	-71.8753
555.772	75.8185	575.157	0	180	-71.8352
555.698	75.8501	575.217	0	180	-71.795
555.625	75.8816	575.276	0	180	-71.7549
555.551	75.9132	575.334	0	180	-71.7148
555.477	75.9448	575.391	0	180	-71.6746
555.403	75.9763	575.447	0	180	-71.6345
555.329	76.0079	575.501	0	180	-71.5944
555.255	76.0395	575.555	0	180	-71.5542
555.182	76.0711	575.608	0	180	-71.5141
555.108	76.1026	575.66	0	180	-71.474
555.034	76.1342	575.711	0	180	-71.4338
554.96	76.1658	575.761	0	180	-71.3937
554.886	76.1974	575.81	0	180	-71.3536
554.812	76.2289	575.857	0	180	-71.3134
554.738	76.2605	575.904	0	180	-71.2733
554.665	76.2921	575.95	0	180	-71.2332
554.591	76.3237	575.995	0	180	-71.193
554.517	76.3552	576.039	0	180	-71.1529
554.443	76.3868	576.082	0	180	-71.1128
554.369	76.4184	576.124	0	180	-71.0726
554.295	76.45	576.164	0	180	-71.0325
554.222	76.4815	576.204	0	180	-70.9924
554.148	76.5131	576.243	0	180	-70.9522
554.074	76.5447	576.281	0	180	-70.9121
554	76.5763	576.318	0	180	-70.872
553.926	76.6078	576.354	0	180	-70.8318
553.852	76.6394	576.389	0	180	-70.7917
553.779	76.671	576.422	0	180	-70.7516
553.705	76.7025	576.455	0	180	-70.7115
553.631	76.7341	576.487	0	180	-70.6713
553.557	76.7657	576.518	0	180	-70.6312
553.483	76.7973	576.548	0	180	-70.5911
553.409	76.8288	576.577	0	180	-70.5509
553.336	76.8604	576.604	0	180	-70.5108
553.262	76.892	576.631	0	180	-70.4707
553.188	76.9236	576.657	0	180	-70.4305
553.114	76.9551	576.682	0	180	-70.3904
553.04	76.9867	576.706	0	180	-70.3503
552.966	77.0183	576.729	0	180	-70.3101
552.892	77.0499	576.751	0	180	-70.27
552.819	77.0814	576.771	0	180	-70.2299
552.745	77.113	576.791	0	180	-70.1897
552.671	77.1446	576.81	0	180	-70.1496
552.597	77.1762	576.828	0	180	-70.1095
552.523	77.2077	576.845	0	180	-70.0693
552.449	77.2393	576.861	0	180	-70.0293
552.376	77.2709	576.876	0	180	-69.9901
552.302	77.3025	576.889	0	180	-69.9519
552.228	77.334	576.902	0	180	-69.9147
552.154	77.3656	576.914	0	180	-69.8785
552.082	77.3972	576.925	0	180	-69.8433
552.01	77.4287	576.935	0	180	-69.8091
551.939	77.4598	576.944	0	180	-69.7759
551.87	77.4899	576.952	0	180	-69.7437
551.801	77.5189	576.958	0	180	-69.7125
551.734	77.547	576.964	0	180	-69.6823
551.667	77.5742	576.969	0	180	-69.6531
551.601	77.6014	576.973	0	180	-69.6249
551.537	77.6286	576.976	0	180	-69.5977
551.473	77.6558	576.978	0	180	-69.5715
551.408	77.683	576.979	0	180	-69.5463
551.344	77.7102	576.978	0	180	-69.5221
551.28	77.7374	576.977	0	180	-69.4989
551.216	77.7646	576.975	0	180	-69.476
551.152	77.7918	576.972	0	180	-69.4531
551.088	77.819	576.968	0	180	-69.4301
551.024	77.8461	576.963	0	180	-69.4072
550.96	77.8733	576.957	0	180	-69.3843
550.896	77.9005	576.949	0	180	-69.3614
550.832	77.9277	576.941	0	180	-69.3385
550.768	77.9549	576.932	0	180	-69.3156
550.704	77.9821	576.922	0	180	-69.2927
550.64	78.0093	576.911	0	180	-69.2698
550.575	78.0365	576.899	0	180	-69.2468
550.511	78.0637	576.886	0	180	-69.2239
550.447	78.0909	576.871	0	180	-69.201
550.383	78.1181	576.856	0	180	-69.1781
550.319	78.1452	576.84	0	180	-69.1552
550.255	78.1724	576.823	0	180	-69.1323
550.191	78.1996	576.805	0	180	-69.1094
550.127	78.2268	576.786	0	180	-69.0865
550.063	78.254	576.766	0	180	-69.0635
549.999	78.2812	576.744	0	180	-69.0406
549.935	78.3084	576.722	0	180	-69.0177
549.871	78.3356	576.699	0	180	-68.9948
549.807	78.3628	576.675	0	180	-68.9719
549.742	78.39	576.65	0	180	-68.949
549.678	78.4172	576.624	0	180	-68.9261
549.614	78.4443	576.596	0	180	-68.9032
549.55	78.4715	576.568	0	180	-68.8802
549.486	78.4987	576.539	0	180	-68.8573
549.422	78.5259	576.509	0	180	-68.8344
549.358	78.5531	576.478	0	180	-68.8115
549.294	78.5803	576.446	0	180	-68.7886
549.23	78.6075	576.413	0	180	-68.7657
549.166	78.6347	576.378	0	180	-68.7428
549.102	78.6619	576.343	0	180	-68.7199
549.038	78.6891	576.307	0	180	-68.6969
548.974	78.7163	576.27	0	180	-68.674
548.91	78.7434	576.232	0	180	-68.6511
548.845	78.7706	576.193	0	180	-68.6282
548.781	78.7978	576.153	0	180	-68.6053
548.717	78.825	576.111	0	180	-68.5824
548.653	78.8522	576.069	0	180	-68.5595
548.589	78.8794	576.026	0	180	-68.5366
548.525	78.9066	575.982	0	180	-68.5136
548.461	78.9338	575.937	0	180	-68.4907
548.397	78.961	575.891	0	180	-68.4678
548.333	78.9882	575.844	0	180	-68.4449
548.269	79.0153	575.795	0	180	-68.422
548.205	79.0425	575.746	0	180	-68.3991
548.141	79.0697	575.696	0	180	-68.3762
548.077	79.0969	575.645	0	180	-68.3533
548.012	79.1241	575.593	0	180	-68.3303
547.948	79.1513	575.54	0	180	-68.3074
547.884	79.1785	575.486	0	180	-68.2845
547.82	79.2057	575.43	0	180	-68.2616
547.756	79.2329	575.374	0	180	-68.2387
547.692	79.2601	575.317	0	180	-68.2158
547.628	79.2873	575.259	0	180	-68.1929
547.564	79.3144	575.2	0	180	-68.17
547.5	79.3416	575.14	0	180	-68.147
547.436	79.3688	575.079	0	180	-68.1241
547.372	79.396	575.016	0	180	-68.1012
547.308	79.4232	574.953	0	180	-68.0783
547.244	79.4504	574.889	0	180	-68.0554
547.179	79.4776	574.824	0	180	-68.0325
547.115	79.5048	574.758	0	180	-68.0096
547.051	79.532	574.691	0	180	-67.9867
546.987	79.5592	574.623	0	180	-67.9637
546.923	79.5864	574.553	0	180	-67.9408
546.859	79.6135	574.483	0	180	-67.9179
546.795	79.6407	574.412	0	180	-67.895
546.731	79.6679	574.34	0	180	-67.8721
546.667	79.6951	574.267	0	180	-67.8492
546.603	79.7223	574.193	0	180	-67.8263
546.539	79.7495	574.118	0	180	-67.8034
546.475	79.7767	574.043	0	180	-67.7804
546.411	79.8039	573.969	0	180	-67.7575
546.347	79.8311	573.894	0	180	-67.7346
546.282	79.8583	573.819	0	180	-67.7117
546.218	79.8855	573.745	0	180	-67.6888
546.154	79.9126	573.67	0	180	-67.6659
546.09	79.9398	573.596	0	180	-67.643
546.026	79.967	573.521	0	180	-67.6201
545.962	79.9942	573.446	0	180	-67.5971
545.898	80.0214	573.372	0	180	-67.5742
545.834	80.0486	573.297	0	180	-67.5513
545.77	80.0758	573.222	0	180	-67.5284
545.706	80.103	573.148	0	180	-67.5055
545.642	80.1302	573.073	0	180	-67.4826
545.578	80.1574	572.998	0	180	-67.4597
545.514	80.1846	572.924	0	180	-67.4368
545.449	80.2117	572.849	0	180	-67.4138
545.385	80.2389	572.775	0	180	-67.3909
545.321	80.2661	572.7	0	180	-67.368
545.257	80.2933	572.625	0	180	-67.3451
545.193	80.3205	572.551	0	180	-67.3222
545.129	80.3477	572.476	0	180	-67.2993
545.065	80.3749	572.401	0	180	-67.2764
545.001	80.4021	572.327	0	180	-67.2535
544.937	80.4293	572.252	0	180	-67.2305
544.873	80.4565	572.177	0	180	-67.2076
544.809	80.4836	572.103	0	180	-67.1847
544.745	80.5108	572.028	0	180	-67.1618
544.681	80.538	571.953	0	180	-67.1389
544.616	80.5652	571.879	0	180	-67.116
544.552	80.5924	571.804	0	180	-67.0931
544.488	80.6196	571.73	0	180	-67.0702
544.424	80.6468	571.655	0	180	-67.0472
544.36	80.674	571.58	0	180	-67.0243
544.296	80.7012	571.506	0	180	-67.0014
544.232	80.7284	571.431	0	180	-66.9785
544.168	80.7556	571.356	0	180	-66.9556
544.104	80.7827	571.282	0	180	-66.9327
544.04	80.8099	571.207	0	180	-66.9098
543.976	80.8371	571.132	0	180	-66.8869
543.912	80.8643	571.058	0	180	-66.8639
543.848	80.8915	570.983	0	180	-66.841
543.784	80.9187	570.909	0	180	-66.8181
543.719	80.9459	570.834	0	180	-66.7952
543.655	80.9731	570.759	0	180	-66.7723
543.591	81.0003	570.685	0	180	-66.7494
543.527	81.0275	570.61	0	180	-66.7265
543.463	81.0547	570.535	0	180	-66.7036
543.399	81.0818	570.461	0	180	-66.6806
543.335	81.109	570.386	0	180	-66.6577
543.271	81.1362	570.311	0	180	-66.6348
543.207	81.1634	570.237	0	180	-66.6119
543.143	81.1906	570.162	0	180	-66.589
543.079	81.2178	570.087	0	180	-66.5661
543.015	81.245	570.013	0	180	-66.5432
542.951	81.2722	569.938	0	180	-66.5203
542.886	81.2994	569.864	0	180	-66.4973
542.822	81.3266	569.789	0	180	-66.4744
542.758	81.3538	569.714	0	180	-66.4515
542.694	81.3809	569.64	0	180	-66.4286
542.63	81.4081	569.565	0	180	-66.4057
542.566	81.4353	569.49	0	180	-66.3828
542.502	81.4625	569.416	0	180	-66.3599
542.438	81.4897	569.341	0	180	-66.337
542.374	81.5169	569.266	0	180	-66.314
542.31	81.5441	569.192	0	180	-66.2911
542.246	81.5713	569.117	0	180	-66.2682
542.182	81.5985	569.043	0	180	-66.2453
542.118	81.6257	568.968	0	180	-66.2224
542.053	81.6528	568.893	0	180	-66.1995
541.989	81.68	568.819	0	180	-66.1766
541.925	81.7072	568.744	0	180	-66.1537
541.861	81.7344	568.669	0	180	-66.1307
541.797	81.7616	568.595	0	180	-66.1078
541.733	81.7888	568.52	0	180	-66.0849
541.669	81.816	568.445	0	180	-66.062
541.605	81.8432	568.371	0	180	-66.0391
541.541	81.8704	568.296	0	180	-66.0162
541.477	81.8976	568.221	0	180	-65.9933
541.413	81.9248	568.147	0	180	-65.9704
541.349	81.9519	568.072	0	180	-65.9474
541.285	81.9791	567.998	0	180	-65.9245
541.221	82.0063	567.923	0	180	-65.9016
541.156	82.0335	567.848	0	180	-65.8787
541.092	82.0607	567.774	0	180	-65.8558
541.028	82.0879	567.699	0	180	-65.8329
540.964	82.1151	567.624	0	180	-65.81
540.9	82.1423	567.55	0	180	-65.7871
540.836	82.1695	567.475	0	180	-65.7641
540.772	82.1967	567.4	0	180	-65.7412
540.708	82.2239	567.326	0	180	-65.7183
540.644	82.251	567.251	0	180	-65.6954
540.58	82.2782	567.176	0	180	-65.6725
540.516	82.3054	567.102	0	180	-65.6496
540.452	82.3326	567.027	0	180	-65.6267
540.388	82.3598	566.953	0	180	-65.6038
540.323	82.387	566.878	0	180	-65.5808
540.259	82.4142	566.803	0	180	-65.5579
540.195	82.4414	566.729	0	180	-65.535
540.131	82.4686	566.654	0	180	-65.5121
540.067	82.4958	566.579	0	180	-65.4892
540.003	82.523	566.505	0	180	-65.4663
539.939	82.5501	566.43	0	180	-65.4434
539.875	82.5773	566.355	0	180	-65.4205
539.811	82.6045	566.281	0	180	-65.3975
539.747	82.6317	566.206	0	180	-65.3746
539.683	82.6589	566.132	0	180	-65.3517
539.619	82.6861	566.057	0	180	-65.3288
539.555	82.7133	565.982	0	180	-65.3059
539.49	82.7405	565.908	0	180	-65.283
539.426	82.7677	565.833	0	180	-65.2601
539.362	82.7949	565.758	0	180	-65.2372
539.298	82.8221	565.684	0	180	-65.2142
539.234	82.8492	565.609	0	180	-65.1913
539.17	82.8764	565.534	0	180	-65.1684
539.106	82.9036	565.46	0	180	-65.1455
539.042	82.9308	565.385	0	180	-65.1226
538.978	82.958	565.31	0	180	-65.0997
538.914	82.9852	565.236	0	180	-65.0768
538.85	83.0124	565.161	0	180	-65.0539
538.786	83.0396	565.087	0	180	-65.0309
538.722	83.0668	565.012	0	180	-65.008
538.658	83.094	564.937	0	180	-64.9851
538.593	83.1211	564.863	0	180	-64.9622
538.529	83.1483	564.788	0	180	-64.9393
538.465	83.1755	564.713	0	180	-64.9164
538.401	83.2027	564.639	0	180	-64.8935
538.337	83.2299	564.564	0	180	-64.8706
538.273	83.2571	564.489	0	180	-64.8476
538.209	83.2843	564.415	0	180	-64.8247
538.145	83.3115	564.34	0	180	-64.8018
538.081	83.3387	564.266	0	180	-64.7789
538.017	83.3659	564.191	0	180	-64.756
537.953	83.3931	564.116	0	180	-64.7331
537.889	83.4202	564.042	0	180	-64.7102
537.825	83.4474	563.967	0	180	-64.6873
537.76	83.4746	563.892	0	180	-64.6643
537.696	83.5018	563.818	0	180	-64.6414
537.632	83.529	563.743	0	180	-64.6185
537.568	83.5562	563.668	0	180	-64.5956
537.504	83.5834	563.594	0	180	-64.5727
537.44	83.6106	563.519	0	180	-64.5498
537.376	83.6378	563.444	0	180	-64.5269
537.312	83.665	563.37	0	180	-64.504
537.248	83.6922	563.295	0	180	-64.481
537.184	83.7193	563.221	0	180	-64.4581
537.12	83.7465	563.146	0	180	-64.4352
537.056	83.7737	563.071	0	180	-64.4123
536.992	83.8009	562.997	0	180	-64.3894
536.927	83.8281	562.922	0	180	-64.3665
536.863	83.8553	562.847	0	180	-64.3436
536.799	83.8825	562.773	0	180	-64.3207
536.735	83.9097	562.698	0	180	-64.2977
536.671	83.9369	562.623	0	180	-64.2748
536.607	83.9641	562.549	0	180	-64.2519
536.543	83.9913	562.474	0	180	-64.229
536.479	84.0184	562.4	0	180	-64.2061
536.415	84.0456	562.325	0	180	-64.1832
536.351	84.0728	562.25	0	180	-64.1603
536.287	84.1	562.176	0	180	-64.1374
536.223	84.1272	562.101	0	180	-64.1144
536.159	84.1544	562.026	0	180	-64.0915
536.094	84.1816	561.952	0	180	-64.0686
536.03	84.2088	561.877	0	180	-64.0457
535.966	84.236	561.802	0	180	-64.0228
535.902	84.2632	561.728	0	180	-63.9999
535.838	84.2904	561.653	0	180	-63.977
535.774	84.3175	561.578	0	180	-63.9541
535.71	84.3447	561.504	0	180	-63.9311
535.646	84.3719	561.429	0	180	-63.9082
535.582	84.3991	561.355	0	180	-63.8853
535.518	84.4263	561.28	0	180	-63.8624
535.454	84.4535	561.205	0	180	-63.8395
535.39	84.4807	561.131	0	180	-63.8166
535.326	84.5079	561.056	0	180	-63.7937
535.262	84.5351	560.981	0	180	-63.7708
535.197	84.5623	560.907	0	180	-63.7478
535.133	84.5894	560.832	0	180	-63.7249
535.069	84.6166	560.757	0	180	-63.702
535.005	84.6438	560.683	0	180	-63.6791
534.941	84.671	560.608	0	180	-63.6562
534.877	84.6982	560.534	0	180	-63.6333
534.813	84.7254	560.459	0	180	-63.6104
534.749	84.7526	560.384	0	180	-63.5875
534.685	84.7798	560.31	0	180	-63.5645
534.621	84.807	560.235	0	180	-63.5416
534.557	84.8342	560.16	0	180	-63.5187
534.493	84.8614	560.086	0	180	-63.4958
534.429	84.8885	560.011	0	180	-63.4729
534.364	84.9157	559.936	0	180	-63.45
534.3	84.9429	559.862	0	180	-63.4271
534.236	84.9701	559.787	0	180	-63.4042
534.172	84.9973	559.712	0	180	-63.3812
534.108	85.0245	559.638	0	180	-63.3583
534.044	85.0517	559.563	0	180	-63.3354
533.98	85.0789	559.489	0	180	-63.3125
533.916	85.1061	559.414	0	180	-63.2896
533.852	85.1333	559.339	0	180	-63.2667
533.788	85.1605	559.265	0	180	-63.2438
533.724	85.1876	559.19	0	180	-63.2209
533.66	85.2148	559.115	0	180	-63.1979
533.596	85.242	559.041	0	180	-63.175
533.531	85.2692	558.966	0	180	-63.1521
533.467	85.2964	558.891	0	180	-63.1292
533.403	85.3236	558.817	0	180	-63.1063
533.339	85.3508	558.742	0	180	-63.0834
533.275	85.378	558.668	0	180	-63.0605
533.211	85.4052	558.593	0	180	-63.0376
533.147	85.4324	558.518	0	180	-63.0146
533.083	85.4596	558.444	0	180	-62.9917
533.019	85.4867	558.369	0	180	-62.9688
532.955	85.5139	558.294	0	180	-62.9459
532.891	85.5411	558.22	0	180	-62.923
532.827	85.5683	558.145	0	180	-62.9001
532.763	85.5955	558.07	0	180	-62.8772
532.699	85.6227	557.996	0	180	-62.8543
532.634	85.6499	557.921	0	180	-62.8313
532.57	85.6771	557.846	0	180	-62.8084
532.506	85.7043	557.772	0	180	-62.7855
532.442	85.7315	557.697	0	180	-62.7626
532.378	85.7586	557.623	0	180	-62.7397
532.314	85.7858	557.548	0	180	-62.7168
532.25	85.813	557.473	0	180	-62.6939
532.186	85.8402	557.399	0	180	-62.671
532.122	85.8674	557.324	0	180	-62.648
532.058	85.8946	557.249	0	180	-62.6251
531.994	85.9218	557.175	0	180	-62.6022
531.93	85.949	557.1	0	180	-62.5793
531.866	85.9762	557.025	0	180	-62.5564
531.801	86.0034	556.951	0	180	-62.5335
531.737	86.0306	556.876	0	180	-62.5106
531.673	86.0577	556.802	0	180	-62.4877
531.609	86.0849	556.727	0	180	-62.4647
531.545	86.1121	556.652	0	180	-62.4418
531.481	86.1393	556.578	0	180	-62.4189
531.417	86.1665	556.503	0	180	-62.396
531.353	86.1937	556.428	0	180	-62.3731
531.289	86.2209	556.354	0	180	-62.3502
531.225	86.2481	556.279	0	180	-62.3273
531.161	86.2753	556.204	0	180	-62.3044
531.097	86.3025	556.13	0	180	-62.2814
531.033	86.3297	556.055	0	180	-62.2585
530.968	86.3568	555.98	0	180	-62.2356
530.904	86.384	555.906	0	180	-62.2127
530.84	86.4112	555.831	0	180	-62.1898
530.776	86.4384	555.757	0	180	-62.1669
530.712	86.4656	555.682	0	180	-62.144
530.648	86.4928	555.607	0	180	-62.1211
530.584	86.52	555.533	0	180	-62.0981
530.52	86.5472	555.458	0	180	-62.0752
530.456	86.5744	555.383	0	180	-62.0523
530.392	86.6016	555.309	0	180	-62.0294
530.328	86.6288	555.234	0	180	-62.0065
530.264	86.6559	555.159	0	180	-61.9836
530.2	86.6831	555.085	0	180	-61.9607
530.136	86.7103	555.01	0	180	-61.9378
530.071	86.7375	554.936	0	180	-61.9148
530.007	86.7647	554.861	0	180	-61.8919
529.943	86.7919	554.786	0	180	-61.869
529.879	86.8191	554.712	0	180	-61.8461
529.815	86.8463	554.637	0	180	-61.8232
529.751	86.8735	554.562	0	180	-61.8003
529.687	86.9007	554.488	0	180	-61.7774
529.623	86.9279	554.413	0	180	-61.7545
529.559	86.955	554.338	0	180	-61.7315
529.495	86.9822	554.264	0	180	-61.7086
529.431	87.0094	554.189	0	180	-61.6857
529.367	87.0366	554.114	0	180	-61.6628
529.303	87.0638	554.04	0	180	-61.6399
529.238	87.091	553.965	0	180	-61.617
529.174	87.1182	553.891	0	180	-61.5941
529.11	87.1454	553.816	0	180	-61.5712
529.046	87.1726	553.741	0	180	-61.5482
528.982	87.1998	553.667	0	180	-61.5253
528.918	87.2269	553.592	0	180	-61.5024
528.854	87.2541	553.517	0	180	-61.4795
528.79	87.2813	553.443	0	180	-61.4566
528.726	87.3085	553.368	0	180	-61.4337
528.662	87.3357	553.293	0	180	-61.4108
528.598	87.3629	553.219	0	180	-61.3878
528.534	87.3901	553.144	0	180	-61.3649
528.47	87.4173	553.069	0	180	-61.342
528.405	87.4445	552.995	0	180	-61.3191
528.341	87.4717	552.92	0	180	-61.2962
528.277	87.4989	552.846	0	180	-61.2733
528.213	87.526	552.771	0	180	-61.2504
528.149	87.5532	552.696	0	180	-61.2275
528.085	87.5804	552.622	0	180	-61.2045
528.021	87.6076	552.547	0	180	-61.1816
527.957	87.6348	552.472	0	180	-61.1587
527.893	87.662	552.398	0	180	-61.1358
527.829	87.6892	552.323	0	180	-61.1129
527.765	87.7164	552.248	0	180	-61.09
527.701	87.7436	552.174	0	180	-61.0671
527.637	87.7708	552.099	0	180	-61.0442
527.573	87.798	552.025	0	180	-61.0212
527.508	87.8251	551.95	0	180	-60.9983
527.444	87.8523	551.875	0	180	-60.9754
527.38	87.8795	551.801	0	180	-60.9525
527.316	87.9067	551.726	0	180	-60.9296
527.252	87.9339	551.651	0	180	-60.9067
527.188	87.9611	551.577	0	180	-60.8838
527.124	87.9883	551.502	0	180	-60.8609
527.06	88.0155	551.427	0	180	-60.8379
526.996	88.0427	551.353	0	180	-60.815
526.932	88.0699	551.278	0	180	-60.7921
526.868	88.0971	551.203	0	180	-60.7692
526.804	88.1242	551.129	0	180	-60.7463
526.74	88.1514	551.054	0	180	-60.7234
526.675	88.1786	550.98	0	180	-60.7005
526.611	88.2058	550.905	0	180	-60.6776
526.547	88.233	550.83	0	180	-60.6546
526.483	88.2602	550.756	0	180	-60.6317
526.419	88.2874	550.681	0	180	-60.6088
526.355	88.3146	550.606	0	180	-60.5859
526.291	88.3418	550.532	0	180	-60.563
526.227	88.369	550.457	0	180	-60.5401
526.163	88.3962	550.382	0	180	-60.5172
526.099	88.4233	550.308	0	180	-60.4943
526.035	88.4505	550.233	0	180	-60.4713
525.971	88.4777	550.159	0	180	-60.4484
525.907	88.5049	550.084	0	180	-60.4255
525.842	88.5321	550.009	0	180	-60.4026
525.778	88.5593	549.935	0	180	-60.3797
525.714	88.5865	549.86	0	180	-60.3568
525.65	88.6137	549.785	0	180	-60.3339
525.586	88.6409	549.711	0	180	-60.311
525.522	88.6681	549.636	0	180	-60.288
525.458	88.6952	549.561	0	180	-60.2651
525.394	88.7224	549.487	0	180	-60.2422
525.33	88.7496	549.412	0	180	-60.2193
525.266	88.7768	549.337	0	180	-60.1964
525.202	88.804	549.263	0	180	-60.1735
525.138	88.8312	549.188	0	180	-60.1506
525.074	88.8584	549.114	0	180	-60.1277
525.01	88.8856	549.039	0	180	-60.1047
524.945	88.9128	548.964	0	180	-60.0818
524.881	88.94	548.89	0	180	-60.0589
524.817	88.9672	548.815	0	180	-60.036
524.753	88.9943	548.74	0	180	-60.0131
524.689	89.0215	548.666	0	180	-59.9902
524.625	89.0487	548.591	0	180	-59.9673
524.561	89.0759	548.516	0	180	-59.9444
524.497	89.1031	548.442	0	180	-59.9214
524.433	89.1303	548.367	0	180	-59.8985
524.369	89.1575	548.293	0	180	-59.8756
524.305	89.1847	548.218	0	180	-59.8527
524.241	89.2119	548.143	0	180	-59.8298
524.177	89.2391	548.069	0	180	-59.8069
524.112	89.2663	547.994	0	180	-59.784
524.048	89.2934	547.919	0	180	-59.7611
523.984	89.3206	547.845	0	180	-59.7381
523.92	89.3478	547.77	0	180	-59.7152
523.856	89.375	547.695	0	180	-59.6923
523.792	89.4022	547.621	0	180	-59.6694
523.728	89.4294	547.546	0	180	-59.6465
523.664	89.4566	547.471	0	180	-59.6236
523.6	89.4838	547.397	0	180	-59.6007
523.536	89.511	547.322	0	180	-59.5778
523.472	89.5382	547.248	0	180	-59.5548
523.408	89.5654	547.173	0	180	-59.5319
523.344	89.5925	547.098	0	180	-59.509
523.279	89.6197	547.024	0	180	-59.4861
523.215	89.6469	546.949	0	180	-59.4632
523.151	89.6741	546.874	0	180	-59.4403
523.087	89.7013	546.8	0	180	-59.4174
523.023	89.7285	546.725	0	180	-59.3945
522.959	89.7557	546.65	0	180	-59.3715
522.895	89.7829	546.576	0	180	-59.3486
522.831	89.8101	546.501	0	180	-59.3257
522.767	89.8373	546.427	0	180	-59.3028
522.703	89.8644	546.352	0	180	-59.2799
522.639	89.8916	546.277	0	180	-59.257
522.575	89.9188	546.203	0	180	-59.2341
522.511	89.946	546.128	0	180	-59.2112
522.446	89.9732	546.053	0	180	-59.1882
522.382	90.0004	545.979	0	180	-59.1653
522.318	90.0276	545.904	0	180	-59.1424
522.254	90.0548	545.829	0	180	-59.1195
522.19	90.082	545.755	0	180	-59.0966
522.126	90.1092	545.68	0	180	-59.0737
522.062	90.1364	545.605	0	180	-59.0508
521.998	90.1635	545.531	0	180	-59.0279
521.934	90.1907	545.456	0	180	-59.0049
521.87	90.2179	545.382	0	180	-58.982
521.806	90.2451	545.307	0	180	-58.9591
521.742	90.2723	545.232	0	180	-58.9362
521.678	90.2995	545.158	0	180	-58.9133
521.614	90.3267	545.083	0	180	-58.8904
521.549	90.3539	545.008	0	180	-58.8675
521.485	90.3811	544.934	0	180	-58.8446
521.421	90.4083	544.859	0	180	-58.8216
521.357	90.4355	544.784	0	180	-58.7987
521.293	90.4626	544.71	0	180	-58.7758
521.229	90.4898	544.635	0	180	-58.7529
521.165	90.517	544.561	0	180	-58.73
521.101	90.5442	544.486	0	180	-58.7071
521.037	90.5714	544.411	0	180	-58.6842
520.973	90.5986	544.337	0	180	-58.6613
520.909	90.6258	544.262	0	180	-58.6383
520.845	90.653	544.187	0	180	-58.6154
520.781	90.6802	544.113	0	180	-58.5925
520.716	90.7074	544.038	0	180	-58.5696
520.652	90.7346	543.963	0	180	-58.5467
520.588	90.7617	543.889	0	180	-58.5238
520.524	90.7889	543.814	0	180	-58.5009
520.46	90.8161	543.739	0	180	-58.478
520.396	90.8433	543.665	0	180	-58.455
520.332	90.8705	543.59	0	180	-58.4321
520.268	90.8977	543.516	0	180	-58.4092
520.204	90.9249	543.441	0	180	-58.3863
520.14	90.9521	543.366	0	180	-58.3634
520.076	90.9793	543.292	0	180	-58.3405
520.012	91.0065	543.217	0	180	-58.3176
519.948	91.0337	543.142	0	180	-58.2947
519.883	91.0608	543.068	0	180	-58.2717
519.819	91.088	542.993	0	180	-58.2488
519.755	91.1152	542.918	0	180	-58.2259
519.691	91.1424	542.844	0	180	-58.203
519.627	91.1696	542.769	0	180	-58.1801
519.563	91.1968	542.695	0	180	-58.1572
519.499	91.224	542.62	0	180	-58.1343
519.435	91.2512	542.545	0	180	-58.1114
519.371	91.2784	542.471	0	180	-58.0884
519.307	91.3056	542.396	0	180	-58.0655
519.243	91.3327	542.321	0	180	-58.0426
519.179	91.3599	542.247	0	180	-58.0197
519.115	91.3871	542.172	0	180	-57.9968
519.051	91.4143	542.097	0	180	-57.9739
518.986	91.4415	542.023	0	180	-57.951
518.922	91.4687	541.948	0	180	-57.9281
518.858	91.4959	541.873	0	180	-57.9051
518.794	91.5231	541.799	0	180	-57.8822
518.73	91.5503	541.724	0	180	-57.8593
518.666	91.5775	541.65	0	180	-57.8364
518.602	91.6047	541.575	0	180	-57.8135
518.538	91.6318	541.5	0	180	-57.7906
518.474	91.659	541.426	0	180	-57.7677
518.41	91.6862	541.351	0	180	-57.7448
518.346	91.7134	541.276	0	180	-57.7218
518.282	91.7406	541.202	0	180	-57.6989
518.218	91.7678	541.127	0	180	-57.676
518.153	91.795	541.052	0	180	-57.6531
518.089	91.8222	540.978	0	180	-57.6302
518.025	91.8494	540.903	0	180	-57.6073
517.961	91.8766	540.829	0	180	-57.5844
517.897	91.9038	540.754	0	180	-57.5615
517.833	91.9309	540.679	0	180	-57.5385
517.769	91.9581	540.605	0	180	-57.5156
517.705	91.9853	540.53	0	180	-57.4927
517.641	92.0125	540.455	0	180	-57.4698
517.577	92.0397	540.381	0	180	-57.4469
517.513	92.0669	540.306	0	180	-57.424
517.449	92.0941	540.231	0	180	-57.4011
517.385	92.1213	540.157	0	180	-57.3782
517.32	92.1485	540.082	0	180	-57.3552
517.256	92.1757	540.007	0	180	-57.3323
517.192	92.2029	539.933	0	180	-57.3094
517.128	92.23	539.858	0	180	-57.2865
517.064	92.2572	539.784	0	180	-57.2636
517	92.2844	539.709	0	180	-57.2407
516.936	92.3116	539.634	0	180	-57.2178
516.872	92.3388	539.56	0	180	-57.1949
516.808	92.366	539.485	0	180	-57.1719
516.744	92.3932	539.41	0	180	-57.149
516.68	92.4204	539.336	0	180	-57.1261
516.616	92.4476	539.261	0	180	-57.1032
516.552	92.4748	539.186	0	180	-57.0803
516.488	92.502	539.112	0	180	-57.0574
516.423	92.5291	539.037	0	180	-57.0345
516.359	92.5563	538.963	0	180	-57.0116
516.295	92.5835	538.888	0	180	-56.9886
516.231	92.6107	538.813	0	180	-56.9657
516.167	92.6379	538.739	0	180	-56.9428
516.103	92.6651	538.664	0	180	-56.9199
516.039	92.6923	538.589	0	180	-56.897
515.975	92.7195	538.515	0	180	-56.8741
515.911	92.7467	538.44	0	180	-56.8512
515.847	92.7739	538.365	0	180	-56.8283
515.783	92.801	538.291	0	180	-56.8053
515.719	92.8282	538.216	0	180	-56.7824
515.655	92.8554	538.141	0	180	-56.7595
515.59	92.8826	538.067	0	180	-56.7366
515.526	92.9098	537.992	0	180	-56.7137
515.462	92.937	537.918	0	180	-56.6908
515.398	92.9642	537.843	0	180	-56.6679
515.334	92.9914	537.768	0	180	-56.645
515.27	93.0186	537.694	0	180	-56.622
515.206	93.0458	537.619	0	180	-56.5991
515.142	93.073	537.544	0	180	-56.5762
515.078	93.1001	537.47	0	180	-56.5533
515.014	93.1273	537.395	0	180	-56.5304
514.95	93.1545	537.32	0	180	-56.5075
514.886	93.1817	537.246	0	180	-56.4846
514.822	93.2089	537.171	0	180	-56.4617
514.757	93.2361	537.096	0	180	-56.4387
514.693	93.2633	537.022	0	180	-56.4158
514.629	93.2905	536.947	0	180	-56.3929
514.565	93.3177	536.873	0	180	-56.37
514.501	93.3449	536.798	0	180	-56.3471
514.437	93.3721	536.723	0	180	-56.3242
514.373	93.3992	536.649	0	180	-56.3013
514.309	93.4264	536.574	0	180	-56.2784
514.245	93.4536	536.499	0	180	-56.2554
514.181	93.4808	536.425	0	180	-56.2325
514.117	93.508	536.35	0	180	-56.2096
514.053	93.5352	536.275	0	180	-56.1867
513.989	93.5624	536.201	0	180	-56.1638
513.925	93.5896	536.126	0	180	-56.1409
513.86	93.6168	536.052	0	180	-56.118
513.796	93.644	535.977	0	180	-56.0951
513.732	93.6712	535.902	0	180	-56.0721
513.668	93.6983	535.828	0	180	-56.0492
513.604	93.7255	535.753	0	180	-56.0263
513.54	93.7527	535.678	0	180	-56.0034
513.476	93.7799	535.604	0	180	-55.9805
513.412	93.8071	535.529	0	180	-55.9576
513.348	93.8343	535.454	0	180	-55.9347
513.284	93.8615	535.38	0	180	-55.9118
513.22	93.8887	535.305	0	180	-55.8888
513.156	93.9159	535.23	0	180	-55.8659
513.092	93.9431	535.156	0	180	-55.843
513.027	93.9702	535.081	0	180	-55.8201
512.963	93.9974	535.007	0	180	-55.7972
512.899	94.0246	534.932	0	180	-55.7743
512.835	94.0518	534.857	0	180	-55.7514
512.771	94.079	534.783	0	180	-55.7285
512.707	94.1062	534.708	0	180	-55.7055
512.643	94.1334	534.633	0	180	-55.6826
512.579	94.1606	534.559	0	180	-55.6597
512.515	94.1878	534.484	0	180	-55.6368
512.451	94.215	534.409	0	180	-55.6139
512.387	94.2422	534.335	0	180	-55.591
512.323	94.2693	534.26	0	180	-55.5681
512.259	94.2965	534.186	0	180	-55.5452
512.194	94.3237	534.111	0	180	-55.5222
512.13	94.3509	534.036	0	180	-55.4993
512.066	94.3781	533.962	0	180	-55.4764
512.002	94.4053	533.887	0	180	-55.4535
511.938	94.4325	533.812	0	180	-55.4306
511.874	94.4597	533.738	0	180	-55.4077
511.81	94.4869	533.663	0	180	-55.3848
511.746	94.5141	533.588	0	180	-55.3619
511.682	94.5413	533.514	0	180	-55.3389
511.618	94.5684	533.439	0	180	-55.316
511.554	94.5956	533.364	0	180	-55.2931
511.49	94.6228	533.29	0	180	-55.2702
511.426	94.65	533.215	0	180	-55.2473
511.362	94.6772	533.141	0	180	-55.2244
511.297	94.7044	533.066	0	180	-55.2015
511.233	94.7316	532.991	0	180	-55.1786
511.169	94.7588	532.917	0	180	-55.1556
511.105	94.786	532.842	0	180	-55.1327
511.041	94.8132	532.767	0	180	-55.1098
510.977	94.8404	532.693	0	180	-55.0869
510.913	94.8675	532.618	0	180	-55.064
510.849	94.8947	532.543	0	180	-55.0411
510.785	94.9219	532.469	0	180	-55.0182
510.721	94.9491	532.394	0	180	-54.9953
510.657	94.9763	532.32	0	180	-54.9723
510.593	95.0035	532.245	0	180	-54.9494
510.529	95.0307	532.17	0	180	-54.9265
510.464	95.0579	532.096	0	180	-54.9036
510.4	95.0851	532.021	0	180	-54.8807
510.336	95.1123	531.946	0	180	-54.8578
510.272	95.1395	531.872	0	180	-54.8349
510.208	95.1666	531.797	0	180	-54.812
510.144	95.1938	531.722	0	180	-54.789
510.08	95.221	531.648	0	180	-54.7661
510.016	95.2482	531.573	0	180	-54.7432
509.952	95.2754	531.498	0	180	-54.7203
509.888	95.3026	531.424	0	180	-54.6974
509.824	95.3298	531.349	0	180	-54.6745
509.76	95.357	531.275	0	180	-54.6516
509.696	95.3842	531.2	0	180	-54.6287
509.631	95.4114	531.125	0	180	-54.6057
509.567	95.4385	531.051	0	180	-54.5828
509.503	95.4657	530.976	0	180	-54.5599
509.439	95.4929	530.901	0	180	-54.537
509.375	95.5201	530.827	0	180	-54.5141
509.311	95.5473	530.752	0	180	-54.4912
509.247	95.5745	530.677	0	180	-54.4683
509.183	95.6017	530.603	0	180	-54.4454
509.119	95.6289	530.528	0	180	-54.4224
509.055	95.6561	530.454	0	180	-54.3995
508.991	95.6833	530.379	0	180	-54.3766
508.927	95.7105	530.304	0	180	-54.3537
508.863	95.7376	530.23	0	180	-54.3308
508.798	95.7648	530.155	0	180	-54.3079
508.734	95.792	530.08	0	180	-54.285
508.67	95.8192	530.006	0	180	-54.2621
508.606	95.8464	529.931	0	180	-54.2391
508.542	95.8736	529.856	0	180	-54.2162
508.478	95.9008	529.782	0	180	-54.1933
508.414	95.928	529.707	0	180	-54.1704
508.35	95.9552	529.632	0	180	-54.1475
508.286	95.9824	529.558	0	180	-54.1246
508.222	96.0096	529.483	0	180	-54.1017
508.158	96.0367	529.409	0	180	-54.0788
508.094	96.0639	529.334	0	180	-54.0558
508.03	96.0911	529.259	0	180	-54.0329
507.966	96.1183	529.185	0	180	-54.01
507.901	96.1455	529.11	0	180	-53.9871
507.837	96.1727	529.035	0	180	-53.9642
507.773	96.1999	528.961	0	180	-53.9413
507.709	96.2271	528.886	0	180	-53.9184
507.645	96.2543	528.811	0	180	-53.8955
507.581	96.2815	528.737	0	180	-53.8725
507.517	96.3087	528.662	0	180	-53.8496
507.453	96.3358	528.588	0	180	-53.8267
507.389	96.363	528.513	0	180	-53.8038
507.325	96.3902	528.438	0	180	-53.7809
507.261	96.4174	528.364	0	180	-53.758
507.197	96.4446	528.289	0	180	-53.7351
507.133	96.4718	528.214	0	180	-53.7122
507.068	96.499	528.14	0	180	-53.6892
507.004	96.5262	528.065	0	180	-53.6663
506.94	96.5534	527.99	0	180	-53.6434
506.876	96.5806	527.916	0	180	-53.6205
506.812	96.6078	527.841	0	180	-53.5976
506.748	96.6349	527.766	0	180	-53.5747
506.684	96.6621	527.692	0	180	-53.5518
506.62	96.6893	527.617	0	180	-53.5289
506.556	96.7165	527.543	0	180	-53.5059
506.492	96.7437	527.468	0	180	-53.483
506.428	96.7709	527.393	0	180	-53.4601
506.364	96.7981	527.319	0	180	-53.4372
506.3	96.8253	527.244	0	180	-53.4143
506.235	96.8525	527.169	0	180	-53.3914
506.171	96.8797	527.095	0	180	-53.3685
506.107	96.9068	527.02	0	180	-53.3456
506.043	96.934	526.945	0	180	-53.3226
505.979	96.9612	526.871	0	180	-53.2997
505.915	96.9884	526.796	0	180	-53.2768
505.851	97.0156	526.722	0	180	-53.2539
505.787	97.0428	526.647	0	180	-53.231
505.723	97.07	526.572	0	180	-53.2081
505.659	97.0972	526.498	0	180	-53.1852
505.595	97.1244	526.423	0	180	-53.1623
505.531	97.1516	526.348	0	180	-53.1393
505.467	97.1788	526.274	0	180	-53.1164
505.403	97.2059	526.199	0	180	-53.0935
505.338	97.2331	526.124	0	180	-53.0706
505.274	97.2603	526.05	0	180	-53.0477
505.21	97.2875	525.975	0	180	-53.0248
505.146	97.3147	525.9	0	180	-53.0019
505.082	97.3419	525.826	0	180	-52.979
505.018	97.3691	525.751	0	180	-52.956
504.954	97.3963	525.677	0	180	-52.9331
504.89	97.4235	525.602	0	180	-52.9102
504.826	97.4507	525.527	0	180	-52.8873
504.762	97.4779	525.453	0	180	-52.8644
504.698	97.505	525.378	0	180	-52.8415
504.634	97.5322	525.303	0	180	-52.8186
504.57	97.5594	525.229	0	180	-52.7957
504.505	97.5866	525.154	0	180	-52.7727
504.441	97.6138	525.079	0	180	-52.7498
504.377	97.641	525.005	0	180	-52.7269
504.313	97.6682	524.93	0	180	-52.704
504.249	97.6954	524.856	0	180	-52.6811
504.185	97.7226	524.781	0	180	-52.6582
504.121	97.7498	524.706	0	180	-52.6353
504.057	97.777	524.632	0	180	-52.6124
503.993	97.8041	524.557	0	180	-52.5894
503.929	97.8313	524.482	0	180	-52.5665
503.865	97.8585	524.408	0	180	-52.5436
503.801	97.8857	524.333	0	180	-52.5207
503.737	97.9129	524.258	0	180	-52.4978
503.672	97.9401	524.184	0	180	-52.4749
503.608	97.9673	524.109	0	180	-52.452
503.544	97.9945	524.034	0	180	-52.4291
503.48	98.0217	523.96	0	180	-52.4061
503.416	98.0489	523.885	0	180	-52.3832
503.352	98.076	523.811	0	180	-52.3603
503.288	98.1032	523.736	0	180	-52.3374
503.224	98.1304	523.661	0	180	-52.3145
503.16	98.1576	523.587	0	180	-52.2916
503.096	98.1848	523.512	0	180	-52.2687
503.032	98.212	523.437	0	180	-52.2458
502.968	98.2392	523.363	0	180	-52.2228
502.904	98.2664	523.288	0	180	-52.1999
502.84	98.2936	523.213	0	180	-52.177
502.775	98.3208	523.139	0	180	-52.1541
502.711	98.348	523.064	0	180	-52.1312
502.647	98.3751	522.99	0	180	-52.1083
502.583	98.4023	522.917	0	180	-52.0854
502.519	98.4295	522.846	0	180	-52.0625
502.455	98.4567	522.775	0	180	-52.0395
502.391	98.4839	522.705	0	180	-52.0166
502.327	98.5111	522.636	0	180	-51.9937
502.263	98.5383	522.568	0	180	-51.9708
502.199	98.5655	522.501	0	180	-51.9479
502.135	98.5927	522.436	0	180	-51.925
502.071	98.6199	522.371	0	180	-51.9021
502.007	98.6471	522.307	0	180	-51.8792
501.944	98.6742	522.244	0	180	-51.8562
501.882	98.7014	522.182	0	180	-51.8333
501.821	98.7286	522.121	0	180	-51.8104
501.761	98.7558	522.061	0	180	-51.7875
501.703	98.783	522.003	0	180	-51.7646
501.645	98.8102	521.945	0	180	-51.7417
501.588	98.8374	521.888	0	180	-51.7188
501.532	98.8646	521.832	0	180	-51.6959
501.477	98.8918	521.777	0	180	-51.6729
501.423	98.919	521.723	0	180	-51.65
501.37	98.9462	521.67	0	180	-51.6271
501.319	98.9733	521.619	0	180	-51.6042
501.268	99.0005	521.568	0	180	-51.5813
501.218	99.0277	521.518	0	180	-51.5584
501.169	99.0549	521.469	0	180	-51.5355
501.121	99.0821	521.421	0	180	-51.5126
501.074	99.1093	521.374	0	180	-51.4896
501.028	99.1365	521.328	0	180	-51.4667
500.984	99.1637	521.284	0	180	-51.4438
500.94	99.1909	521.24	0	180	-51.4209
500.897	99.2181	521.197	0	180	-51.398
500.855	99.2453	521.155	0	180	-51.3751
500.814	99.2724	521.114	0	180	-51.3522
500.774	99.2996	521.074	0	180	-51.3293
500.735	99.3268	521.035	0	180	-51.3063
500.698	99.354	520.998	0	180	-51.2834
500.661	99.3812	520.961	0	180	-51.2605
500.625	99.4084	520.925	0	180	-51.2376
500.59	99.4356	520.89	0	180	-51.2147
500.556	99.4628	520.856	0	180	-51.1918
500.523	99.49	520.823	0	180	-51.1689
500.492	99.5172	520.792	0	180	-51.146
500.461	99.5443	520.761	0	180	-51.123
500.431	99.5715	520.731	0	180	-51.1001
500.402	99.5987	520.702	0	180	-51.0772
500.374	99.6259	520.674	0	180	-51.0543
500.347	99.6528	520.647	0	180	-51.0314
500.321	99.6786	520.621	0	180	-51.0085
500.297	99.7035	520.597	0	180	-50.9856
500.273	99.7273	520.573	0	180	-50.9627
500.25	99.7502	520.55	0	180	-50.9399
500.228	99.772	520.528	0	180	-50.918
500.207	99.7929	520.507	0	180	-50.8972
500.187	99.8127	520.487	0	180	-50.8773
500.168	99.8316	520.468	0	180	-50.8585
500.151	99.8494	520.451	0	180	-50.8406
500.134	99.8663	520.434	0	180	-50.8238
500.118	99.8821	520.418	0	180	-50.8079
500.103	99.897	520.403	0	180	-50.7931
500.089	99.9108	520.389	0	180	-50.7792
500.076	99.9237	520.376	0	180	-50.7664
500.064	99.9356	520.364	0	180	-50.7545
500.054	99.9464	520.354	0	180	-50.7437
500.044	99.9563	520.344	0	180	-50.7338
500.035	99.9651	520.335	0	180	-50.725
500.027	99.973	520.327	0	180	-50.7171
500.02	99.9798	520.32	0	180	-50.7102
500.014	99.9857	520.314	0	180	-50.7044
500.009	99.9905	520.309	0	180	-50.6995
500.006	99.9944	520.306	0	180	-50.6957
500.003	99.9972	520.303	0	180	-50.6928
500.001	99.9991	520.301	0	180	-50.691
500	99.9999	520.3	0	180	-50.6901
