500	100	520.3	0	180	-50.6901
500	99.9995	520.3	0	180	-50.6906
499.998	99.998	520.302	0	180	-50.6921
499.995	99.9955	520.304	0	180	-50.6946
499.992	99.992	520.308	0	180	-50.6981
499.988	99.9875	520.312	0	180	-50.7026
499.983	99.982	520.318	0	180	-50.7081
499.978	99.9755	520.324	0	180	-50.7146
499.974	99.968	520.332	0	180	-50.7221
499.969	99.9595	520.341	0	180	-50.7306
499.964	99.95	520.35	0	180	-50.7401
499.96	99.9395	520.361	0	180	-50.7506
499.955	99.928	520.372	0	180	-50.7621
499.95	99.9155	520.385	0	180	-50.7746
499.946	99.902	520.398	0	180	-50.7881
499.941	99.8875	520.412	0	180	-50.8026
499.937	99.872	520.428	0	180	-50.8181
499.932	99.8555	520.444	0	180	-50.8346
499.927	99.838	520.462	0	180	-50.8521
499.923	99.8195	520.481	0	180	-50.8706
499.918	99.8	520.5	0	180	-50.8901
499.913	99.7795	520.52	0	180	-50.9106
499.909	99.758	520.542	0	180	-50.9321
499.904	99.7355	520.564	0	180	-50.9546
499.899	99.712	520.588	0	180	-50.9781
499.895	99.6875	520.613	0	180	-51.0026
499.89	99.662	520.638	0	180	-51.0281
499.886	99.6355	520.664	0	180	-51.0546
499.881	99.608	520.692	0	180	-51.0821
499.876	99.5795	520.721	0	180	-51.1106
499.872	99.55	520.75	0	180	-51.1401
499.867	99.5195	520.78	0	180	-51.1706
499.862	99.488	520.812	0	180	-51.2021
499.858	99.4555	520.844	0	180	-51.2346
499.853	99.422	520.878	0	180	-51.2681
499.848	99.3875	520.913	0	180	-51.3026
499.844	99.352	520.948	0	180	-51.3381
499.839	99.3155	520.984	0	180	-51.3746
499.835	99.278	521.022	0	180	-51.4121
499.83	99.2395	521.061	0	180	-51.4506
499.825	99.2	521.1	0	180	-51.4901
499.821	99.1595	521.14	0	180	-51.5306
499.816	99.118	521.182	0	180	-51.5721
499.811	99.0755	521.223	0	180	-51.6146
499.807	99.032	521.265	0	180	-51.6581
499.802	98.9875	521.306	0	180	-51.7026
499.797	98.942	521.347	0	180	-51.7481
499.793	98.8955	521.389	0	180	-51.7946
499.788	98.848	521.43	0	180	-51.8421
499.784	98.7995	521.471	0	180	-51.8906
499.779	98.75	521.513	0	180	-51.9401
499.774	98.6995	521.554	0	180	-51.9905
499.77	98.648	521.596	0	180	-52.0411
499.765	98.5955	521.637	0	180	-52.0917
499.76	98.542	521.678	0	180	-52.1423
499.756	98.4875	521.72	0	180	-52.1929
499.751	98.432	521.761	0	180	-52.2434
499.746	98.3755	521.803	0	180	-52.294
499.742	98.318	521.844	0	180	-52.3446
499.737	98.2595	521.885	0	180	-52.3952
499.733	98.2	521.927	0	180	-52.4458
499.728	98.1395	521.968	0	180	-52.4964
499.723	98.078	522.009	0	180	-52.547
499.719	98.0155	522.051	0	180	-52.5976
499.714	97.952	522.092	0	180	-52.6482
499.709	97.8875	522.134	0	180	-52.6988
499.705	97.822	522.175	0	180	-52.7494
499.7	97.7555	522.216	0	180	-52.8
499.695	97.688	522.258	0	180	-52.8506
499.691	97.6195	522.299	0	180	-52.9011
499.686	97.55	522.341	0	180	-52.9517
499.682	97.4795	522.382	0	180	-53.0023
499.677	97.408	522.423	0	180	-53.0529
499.672	97.3355	522.465	0	180	-53.1035
499.668	97.262	522.506	0	180	-53.1541
499.663	97.1875	522.547	0	180	-53.2047
499.658	97.112	522.589	0	180	-53.2553
499.654	97.0355	522.63	0	180	-53.3059
499.649	96.958	522.672	0	180	-53.3565
499.644	96.8795	522.713	0	180	-53.4071
499.64	96.8	522.754	0	180	-53.4577
499.635	96.7195	522.796	0	180	-53.5083
499.631	96.638	522.837	0	180	-53.5588
499.626	96.5555	522.878	0	180	-53.6094
499.621	96.472	522.92	0	180	-53.66
499.617	96.3875	522.961	0	180	-53.7106
499.612	96.3021	523.003	0	180	-53.7612
499.607	96.2164	523.044	0	180	-53.8118
499.603	96.1308	523.085	0	180	-53.8624
499.598	96.0451	523.127	0	180	-53.913
499.593	95.9595	523.168	0	180	-53.9636
499.589	95.8738	523.21	0	180	-54.0142
499.584	95.7882	523.251	0	180	-54.0648
499.58	95.7025	523.292	0	180	-54.1154
499.575	95.6169	523.334	0	180	-54.166
499.57	95.5312	523.375	0	180	-54.2165
499.566	95.4456	523.416	0	180	-54.2671
499.561	95.36	523.458	0	180	-54.3177
499.556	95.2743	523.499	0	180	-54.3683
499.552	95.1887	523.541	0	180	-54.4189
499.547	95.103	523.582	0	180	-54.4695
499.542	95.0174	523.623	0	180	-54.5201
499.538	94.9317	523.665	0	180	-54.5707
499.533	94.8461	523.706	0	180	-54.6213
499.529	94.7604	523.748	0	180	-54.6719
499.524	94.6748	523.789	0	180	-54.7225
499.519	94.5891	523.83	0	180	-54.7731
499.515	94.5035	523.872	0	180	-54.8237
499.51	94.4178	523.913	0	180	-54.8742
499.505	94.3322	523.954	0	180	-54.9248
499.501	94.2466	523.996	0	180	-54.9754
499.496	94.1609	524.037	0	180	-55.026
499.491	94.0753	524.079	0	180	-55.0766
499.487	93.9896	524.12	0	180	-55.1272
499.482	93.904	524.161	0	180	-55.1778
499.478	93.8183	524.203	0	180	-55.2284
499.473	93.7327	524.244	0	180	-55.279
499.468	93.647	524.285	0	180	-55.3296
499.464	93.5614	524.327	0	180	-55.3802
499.459	93.4757	524.368	0	180	-55.4308
499.454	93.3901	524.41	0	180	-55.4814
499.45	93.3044	524.451	0	180	-55.5319
499.445	93.2188	524.492	0	180	-55.5825
499.44	93.1332	524.534	0	180	-55.6331
499.436	93.0475	524.575	0	180	-55.6837
499.431	92.9619	524.617	0	180	-55.7343
499.427	92.8762	524.658	0	180	-55.7849
499.422	92.7906	524.699	0	180	-55.8355
499.417	92.7049	524.741	0	180	-55.8861
499.413	92.6193	524.782	0	180	-55.9367
499.408	92.5336	524.823	0	180	-55.9873
499.403	92.448	524.865	0	180	-56.0379
499.399	92.3623	524.906	0	180	-56.0885
499.394	92.2767	524.948	0	180	-56.1391
499.389	92.191	524.989	0	180	-56.1896
499.385	92.1054	525.03	0	180	-56.2402
499.38	92.0198	525.072	0	180	-56.2908
499.376	91.9341	525.113	0	180	-56.3414
499.371	91.8485	525.155	0	180	-56.392
499.366	91.7628	525.196	0	180	-56.4426
499.362	91.6772	525.237	0	180	-56.4932
499.357	91.5915	525.279	0	180	-56.5438
499.352	91.5059	525.32	0	180	-56.5944
499.348	91.4202	525.361	0	180	-56.645
499.343	91.3346	525.403	0	180	-56.6956
499.338	91.2489	525.444	0	180	-56.7462
499.334	91.1633	525.486	0	180	-56.7968
499.329	91.0776	525.527	0	180	-56.8473
499.325	90.992	525.568	0	180	-56.8979
499.32	90.9064	525.61	0	180	-56.9485
499.315	90.8207	525.651	0	180	-56.9991
499.311	90.7351	525.692	0	180	-57.0497
499.306	90.6494	525.734	0	180	-57.1003
499.301	90.5638	525.775	0	180	-57.1509
499.297	90.4781	525.817	0	180	-57.2015
499.292	90.3925	525.858	0	180	-57.2521
499.287	90.3068	525.899	0	180	-57.3027
499.283	90.2212	525.941	0	180	-57.3533
499.278	90.1355	525.982	0	180	-57.4039
499.274	90.0499	526.024	0	180	-57.4545
499.269	89.9643	526.065	0	180	-57.505
499.264	89.8786	526.106	0	180	-57.5556
499.26	89.793	526.148	0	180	-57.6062
499.255	89.7073	526.189	0	180	-57.6568
499.25	89.6217	526.23	0	180	-57.7074
499.246	89.536	526.272	0	180	-57.758
499.241	89.4504	526.313	0	180	-57.8086
499.236	89.3647	526.355	0	180	-57.8592
499.232	89.2791	526.396	0	180	-57.9098
499.227	89.1934	526.437	0	180	-57.9604
499.223	89.1078	526.479	0	180	-58.011
499.218	89.0221	526.52	0	180	-58.0616
499.213	88.9365	526.562	0	180	-58.1122
499.209	88.8509	526.603	0	180	-58.1627
499.204	88.7652	526.644	0	180	-58.2133
499.199	88.6796	526.686	0	180	-58.2639
499.195	88.5939	526.727	0	180	-58.3145
499.19	88.5083	526.768	0	180	-58.3651
499.185	88.4226	526.81	0	180	-58.4157
499.181	88.337	526.851	0	180	-58.4663
499.176	88.2513	526.893	0	180	-58.5169
499.172	88.1657	526.934	0	180	-58.5675
499.167	88.08	526.975	0	180	-58.6181
499.162	87.9944	527.017	0	180	-58.6687
499.158	87.9087	527.058	0	180	-58.7193
499.153	87.8231	527.099	0	180	-58.7699
499.148	87.7375	527.141	0	180	-58.8204
499.144	87.6518	527.182	0	180	-58.871
499.139	87.5662	527.224	0	180	-58.9216
499.134	87.4805	527.265	0	180	-58.9722
499.13	87.3949	527.306	0	180	-59.0228
499.125	87.3092	527.348	0	180	-59.0734
499.121	87.2236	527.389	0	180	-59.124
499.116	87.1379	527.431	0	180	-59.1746
499.111	87.0523	527.472	0	180	-59.2252
499.107	86.9666	527.513	0	180	-59.2758
499.102	86.881	527.555	0	180	-59.3264
499.097	86.7953	527.596	0	180	-59.377
499.093	86.7097	527.637	0	180	-59.4276
499.088	86.6241	527.679	0	180	-59.4781
499.083	86.5384	527.72	0	180	-59.5287
499.079	86.4528	527.762	0	180	-59.5793
499.074	86.3671	527.803	0	180	-59.6299
499.07	86.2815	527.844	0	180	-59.6805
499.065	86.1958	527.886	0	180	-59.7311
499.06	86.1102	527.927	0	180	-59.7817
499.056	86.0245	527.968	0	180	-59.8323
499.051	85.9389	528.01	0	180	-59.8829
499.046	85.8532	528.051	0	180	-59.9335
499.042	85.7676	528.093	0	180	-59.9841
499.037	85.6819	528.134	0	180	-60.0347
499.032	85.5963	528.175	0	180	-60.0853
499.028	85.5107	528.217	0	180	-60.1358
499.023	85.425	528.258	0	180	-60.1864
499.019	85.3394	528.3	0	180	-60.237
499.014	85.2537	528.341	0	180	-60.2876
499.009	85.1681	528.382	0	180	-60.3382
499.005	85.0824	528.424	0	180	-60.3888
499	84.9968	528.465	0	180	-60.4394
498.995	84.9111	528.506	0	180	-60.49
498.991	84.8255	528.548	0	180	-60.5406
498.986	84.7398	528.589	0	180	-60.5912
498.981	84.6542	528.631	0	180	-60.6418
498.977	84.5685	528.672	0	180	-60.6924
498.972	84.4829	528.713	0	180	-60.743
498.968	84.3973	528.755	0	180	-60.7935
498.963	84.3116	528.796	0	180	-60.8441
498.958	84.226	528.838	0	180	-60.8947
498.954	84.1403	528.879	0	180	-60.9453
498.949	84.0547	528.92	0	180	-60.9959
498.944	83.969	528.962	0	180	-61.0465
498.94	83.8834	529.003	0	180	-61.0971
498.935	83.7977	529.044	0	180	-61.1477
498.93	83.7121	529.086	0	180	-61.1983
498.926	83.6264	529.127	0	180	-61.2489
498.921	83.5408	529.169	0	180	-61.2995
498.917	83.4551	529.21	0	180	-61.3501
498.912	83.3695	529.251	0	180	-61.4007
498.907	83.2839	529.293	0	180	-61.4512
498.903	83.1982	529.334	0	180	-61.5018
498.898	83.1126	529.375	0	180	-61.5524
498.893	83.0269	529.417	0	180	-61.603
498.889	82.9413	529.458	0	180	-61.6536
498.884	82.8556	529.5	0	180	-61.7042
498.879	82.77	529.541	0	180	-61.7548
498.875	82.6843	529.582	0	180	-61.8054
498.87	82.5987	529.624	0	180	-61.856
498.866	82.513	529.665	0	180	-61.9066
498.861	82.4274	529.707	0	180	-61.9572
498.856	82.3417	529.748	0	180	-62.0078
498.852	82.2561	529.789	0	180	-62.0584
498.847	82.1705	529.831	0	180	-62.1089
498.842	82.0848	529.872	0	180	-62.1595
498.838	81.9992	529.913	0	180	-62.2101
498.833	81.9135	529.955	0	180	-62.2607
498.828	81.8279	529.996	0	180	-62.3113
498.824	81.7422	530.038	0	180	-62.3619
498.819	81.6566	530.079	0	180	-62.4125
498.815	81.5709	530.12	0	180	-62.4631
498.81	81.4853	530.162	0	180	-62.5137
498.805	81.3996	530.203	0	180	-62.5643
498.801	81.314	530.245	0	180	-62.6149
498.796	81.2283	530.286	0	180	-62.6655
498.791	81.1427	530.327	0	180	-62.7161
498.787	81.0571	530.369	0	180	-62.7667
498.782	80.9714	530.41	0	180	-62.8172
498.777	80.8858	530.451	0	180	-62.8678
498.773	80.8001	530.493	0	180	-62.9184
498.768	80.7145	530.534	0	180	-62.969
498.764	80.6288	530.576	0	180	-63.0196
498.759	80.5432	530.617	0	180	-63.0702
498.754	80.4575	530.658	0	180	-63.1208
498.75	80.3719	530.7	0	180	-63.1714
498.745	80.2862	530.741	0	180	-63.222
498.74	80.2006	530.782	0	180	-63.2726
498.736	80.1149	530.824	0	180	-63.3232
498.731	80.0293	530.865	0	180	-63.3738
498.726	79.9437	530.907	0	180	-63.4244
498.722	79.858	530.948	0	180	-63.4749
498.717	79.7724	530.989	0	180	-63.5255
498.713	79.6867	531.031	0	180	-63.5761
498.708	79.6011	531.072	0	180	-63.6267
498.703	79.5154	531.114	0	180	-63.6773
498.699	79.4298	531.155	0	180	-63.7279
498.694	79.3441	531.196	0	180	-63.7785
498.689	79.2585	531.238	0	180	-63.8291
498.685	79.1728	531.279	0	180	-63.8797
498.68	79.0872	531.32	0	180	-63.9303
498.675	79.0015	531.362	0	180	-63.9809
498.671	78.9159	531.403	0	180	-64.0315
498.666	78.8303	531.445	0	180	-64.0821
498.662	78.7446	531.486	0	180	-64.1326
498.657	78.659	531.527	0	180	-64.1832
498.652	78.5733	531.569	0	180	-64.2338
498.648	78.4877	531.61	0	180	-64.2844
498.643	78.402	531.652	0	180	-64.335
498.638	78.3164	531.693	0	180	-64.3856
498.634	78.2307	531.734	0	180	-64.4362
498.629	78.1451	531.776	0	180	-64.4868
498.624	78.0594	531.817	0	180	-64.5374
498.62	77.9738	531.858	0	180	-64.588
498.615	77.8881	531.9	0	180	-64.6386
498.611	77.8025	531.941	0	180	-64.6892
498.606	77.7169	531.983	0	180	-64.7398
498.601	77.6312	532.024	0	180	-64.7903
498.597	77.5456	532.065	0	180	-64.8409
498.592	77.4599	532.107	0	180	-64.8915
498.587	77.3743	532.148	0	180	-64.9421
498.583	77.2886	532.189	0	180	-64.9927
498.578	77.203	532.231	0	180	-65.0433
498.573	77.1173	532.272	0	180	-65.0939
498.569	77.0317	532.314	0	180	-65.1445
498.564	76.946	532.355	0	180	-65.1951
498.56	76.8604	532.396	0	180	-65.2457
498.555	76.7747	532.438	0	180	-65.2963
498.55	76.6891	532.479	0	180	-65.3469
498.546	76.6035	532.521	0	180	-65.3975
498.541	76.5178	532.562	0	180	-65.448
498.536	76.4322	532.603	0	180	-65.4986
498.532	76.3465	532.645	0	180	-65.5492
498.527	76.2609	532.686	0	180	-65.5998
498.522	76.1752	532.727	0	180	-65.6504
498.518	76.0896	532.769	0	180	-65.701
498.513	76.0039	532.81	0	180	-65.7516
498.509	75.9183	532.852	0	180	-65.8022
498.504	75.8326	532.893	0	180	-65.8528
498.499	75.747	532.934	0	180	-65.9034
498.495	75.6614	532.976	0	180	-65.954
498.49	75.5757	533.017	0	180	-66.0046
498.485	75.4901	533.059	0	180	-66.0552
498.481	75.4044	533.1	0	180	-66.1057
498.476	75.3188	533.141	0	180	-66.1563
498.471	75.2331	533.183	0	180	-66.2069
498.467	75.1475	533.224	0	180	-66.2575
498.462	75.0618	533.265	0	180	-66.3081
498.458	74.9762	533.307	0	180	-66.3587
498.453	74.8905	533.348	0	180	-66.4093
498.448	74.8049	533.39	0	180	-66.4599
498.444	74.7192	533.431	0	180	-66.5105
498.439	74.6336	533.472	0	180	-66.5611
498.434	74.548	533.514	0	180	-66.6117
498.43	74.4623	533.555	0	180	-66.6623
498.425	74.3767	533.596	0	180	-66.7129
498.42	74.291	533.638	0	180	-66.7634
498.416	74.2054	533.679	0	180	-66.814
498.411	74.1197	533.721	0	180	-66.8646
498.407	74.0341	533.762	0	180	-66.9152
498.402	73.9484	533.803	0	180	-66.9658
498.397	73.8628	533.845	0	180	-67.0164
498.393	73.7771	533.886	0	180	-67.067
498.388	73.6915	533.928	0	180	-67.1176
498.383	73.6058	533.969	0	180	-67.1682
498.379	73.5202	534.01	0	180	-67.2188
498.374	73.4346	534.052	0	180	-67.2694
498.369	73.3489	534.093	0	180	-67.32
498.365	73.2633	534.134	0	180	-67.3706
498.36	73.1776	534.176	0	180	-67.4211
498.356	73.092	534.217	0	180	-67.4717
498.351	73.0063	534.259	0	180	-67.5223
498.346	72.9207	534.3	0	180	-67.5729
498.342	72.835	534.341	0	180	-67.6235
498.337	72.7494	534.383	0	180	-67.6741
498.332	72.6637	534.424	0	180	-67.7247
498.328	72.5781	534.466	0	180	-67.7753
498.323	72.4924	534.507	0	180	-67.8259
498.318	72.4068	534.548	0	180	-67.8765
498.314	72.3212	534.59	0	180	-67.9271
498.309	72.2355	534.631	0	180	-67.9777
498.305	72.1499	534.672	0	180	-68.0283
498.3	72.0642	534.714	0	180	-68.0788
498.295	71.9786	534.755	0	180	-68.1294
498.291	71.8929	534.797	0	180	-68.18
498.286	71.8073	534.838	0	180	-68.2306
498.281	71.7216	534.879	0	180	-68.2812
498.277	71.636	534.921	0	180	-68.3318
498.272	71.5503	534.962	0	180	-68.3824
498.268	71.4647	535.003	0	180	-68.433
498.263	71.379	535.045	0	180	-68.4836
498.258	71.2934	535.086	0	180	-68.5342
498.254	71.2078	535.128	0	180	-68.5848
498.249	71.1221	535.169	0	180	-68.6354
498.244	71.0365	535.21	0	180	-68.686
498.24	70.9508	535.252	0	180	-68.7365
498.235	70.8652	535.293	0	180	-68.7871
498.23	70.7795	535.335	0	180	-68.8377
498.226	70.6939	535.376	0	180	-68.8883
498.221	70.6082	535.417	0	180	-68.9389
498.217	70.5226	535.459	0	180	-68.9895
498.212	70.4369	535.5	0	180	-69.0401
498.207	70.3513	535.541	0	180	-69.0907
498.203	70.2656	535.583	0	180	-69.1413
498.198	70.18	535.624	0	180	-69.1919
498.193	70.0944	535.666	0	180	-69.2425
498.189	70.0087	535.707	0	180	-69.2931
498.184	69.9231	535.748	0	180	-69.3437
498.179	69.8374	535.79	0	180	-69.3942
498.175	69.7518	535.831	0	180	-69.4448
498.17	69.6661	535.873	0	180	-69.4954
498.166	69.5805	535.914	0	180	-69.546
498.161	69.4948	535.955	0	180	-69.5966
498.156	69.4092	535.997	0	180	-69.6472
498.152	69.3235	536.038	0	180	-69.6978
498.147	69.2379	536.079	0	180	-69.7484
498.142	69.1522	536.121	0	180	-69.799
498.138	69.0666	536.162	0	180	-69.8496
498.133	68.981	536.204	0	180	-69.9002
498.128	68.8953	536.245	0	180	-69.9508
498.124	68.8097	536.286	0	180	-70.0014
498.119	68.724	536.328	0	180	-70.0519
498.115	68.6384	536.369	0	180	-70.1025
498.11	68.5527	536.41	0	180	-70.1531
498.105	68.4671	536.452	0	180	-70.2037
498.101	68.3814	536.493	0	180	-70.2543
498.096	68.2958	536.535	0	180	-70.3049
498.091	68.2101	536.576	0	180	-70.3555
498.087	68.1245	536.617	0	180	-70.4061
498.082	68.0388	536.659	0	180	-70.4567
498.077	67.9532	536.7	0	180	-70.5073
498.073	67.8676	536.742	0	180	-70.5579
498.068	67.7819	536.783	0	180	-70.6085
498.064	67.6963	536.824	0	180	-70.6591
498.059	67.6106	536.866	0	180	-70.7096
498.054	67.525	536.907	0	180	-70.7602
498.05	67.4393	536.948	0	180	-70.8108
498.045	67.3537	536.99	0	180	-70.8614
498.04	67.268	537.031	0	180	-70.912
498.036	67.1824	537.073	0	180	-70.9626
498.031	67.0967	537.114	0	180	-71.0132
498.026	67.0111	537.155	0	180	-71.0638
498.022	66.9254	537.197	0	180	-71.1144
498.017	66.8398	537.238	0	180	-71.165
498.013	66.7542	537.28	0	180	-71.2156
498.008	66.6685	537.321	0	180	-71.2662
498.003	66.5829	537.362	0	180	-71.3168
497.999	66.4972	537.404	0	180	-71.3673
497.994	66.4116	537.445	0	180	-71.4179
497.989	66.3259	537.486	0	180	-71.4685
497.985	66.2403	537.528	0	180	-71.5191
497.98	66.1546	537.569	0	180	-71.5697
497.975	66.069	537.611	0	180	-71.6203
497.971	65.9833	537.652	0	180	-71.6709
497.966	65.8977	537.693	0	180	-71.7215
497.962	65.812	537.735	0	180	-71.7721
497.957	65.7264	537.776	0	180	-71.8227
497.952	65.6408	537.817	0	180	-71.8733
497.948	65.5551	537.859	0	180	-71.9239
497.943	65.4695	537.9	0	180	-71.9745
497.938	65.3838	537.942	0	180	-72.025
497.934	65.2982	537.983	0	180	-72.0756
497.929	65.2125	538.024	0	180	-72.1262
497.924	65.1269	538.066	0	180	-72.1768
497.92	65.0412	538.107	0	180	-72.2274
497.915	64.9556	538.149	0	180	-72.278
497.911	64.8699	538.19	0	180	-72.3286
497.906	64.7843	538.231	0	180	-72.3792
497.901	64.6986	538.273	0	180	-72.4298
497.897	64.613	538.314	0	180	-72.4804
497.892	64.5274	538.355	0	180	-72.531
497.887	64.4417	538.397	0	180	-72.5816
497.883	64.3561	538.438	0	180	-72.6322
497.878	64.2704	538.48	0	180	-72.6827
497.873	64.1848	538.521	0	180	-72.7333
497.869	64.0991	538.562	0	180	-72.7839
497.864	64.0135	538.604	0	180	-72.8345
497.86	63.9278	538.645	0	180	-72.8851
497.855	63.8422	538.686	0	180	-72.9357
497.85	63.7565	538.728	0	180	-72.9863
497.846	63.6709	538.769	0	180	-73.0369
497.841	63.5852	538.811	0	180	-73.0875
497.836	63.4996	538.852	0	180	-73.1381
497.832	63.414	538.893	0	180	-73.1887
497.827	63.3283	538.935	0	180	-73.2393
497.822	63.2427	538.976	0	180	-73.2899
497.818	63.157	539.018	0	180	-73.3404
497.813	63.0714	539.059	0	180	-73.391
497.809	62.9857	539.1	0	180	-73.4416
497.804	62.9001	539.142	0	180	-73.4922
497.799	62.8144	539.183	0	180	-73.5428
497.795	62.7288	539.224	0	180	-73.5934
497.79	62.6431	539.266	0	180	-73.644
497.785	62.5575	539.307	0	180	-73.6946
497.781	62.4718	539.349	0	180	-73.7452
497.776	62.3862	539.39	0	180	-73.7958
497.771	62.3006	539.431	0	180	-73.8464
497.767	62.2149	539.473	0	180	-73.897
497.762	62.1293	539.514	0	180	-73.9476
497.758	62.0436	539.556	0	180	-73.9981
497.753	61.958	539.597	0	180	-74.0487
497.748	61.8723	539.638	0	180	-74.0993
497.744	61.7867	539.68	0	180	-74.1499
497.739	61.701	539.721	0	180	-74.2005
497.734	61.6154	539.762	0	180	-74.2511
497.73	61.5297	539.804	0	180	-74.3017
497.725	61.4441	539.845	0	180	-74.3523
497.72	61.3584	539.887	0	180	-74.4029
497.716	61.2728	539.928	0	180	-74.4535
497.711	61.1872	539.969	0	180	-74.5041
497.707	61.1015	540.011	0	180	-74.5547
497.702	61.0159	540.052	0	180	-74.6053
497.697	60.9302	540.093	0	180	-74.6558
497.693	60.8446	540.135	0	180	-74.7064
497.688	60.7589	540.176	0	180	-74.757
497.683	60.6733	540.218	0	180	-74.8076
497.679	60.5876	540.259	0	180	-74.8582
497.674	60.502	540.3	0	180	-74.9088
497.669	60.4163	540.342	0	180	-74.9594
497.665	60.3307	540.383	0	180	-75.01
497.66	60.2451	540.425	0	180	-75.0606
497.656	60.1594	540.466	0	180	-75.1112
497.651	60.0738	540.507	0	180	-75.1618
497.646	59.9881	540.549	0	180	-75.2124
497.642	59.9025	540.59	0	180	-75.263
497.637	59.8168	540.631	0	180	-75.3135
497.632	59.7312	540.673	0	180	-75.3641
497.628	59.6455	540.714	0	180	-75.4147
497.623	59.5599	540.756	0	180	-75.4653
497.618	59.4742	540.797	0	180	-75.5159
497.614	59.3886	540.838	0	180	-75.5665
497.609	59.3029	540.88	0	180	-75.6171
497.605	59.2173	540.921	0	180	-75.6677
497.6	59.1317	540.963	0	180	-75.7183
497.595	59.046	541.004	0	180	-75.7689
497.591	58.9604	541.045	0	180	-75.8195
497.586	58.8747	541.087	0	180	-75.8701
497.581	58.7891	541.128	0	180	-75.9207
497.577	58.7034	541.169	0	180	-75.9712
497.572	58.6178	541.211	0	180	-76.0218
497.567	58.5321	541.252	0	180	-76.0724
497.563	58.4465	541.294	0	180	-76.123
497.558	58.3608	541.335	0	180	-76.1736
497.554	58.2752	541.376	0	180	-76.2242
497.549	58.1895	541.418	0	180	-76.2748
497.544	58.1039	541.459	0	180	-76.3254
497.54	58.0183	541.5	0	180	-76.376
497.535	57.9326	541.542	0	180	-76.4266
497.53	57.847	541.583	0	180	-76.4772
497.526	57.7613	541.625	0	180	-76.5278
497.521	57.6757	541.666	0	180	-76.5784
497.516	57.59	541.707	0	180	-76.6289
497.512	57.5044	541.749	0	180	-76.6795
497.507	57.4187	541.79	0	180	-76.7301
497.503	57.3331	541.832	0	180	-76.7807
497.498	57.2474	541.873	0	180	-76.8313
497.493	57.1618	541.914	0	180	-76.8819
497.489	57.0761	541.956	0	180	-76.9325
497.484	56.9905	541.997	0	180	-76.9831
497.479	56.9049	542.038	0	180	-77.0337
497.475	56.8192	542.08	0	180	-77.0843
497.47	56.7336	542.121	0	180	-77.1349
497.465	56.6479	542.163	0	180	-77.1855
497.461	56.5623	542.204	0	180	-77.2361
497.456	56.4766	542.245	0	180	-77.2866
497.452	56.391	542.287	0	180	-77.3372
497.447	56.3053	542.328	0	180	-77.3878
497.442	56.2197	542.37	0	180	-77.4384
497.438	56.134	542.411	0	180	-77.489
497.433	56.0484	542.452	0	180	-77.5396
497.428	55.9627	542.494	0	180	-77.5902
497.424	55.8771	542.535	0	180	-77.6408
497.419	55.7915	542.576	0	180	-77.6914
497.414	55.7058	542.618	0	180	-77.742
497.41	55.6202	542.659	0	180	-77.7926
497.405	55.5345	542.701	0	180	-77.8432
497.401	55.4489	542.742	0	180	-77.8938
497.396	55.3632	542.783	0	180	-77.9443
497.391	55.2776	542.825	0	180	-77.9949
497.387	55.1919	542.866	0	180	-78.0455
497.382	55.1063	542.907	0	180	-78.0961
497.377	55.0206	542.949	0	180	-78.1467
497.373	54.935	542.99	0	180	-78.1973
497.368	54.8493	543.032	0	180	-78.2479
497.363	54.7637	543.073	0	180	-78.2985
497.359	54.6781	543.114	0	180	-78.3491
497.354	54.5924	543.156	0	180	-78.3997
497.35	54.5068	543.197	0	180	-78.4503
497.345	54.4211	543.239	0	180	-78.5009
497.34	54.3355	543.28	0	180	-78.5515
497.336	54.2498	543.321	0	180	-78.602
497.331	54.1642	543.363	0	180	-78.6526
497.326	54.0785	543.404	0	180	-78.7032
497.322	53.9929	543.445	0	180	-78.7538
497.317	53.9072	543.487	0	180	-78.8044
497.312	53.8216	543.528	0	180	-78.855
497.308	53.7359	543.57	0	180	-78.9056
497.303	53.6503	543.611	0	180	-78.9562
497.299	53.5647	543.652	0	180	-79.0068
497.294	53.479	543.694	0	180	-79.0574
497.289	53.3934	543.735	0	180	-79.108
497.285	53.3077	543.777	0	180	-79.1586
497.28	53.2221	543.818	0	180	-79.2092
497.275	53.1364	543.859	0	180	-79.2597
497.271	53.0508	543.901	0	180	-79.3103
497.266	52.9651	543.942	0	180	-79.3609
497.261	52.8795	543.983	0	180	-79.4115
497.257	52.7938	544.025	0	180	-79.4621
497.252	52.7082	544.066	0	180	-79.5127
497.248	52.6225	544.108	0	180	-79.5633
497.243	52.5369	544.149	0	180	-79.6139
497.238	52.4513	544.19	0	180	-79.6645
497.234	52.3656	544.232	0	180	-79.7151
497.229	52.28	544.273	0	180	-79.7657
497.224	52.1943	544.314	0	180	-79.8163
497.22	52.1087	544.356	0	180	-79.8669
497.215	52.023	544.397	0	180	-79.9174
497.21	51.9374	544.439	0	180	-79.968
497.206	51.8517	544.48	0	180	-80.0186
497.201	51.7661	544.521	0	180	-80.0692
497.197	51.6804	544.563	0	180	-80.1198
497.192	51.5948	544.604	0	180	-80.1704
497.187	51.5091	544.646	0	180	-80.221
497.183	51.4235	544.687	0	180	-80.2716
497.178	51.3379	544.728	0	180	-80.3222
497.173	51.2522	544.77	0	180	-80.3728
497.169	51.1666	544.811	0	180	-80.4234
497.164	51.0809	544.852	0	180	-80.474
497.159	50.9953	544.894	0	180	-80.5246
497.155	50.9096	544.935	0	180	-80.5751
497.15	50.824	544.977	0	180	-80.6257
497.146	50.7383	545.018	0	180	-80.6763
497.141	50.6527	545.059	0	180	-80.7269
497.136	50.567	545.101	0	180	-80.7775
497.132	50.4814	545.142	0	180	-80.8281
497.127	50.3957	545.184	0	180	-80.8787
497.122	50.3101	545.225	0	180	-80.9293
497.118	50.2245	545.266	0	180	-80.9799
497.113	50.1388	545.308	0	180	-81.0305
497.108	50.0532	545.349	0	180	-81.0811
497.104	49.9675	545.39	0	180	-81.1317
497.099	49.8819	545.432	0	180	-81.1823
497.095	49.7962	545.473	0	180	-81.2328
497.09	49.7106	545.515	0	180	-81.2834
497.085	49.6249	545.556	0	180	-81.334
497.081	49.5393	545.597	0	180	-81.3846
497.076	49.4536	545.639	0	180	-81.4352
497.071	49.368	545.68	0	180	-81.4858
497.067	49.2823	545.721	0	180	-81.5364
497.062	49.1967	545.763	0	180	-81.587
497.057	49.1111	545.804	0	180	-81.6376
497.053	49.0254	545.846	0	180	-81.6882
497.048	48.9398	545.887	0	180	-81.7388
497.044	48.8541	545.928	0	180	-81.7894
497.039	48.7685	545.97	0	180	-81.84
497.034	48.6828	546.011	0	180	-81.8905
497.03	48.5972	546.053	0	180	-81.9411
497.025	48.5115	546.094	0	180	-81.9917
497.02	48.4259	546.135	0	180	-82.0423
497.016	48.3402	546.177	0	180	-82.0929
497.011	48.2546	546.218	0	180	-82.1435
497.006	48.1689	546.259	0	180	-82.1941
497.002	48.0833	546.301	0	180	-82.2447
496.997	47.9977	546.342	0	180	-82.2953
496.993	47.912	546.384	0	180	-82.3459
496.988	47.8264	546.425	0	180	-82.3965
496.983	47.7407	546.466	0	180	-82.4471
496.979	47.6551	546.508	0	180	-82.4977
496.974	47.5694	546.549	0	180	-82.5482
496.969	47.4838	546.591	0	180	-82.5988
496.965	47.3981	546.632	0	180	-82.6494
496.96	47.3125	546.673	0	180	-82.7
496.955	47.2268	546.715	0	180	-82.7506
496.951	47.1412	546.756	0	180	-82.8012
496.946	47.0555	546.797	0	180	-82.8518
496.942	46.9699	546.839	0	180	-82.9024
496.937	46.8843	546.88	0	180	-82.953
496.932	46.7986	546.922	0	180	-83.0036
496.928	46.713	546.963	0	180	-83.0542
496.923	46.6273	547.004	0	180	-83.1048
496.918	46.5417	547.046	0	180	-83.1554
496.914	46.456	547.087	0	180	-83.2059
496.909	46.3704	547.128	0	180	-83.2565
496.904	46.2847	547.17	0	180	-83.3071
496.9	46.1991	547.211	0	180	-83.3577
496.895	46.1134	547.253	0	180	-83.4083
496.891	46.0278	547.294	0	180	-83.4589
496.886	45.9422	547.335	0	180	-83.5095
496.881	45.8565	547.377	0	180	-83.5601
496.877	45.7709	547.418	0	180	-83.6107
496.872	45.6852	547.46	0	180	-83.6613
496.867	45.5996	547.501	0	180	-83.7119
496.863	45.5139	547.542	0	180	-83.7625
496.858	45.4283	547.584	0	180	-83.8131
496.853	45.3426	547.625	0	180	-83.8636
496.849	45.257	547.666	0	180	-83.9142
496.844	45.1713	547.708	0	180	-83.9648
496.84	45.0857	547.749	0	180	-84.0154
496.835	45	547.791	0	180	-84.066
496.83	44.9144	547.832	0	180	-84.1166
496.826	44.8288	547.873	0	180	-84.1672
496.821	44.7431	547.915	0	180	-84.2178
496.816	44.6575	547.956	0	180	-84.2684
496.812	44.5718	547.998	0	180	-84.319
496.807	44.4862	548.039	0	180	-84.3696
496.802	44.4005	548.08	0	180	-84.4202
496.798	44.3149	548.122	0	180	-84.4708
496.793	44.2292	548.163	0	180	-84.5213
496.789	44.1436	548.204	0	180	-84.5719
496.784	44.0579	548.246	0	180	-84.6225
496.779	43.9723	548.287	0	180	-84.6731
496.775	43.8866	548.329	0	180	-84.7237
496.77	43.801	548.37	0	180	-84.7743
496.765	43.7154	548.411	0	180	-84.8249
496.761	43.6297	548.453	0	180	-84.8755
496.756	43.5441	548.494	0	180	-84.9261
496.751	43.4584	548.535	0	180	-84.9767
496.747	43.3728	548.577	0	180	-85.0273
496.742	43.2871	548.618	0	180	-85.0779
496.738	43.2015	548.66	0	180	-85.1285
496.733	43.1158	548.701	0	180	-85.179
496.728	43.0302	548.742	0	180	-85.2296
496.724	42.9445	548.784	0	180	-85.2802
496.719	42.8589	548.825	0	180	-85.3308
496.714	42.7732	548.867	0	180	-85.3814
496.71	42.6876	548.908	0	180	-85.432
496.705	42.602	548.949	0	180	-85.4826
496.7	42.5163	548.991	0	180	-85.5332
496.696	42.4307	549.032	0	180	-85.5838
496.691	42.345	549.073	0	180	-85.6344
496.687	42.2594	549.115	0	180	-85.685
496.682	42.1737	549.156	0	180	-85.7356
496.677	42.0881	549.198	0	180	-85.7862
496.673	42.0024	549.239	0	180	-85.8367
496.668	41.9168	549.28	0	180	-85.8873
496.663	41.8311	549.322	0	180	-85.9379
496.659	41.7455	549.363	0	180	-85.9885
496.654	41.6598	549.405	0	180	-86.0391
496.649	41.5742	549.446	0	180	-86.0897
496.645	41.4886	549.487	0	180	-86.1403
496.64	41.4029	549.529	0	180	-86.1909
496.636	41.3173	549.57	0	180	-86.2415
496.631	41.2316	549.611	0	180	-86.2921
496.626	41.146	549.653	0	180	-86.3427
496.622	41.0603	549.694	0	180	-86.3933
496.617	40.9747	549.736	0	180	-86.4439
496.612	40.889	549.777	0	180	-86.4944
496.608	40.8034	549.818	0	180	-86.545
496.603	40.7177	549.86	0	180	-86.5956
496.598	40.6321	549.901	0	180	-86.6462
496.594	40.5464	549.942	0	180	-86.6968
496.589	40.4608	549.984	0	180	-86.7474
496.585	40.3752	550.025	0	180	-86.798
496.58	40.2895	550.067	0	180	-86.8486
496.575	40.2039	550.108	0	180	-86.8992
496.571	40.1182	550.149	0	180	-86.9498
496.566	40.0326	550.191	0	180	-87.0004
496.561	39.9469	550.232	0	180	-87.051
496.557	39.8613	550.274	0	180	-87.1016
496.552	39.7756	550.315	0	180	-87.1521
496.547	39.69	550.356	0	180	-87.2027
496.543	39.6043	550.398	0	180	-87.2533
496.538	39.5187	550.439	0	180	-87.3039
496.534	39.433	550.48	0	180	-87.3545
496.529	39.3474	550.522	0	180	-87.4051
496.524	39.2618	550.563	0	180	-87.4557
496.52	39.1761	550.605	0	180	-87.5063
496.515	39.0905	550.646	0	180	-87.5569
496.51	39.0048	550.687	0	180	-87.6075
496.506	38.9192	550.729	0	180	-87.6581
496.501	38.8335	550.77	0	180	-87.7087
496.496	38.7479	550.811	0	180	-87.7593
496.492	38.6622	550.853	0	180	-87.8098
496.487	38.5766	550.894	0	180	-87.8604
496.483	38.4909	550.936	0	180	-87.911
496.478	38.4053	550.977	0	180	-87.9616
496.473	38.3196	551.018	0	180	-88.0122
496.469	38.234	551.06	0	180	-88.0628
496.464	38.1484	551.101	0	180	-88.1134
496.459	38.0627	551.143	0	180	-88.164
496.455	37.9771	551.184	0	180	-88.2146
496.45	37.8914	551.225	0	180	-88.2652
496.445	37.8058	551.267	0	180	-88.3158
496.441	37.7201	551.308	0	180	-88.3664
496.436	37.6345	551.349	0	180	-88.417
496.432	37.5488	551.391	0	180	-88.4675
496.427	37.4632	551.432	0	180	-88.5181
496.422	37.3775	551.474	0	180	-88.5687
496.418	37.2919	551.515	0	180	-88.6193
496.413	37.2062	551.556	0	180	-88.6699
496.408	37.1206	551.598	0	180	-88.7205
496.404	37.035	551.639	0	180	-88.7711
496.399	36.9493	551.681	0	180	-88.8217
496.394	36.8637	551.722	0	180	-88.8723
496.39	36.778	551.763	0	180	-88.9229
496.385	36.6924	551.805	0	180	-88.9735
496.381	36.6067	551.846	0	180	-89.0241
496.376	36.5211	551.887	0	180	-89.0747
496.371	36.4354	551.929	0	180	-89.1252
496.367	36.3498	551.97	0	180	-89.1758
496.362	36.2641	552.012	0	180	-89.2264
496.357	36.1785	552.053	0	180	-89.277
496.353	36.0928	552.094	0	180	-89.3276
496.348	36.0072	552.136	0	180	-89.3782
496.343	35.9216	552.177	0	180	-89.4288
496.339	35.8359	552.218	0	180	-89.4794
496.334	35.7503	552.26	0	180	-89.53
496.33	35.6646	552.301	0	180	-89.5806
496.325	35.579	552.343	0	180	-89.6312
496.32	35.4933	552.384	0	180	-89.6818
496.316	35.4077	552.425	0	180	-89.7324
496.311	35.322	552.467	0	180	-89.7829
496.306	35.2364	552.508	0	180	-89.8335
496.302	35.1507	552.55	0	180	-89.8841
496.297	35.0651	552.591	0	180	-89.9347
496.292	34.9794	552.632	0	180	-89.9853
496.288	34.8938	552.674	0	180	-90.0359
496.283	34.8082	552.715	0	180	-90.0865
496.279	34.7225	552.756	0	180	-90.1371
496.274	34.6369	552.798	0	180	-90.1877
496.269	34.5512	552.839	0	180	-90.2383
496.265	34.4656	552.881	0	180	-90.2889
496.26	34.3799	552.922	0	180	-90.3395
496.255	34.2943	552.963	0	180	-90.3901
496.251	34.2086	553.005	0	180	-90.4406
496.246	34.123	553.046	0	180	-90.4912
496.241	34.0373	553.088	0	180	-90.5418
496.237	33.9517	553.129	0	180	-90.5924
496.232	33.866	553.17	0	180	-90.643
496.228	33.7804	553.212	0	180	-90.6936
496.223	33.6948	553.253	0	180	-90.7442
496.218	33.6091	553.294	0	180	-90.7948
496.214	33.5235	553.336	0	180	-90.8454
496.209	33.4378	553.377	0	180	-90.896
496.204	33.3522	553.419	0	180	-90.9466
496.2	33.2665	553.46	0	180	-90.9972
496.195	33.1809	553.501	0	180	-91.0478
496.19	33.0952	553.543	0	180	-91.0983
496.186	33.0096	553.584	0	180	-91.1489
496.181	32.9239	553.625	0	180	-91.1995
496.177	32.8383	553.667	0	180	-91.2501
496.172	32.7526	553.708	0	180	-91.3007
496.167	32.667	553.75	0	180	-91.3513
496.163	32.5814	553.791	0	180	-91.4019
496.158	32.4957	553.832	0	180	-91.4525
496.153	32.4101	553.874	0	180	-91.5031
496.149	32.3244	553.915	0	180	-91.5537
496.144	32.2388	553.957	0	180	-91.6043
496.139	32.1531	553.998	0	180	-91.6549
496.135	32.0675	554.039	0	180	-91.7055
496.13	31.9818	554.081	0	180	-91.756
496.126	31.8962	554.122	0	180	-91.8066
496.121	31.8105	554.163	0	180	-91.8572
496.116	31.7249	554.205	0	180	-91.9078
496.112	31.6392	554.246	0	180	-91.9584
496.107	31.5536	554.288	0	180	-92.009
496.102	31.468	554.329	0	180	-92.0596
496.098	31.3823	554.37	0	180	-92.1102
496.093	31.2967	554.412	0	180	-92.1608
496.088	31.211	554.453	0	180	-92.2114
496.084	31.1254	554.495	0	180	-92.262
496.079	31.0397	554.536	0	180	-92.3126
496.075	30.9541	554.577	0	180	-92.3632
496.07	30.8684	554.619	0	180	-92.4137
496.065	30.7828	554.66	0	180	-92.4643
496.061	30.6971	554.701	0	180	-92.5149
496.056	30.6115	554.743	0	180	-92.5655
496.051	30.5259	554.784	0	180	-92.6161
496.047	30.4402	554.826	0	180	-92.6667
496.042	30.3546	554.867	0	180	-92.7173
496.037	30.2689	554.908	0	180	-92.7679
496.033	30.1833	554.95	0	180	-92.8185
496.028	30.0976	554.991	0	180	-92.8691
496.024	30.012	555.032	0	180	-92.9197
496.019	29.9263	555.074	0	180	-92.9703
496.014	29.8407	555.115	0	180	-93.0209
496.01	29.755	555.157	0	180	-93.0714
496.005	29.6694	555.198	0	180	-93.122
496	29.5837	555.239	0	180	-93.1726
495.996	29.4981	555.281	0	180	-93.2232
495.991	29.4125	555.322	0	180	-93.2738
495.986	29.3268	555.364	0	180	-93.3244
495.982	29.2412	555.405	0	180	-93.375
495.977	29.1555	555.446	0	180	-93.4256
495.973	29.0699	555.488	0	180	-93.4762
495.968	28.9842	555.529	0	180	-93.5268
495.963	28.8986	555.57	0	180	-93.5774
495.959	28.8129	555.612	0	180	-93.628
495.954	28.7273	555.653	0	180	-93.6786
495.949	28.6416	555.695	0	180	-93.7291
495.945	28.556	555.736	0	180	-93.7797
495.94	28.4703	555.777	0	180	-93.8303
495.935	28.3847	555.819	0	180	-93.8809
495.931	28.2991	555.86	0	180	-93.9315
495.926	28.2134	555.902	0	180	-93.9821
495.922	28.1278	555.943	0	180	-94.0327
495.917	28.0421	555.984	0	180	-94.0833
495.912	27.9565	556.026	0	180	-94.1339
495.908	27.8708	556.067	0	180	-94.1845
495.903	27.7852	556.108	0	180	-94.2351
495.898	27.6995	556.15	0	180	-94.2857
495.894	27.6139	556.191	0	180	-94.3363
495.889	27.5282	556.233	0	180	-94.3868
495.884	27.4426	556.274	0	180	-94.4374
495.88	27.3569	556.315	0	180	-94.488
495.875	27.2713	556.357	0	180	-94.5386
495.871	27.1857	556.398	0	180	-94.5892
495.866	27.1	556.439	0	180	-94.6398
495.861	27.0144	556.481	0	180	-94.6904
495.857	26.9287	556.522	0	180	-94.741
495.852	26.8431	556.564	0	180	-94.7916
495.847	26.7574	556.605	0	180	-94.8422
495.843	26.6718	556.646	0	180	-94.8928
495.838	26.5861	556.688	0	180	-94.9434
495.833	26.5005	556.729	0	180	-94.994
495.829	26.4148	556.771	0	180	-95.0445
495.824	26.3292	556.812	0	180	-95.0951
495.82	26.2435	556.853	0	180	-95.1457
495.815	26.1579	556.895	0	180	-95.1963
495.81	26.0723	556.936	0	180	-95.2469
495.806	25.9866	556.977	0	180	-95.2975
495.801	25.901	557.019	0	180	-95.3481
495.796	25.8153	557.06	0	180	-95.3987
495.792	25.7297	557.102	0	180	-95.4493
495.787	25.644	557.143	0	180	-95.4999
495.782	25.5584	557.184	0	180	-95.5505
495.778	25.4727	557.226	0	180	-95.6011
495.773	25.3871	557.267	0	180	-95.6517
495.769	25.3014	557.309	0	180	-95.7022
495.764	25.2158	557.35	0	180	-95.7528
495.759	25.1301	557.391	0	180	-95.8034
495.755	25.0445	557.433	0	180	-95.854
495.75	24.9589	557.474	0	180	-95.9046
495.745	24.8732	557.515	0	180	-95.9552
495.741	24.7876	557.557	0	180	-96.0058
495.736	24.7019	557.598	0	180	-96.0564
495.731	24.6163	557.64	0	180	-96.107
495.727	24.5306	557.681	0	180	-96.1576
495.722	24.445	557.722	0	180	-96.2082
495.718	24.3593	557.764	0	180	-96.2588
495.713	24.2737	557.805	0	180	-96.3094
495.708	24.188	557.846	0	180	-96.3599
495.704	24.1024	557.888	0	180	-96.4105
495.699	24.0167	557.929	0	180	-96.4611
495.694	23.9311	557.971	0	180	-96.5117
495.69	23.8455	558.012	0	180	-96.5623
495.685	23.7598	558.053	0	180	-96.6129
495.68	23.6742	558.095	0	180	-96.6635
495.676	23.5885	558.136	0	180	-96.7141
495.671	23.5029	558.178	0	180	-96.7647
495.667	23.4172	558.219	0	180	-96.8153
495.662	23.3316	558.26	0	180	-96.8659
495.657	23.2459	558.302	0	180	-96.9165
495.653	23.1603	558.343	0	180	-96.9671
495.648	23.0746	558.384	0	180	-97.0176
495.643	22.989	558.426	0	180	-97.0682
495.639	22.9033	558.467	0	180	-97.1188
495.634	22.8177	558.509	0	180	-97.1694
495.629	22.7321	558.55	0	180	-97.22
495.625	22.6464	558.591	0	180	-97.2706
495.62	22.5608	558.633	0	180	-97.3212
495.616	22.4751	558.674	0	180	-97.3718
495.611	22.3895	558.716	0	180	-97.4224
495.606	22.3038	558.757	0	180	-97.473
495.602	22.2182	558.798	0	180	-97.5236
495.597	22.1325	558.84	0	180	-97.5742
495.592	22.0469	558.881	0	180	-97.6248
495.588	21.9612	558.922	0	180	-97.6753
495.583	21.8756	558.964	0	180	-97.7259
495.578	21.7899	559.005	0	180	-97.7765
495.574	21.7043	559.047	0	180	-97.8271
495.569	21.6187	559.088	0	180	-97.8777
495.565	21.533	559.129	0	180	-97.9283
495.56	21.4474	559.171	0	180	-97.9789
495.555	21.3617	559.212	0	180	-98.0295
495.551	21.2761	559.253	0	180	-98.0801
495.546	21.1904	559.295	0	180	-98.1307
495.541	21.1048	559.336	0	180	-98.1813
495.537	21.0191	559.378	0	180	-98.2319
495.532	20.9335	559.419	0	180	-98.2825
495.527	20.8478	559.46	0	180	-98.333
495.523	20.7622	559.502	0	180	-98.3836
495.518	20.6765	559.543	0	180	-98.4342
495.514	20.5909	559.585	0	180	-98.4848
495.509	20.5053	559.626	0	180	-98.5354
495.504	20.4196	559.667	0	180	-98.586
495.5	20.334	559.709	0	180	-98.6366
495.495	20.2483	559.75	0	180	-98.6872
495.49	20.1627	559.791	0	180	-98.7378
495.486	20.077	559.833	0	180	-98.7884
495.481	19.9914	559.874	0	180	-98.839
495.476	19.9057	559.916	0	180	-98.8896
495.472	19.8201	559.957	0	180	-98.9402
495.467	19.7344	559.998	0	180	-98.9907
495.463	19.6488	560.04	0	180	-99.0413
495.458	19.5631	560.081	0	180	-99.0919
495.453	19.4775	560.123	0	180	-99.1425
495.449	19.3919	560.164	0	180	-99.1931
495.444	19.3062	560.205	0	180	-99.2437
495.439	19.2206	560.247	0	180	-99.2943
495.435	19.1349	560.288	0	180	-99.3449
495.43	19.0493	560.329	0	180	-99.3955
495.425	18.9636	560.371	0	180	-99.4461
495.421	18.878	560.412	0	180	-99.4967
495.416	18.7923	560.454	0	180	-99.5473
495.412	18.7067	560.495	0	180	-99.5979
495.407	18.621	560.536	0	180	-99.6484
495.402	18.5354	560.578	0	180	-99.699
495.398	18.4497	560.619	0	180	-99.7496
495.393	18.3641	560.66	0	180	-99.8002
495.388	18.2785	560.702	0	180	-99.8508
495.384	18.1928	560.743	0	180	-99.9014
495.379	18.1072	560.785	0	180	-99.952
495.374	18.0215	560.826	0	180	-100.003
495.37	17.9359	560.867	0	180	-100.053
495.365	17.8502	560.909	0	180	-100.104
495.361	17.7646	560.95	0	180	-100.154
495.356	17.6789	560.992	0	180	-100.205
495.351	17.5933	561.033	0	180	-100.256
495.347	17.5076	561.074	0	180	-100.306
495.342	17.422	561.116	0	180	-100.357
495.337	17.3363	561.157	0	180	-100.407
495.333	17.2507	561.198	0	180	-100.458
495.328	17.1651	561.24	0	180	-100.509
495.323	17.0794	561.281	0	180	-100.559
495.319	16.9938	561.323	0	180	-100.61
495.314	16.9081	561.364	0	180	-100.66
495.31	16.8225	561.405	0	180	-100.711
495.305	16.7368	561.447	0	180	-100.761
495.3	16.6512	561.488	0	180	-100.812
495.296	16.5655	561.529	0	180	-100.863
495.291	16.4799	561.571	0	180	-100.913
495.286	16.3942	561.612	0	180	-100.964
495.282	16.3086	561.654	0	180	-101.014
495.277	16.223	561.695	0	180	-101.065
495.272	16.1373	561.736	0	180	-101.116
495.268	16.0517	561.778	0	180	-101.166
495.263	15.966	561.819	0	180	-101.217
495.259	15.8804	561.861	0	180	-101.267
495.254	15.7947	561.902	0	180	-101.318
495.249	15.7091	561.943	0	180	-101.369
495.245	15.6234	561.985	0	180	-101.419
495.24	15.5378	562.026	0	180	-101.47
495.235	15.4521	562.067	0	180	-101.52
495.231	15.3665	562.109	0	180	-101.571
495.226	15.2808	562.15	0	180	-101.622
495.221	15.1952	562.192	0	180	-101.672
495.217	15.1096	562.233	0	180	-101.723
495.212	15.0239	562.274	0	180	-101.773
495.208	14.9383	562.316	0	180	-101.824
495.203	14.8526	562.357	0	180	-101.875
495.198	14.767	562.399	0	180	-101.925
495.194	14.6813	562.44	0	180	-101.976
495.189	14.5957	562.481	0	180	-102.026
495.184	14.51	562.523	0	180	-102.077
495.18	14.4244	562.564	0	180	-102.127
495.175	14.3387	562.605	0	180	-102.178
495.17	14.2531	562.647	0	180	-102.229
495.166	14.1674	562.688	0	180	-102.279
495.161	14.0818	562.73	0	180	-102.33
495.157	13.9962	562.771	0	180	-102.38
495.152	13.9105	562.812	0	180	-102.431
495.147	13.8249	562.854	0	180	-102.482
495.143	13.7392	562.895	0	180	-102.532
495.138	13.6536	562.936	0	180	-102.583
495.133	13.5679	562.978	0	180	-102.633
495.129	13.4823	563.019	0	180	-102.684
495.124	13.3966	563.061	0	180	-102.735
495.119	13.311	563.102	0	180	-102.785
495.115	13.2253	563.143	0	180	-102.836
495.11	13.1397	563.185	0	180	-102.886
495.106	13.054	563.226	0	180	-102.937
495.101	12.9684	563.268	0	180	-102.988
495.096	12.8828	563.309	0	180	-103.038
495.092	12.7971	563.35	0	180	-103.089
495.087	12.7115	563.392	0	180	-103.139
495.082	12.6258	563.433	0	180	-103.19
495.078	12.5402	563.474	0	180	-103.241
495.073	12.4545	563.516	0	180	-103.291
495.068	12.3689	563.557	0	180	-103.342
495.064	12.2832	563.599	0	180	-103.392
495.059	12.1976	563.64	0	180	-103.443
495.055	12.1119	563.681	0	180	-103.493
495.05	12.0263	563.723	0	180	-103.544
495.045	11.9406	563.764	0	180	-103.595
495.041	11.855	563.806	0	180	-103.645
495.036	11.7694	563.847	0	180	-103.696
495.031	11.6837	563.888	0	180	-103.746
495.027	11.5981	563.93	0	180	-103.797
495.022	11.5124	563.971	0	180	-103.848
495.017	11.4268	564.012	0	180	-103.898
495.013	11.3411	564.054	0	180	-103.949
495.008	11.2555	564.095	0	180	-103.999
495.004	11.1698	564.137	0	180	-104.05
494.999	11.0842	564.178	0	180	-104.101
494.994	10.9985	564.219	0	180	-104.151
494.99	10.9129	564.261	0	180	-104.202
494.985	10.8272	564.302	0	180	-104.252
494.98	10.7416	564.343	0	180	-104.303
494.976	10.656	564.385	0	180	-104.354
494.971	10.5703	564.426	0	180	-104.404
494.966	10.4847	564.468	0	180	-104.455
494.962	10.399	564.509	0	180	-104.505
494.957	10.3134	564.55	0	180	-104.556
494.953	10.2277	564.592	0	180	-104.606
494.948	10.1421	564.633	0	180	-104.657
494.943	10.0564	564.675	0	180	-104.708
494.939	9.97078	564.716	0	180	-104.758
494.934	9.88514	564.757	0	180	-104.809
494.929	9.79949	564.799	0	180	-104.859
494.925	9.71385	564.84	0	180	-104.91
494.92	9.6282	564.881	0	180	-104.961
494.915	9.54255	564.923	0	180	-105.011
494.911	9.45691	564.964	0	180	-105.062
494.906	9.37126	565.006	0	180	-105.112
494.902	9.28562	565.047	0	180	-105.163
494.897	9.19997	565.088	0	180	-105.214
494.892	9.11432	565.13	0	180	-105.264
494.888	9.02868	565.171	0	180	-105.315
494.883	8.94303	565.213	0	180	-105.365
494.878	8.85738	565.254	0	180	-105.416
494.874	8.77174	565.295	0	180	-105.467
494.869	8.68609	565.337	0	180	-105.517
494.864	8.60045	565.378	0	180	-105.568
494.86	8.5148	565.419	0	180	-105.618
494.855	8.42915	565.461	0	180	-105.669
494.851	8.34351	565.502	0	180	-105.72
494.846	8.25786	565.544	0	180	-105.77
494.841	8.17222	565.585	0	180	-105.821
494.837	8.08657	565.626	0	180	-105.871
494.832	8.00092	565.668	0	180	-105.922
494.827	7.91528	565.709	0	180	-105.972
494.823	7.82963	565.75	0	180	-106.023
494.818	7.74399	565.792	0	180	-106.074
494.813	7.65834	565.833	0	180	-106.124
494.809	7.57269	565.875	0	180	-106.175
494.804	7.48705	565.916	0	180	-106.225
494.8	7.4014	565.957	0	180	-106.276
494.795	7.31575	565.999	0	180	-106.327
494.79	7.23011	566.04	0	180	-106.377
494.786	7.14446	566.082	0	180	-106.428
494.781	7.05882	566.123	0	180	-106.478
494.776	6.97317	566.164	0	180	-106.529
494.772	6.88752	566.206	0	180	-106.58
494.767	6.80188	566.247	0	180	-106.63
494.762	6.71623	566.288	0	180	-106.681
494.758	6.63059	566.33	0	180	-106.731
494.753	6.54494	566.371	0	180	-106.782
494.749	6.45929	566.413	0	180	-106.833
494.744	6.37365	566.454	0	180	-106.883
494.739	6.288	566.495	0	180	-106.934
494.735	6.20236	566.537	0	180	-106.984
494.73	6.11671	566.578	0	180	-107.035
494.725	6.03106	566.62	0	180	-107.086
494.721	5.94542	566.661	0	180	-107.136
494.716	5.85977	566.702	0	180	-107.187
494.711	5.77412	566.744	0	180	-107.237
494.707	5.68848	566.785	0	180	-107.288
494.702	5.60283	566.826	0	180	-107.338
494.698	5.51719	566.868	0	180	-107.389
494.693	5.43154	566.909	0	180	-107.44
494.688	5.34589	566.951	0	180	-107.49
494.684	5.26025	566.992	0	180	-107.541
494.679	5.1746	567.033	0	180	-107.591
494.674	5.08896	567.075	0	180	-107.642
494.67	5.00331	567.116	0	180	-107.693
494.665	4.91766	567.157	0	180	-107.743
494.66	4.83202	567.199	0	180	-107.794
494.656	4.74637	567.24	0	180	-107.844
494.651	4.66073	567.282	0	180	-107.895
494.647	4.57508	567.323	0	180	-107.946
494.642	4.48943	567.364	0	180	-107.996
494.637	4.40379	567.406	0	180	-108.047
494.633	4.31814	567.447	0	180	-108.097
494.628	4.23249	567.489	0	180	-108.148
494.623	4.14685	567.53	0	180	-108.199
494.619	4.0612	567.571	0	180	-108.249
494.614	3.97556	567.613	0	180	-108.3
494.609	3.88991	567.654	0	180	-108.35
494.605	3.80426	567.695	0	180	-108.401
494.6	3.71862	567.737	0	180	-108.452
494.596	3.63297	567.778	0	180	-108.502
494.591	3.54733	567.82	0	180	-108.553
494.586	3.46168	567.861	0	180	-108.603
494.582	3.37603	567.902	0	180	-108.654
494.577	3.29039	567.944	0	180	-108.704
494.572	3.20474	567.985	0	180	-108.755
494.568	3.1191	568.027	0	180	-108.806
494.563	3.03345	568.068	0	180	-108.856
494.558	2.9478	568.109	0	180	-108.907
494.554	2.86216	568.151	0	180	-108.957
494.549	2.77651	568.192	0	180	-109.008
494.545	2.69086	568.233	0	180	-109.059
494.54	2.60522	568.275	0	180	-109.109
494.535	2.51957	568.316	0	180	-109.16
494.531	2.43393	568.358	0	180	-109.21
494.526	2.34828	568.399	0	180	-109.261
494.521	2.26263	568.44	0	180	-109.312
494.517	2.17699	568.482	0	180	-109.362
494.512	2.09134	568.523	0	180	-109.413
494.507	2.0057	568.564	0	180	-109.463
494.503	1.92005	568.606	0	180	-109.514
494.498	1.8344	568.647	0	180	-109.565
494.494	1.74876	568.689	0	180	-109.615
494.489	1.66311	568.73	0	180	-109.666
494.484	1.57747	568.771	0	180	-109.716
494.48	1.49182	568.813	0	180	-109.767
494.475	1.40617	568.854	0	180	-109.818
494.47	1.32053	568.896	0	180	-109.868
494.466	1.23488	568.937	0	180	-109.919
494.461	1.14923	568.978	0	180	-109.969
494.456	1.06359	569.02	0	180	-110.02
494.452	0.977942	569.061	0	180	-110.07
494.447	0.892296	569.102	0	180	-110.121
494.443	0.80665	569.144	0	180	-110.172
494.438	0.721004	569.185	0	180	-110.222
494.433	0.635358	569.227	0	180	-110.273
494.429	0.549712	569.268	0	180	-110.323
494.424	0.464066	569.309	0	180	-110.374
494.419	0.37842	569.351	0	180	-110.425
494.415	0.292774	569.392	0	180	-110.475
494.41	0.207127	569.434	0	180	-110.526
494.405	0.121481	569.475	0	180	-110.576
494.401	0.0358353	569.516	0	180	-110.627
494.396	-0.0498108	569.558	0	180	-110.678
494.392	-0.135457	569.599	0	180	-110.728
494.387	-0.221103	569.64	0	180	-110.779
494.382	-0.306749	569.682	0	180	-110.829
494.378	-0.392395	569.723	0	180	-110.88
494.373	-0.478041	569.765	0	180	-110.931
494.368	-0.563688	569.806	0	180	-110.981
494.364	-0.649334	569.847	0	180	-111.032
494.359	-0.73498	569.889	0	180	-111.082
494.354	-0.820626	569.93	0	180	-111.133
494.35	-0.906272	569.971	0	180	-111.183
494.345	-0.991918	570.013	0	180	-111.234
494.341	-1.07756	570.054	0	180	-111.285
494.336	-1.16321	570.096	0	180	-111.335
494.331	-1.24886	570.137	0	180	-111.386
494.327	-1.3345	570.178	0	180	-111.436
494.322	-1.42015	570.22	0	180	-111.487
494.317	-1.50579	570.261	0	180	-111.538
494.313	-1.59144	570.303	0	180	-111.588
494.308	-1.67709	570.344	0	180	-111.639
494.303	-1.76273	570.385	0	180	-111.689
494.299	-1.84838	570.427	0	180	-111.74
494.294	-1.93403	570.468	0	180	-111.791
494.29	-2.01967	570.509	0	180	-111.841
494.285	-2.10532	570.551	0	180	-111.892
494.28	-2.19096	570.592	0	180	-111.942
494.276	-2.27661	570.634	0	180	-111.993
494.271	-2.36226	570.675	0	180	-112.044
494.266	-2.4479	570.716	0	180	-112.094
494.262	-2.53355	570.758	0	180	-112.145
494.257	-2.61919	570.799	0	180	-112.195
494.252	-2.70484	570.841	0	180	-112.246
494.248	-2.79049	570.882	0	180	-112.297
494.243	-2.87613	570.923	0	180	-112.347
494.239	-2.96178	570.965	0	180	-112.398
494.234	-3.04742	571.006	0	180	-112.448
494.229	-3.13307	571.047	0	180	-112.499
494.225	-3.21872	571.089	0	180	-112.549
494.22	-3.30436	571.13	0	180	-112.6
494.215	-3.39001	571.172	0	180	-112.651
494.211	-3.47566	571.213	0	180	-112.701
494.206	-3.5613	571.254	0	180	-112.752
494.201	-3.64695	571.296	0	180	-112.802
494.197	-3.73259	571.337	0	180	-112.853
494.192	-3.81824	571.378	0	180	-112.904
494.188	-3.90389	571.42	0	180	-112.954
494.183	-3.98953	571.461	0	180	-113.005
494.178	-4.07518	571.503	0	180	-113.055
494.174	-4.16082	571.544	0	180	-113.106
494.169	-4.24647	571.585	0	180	-113.157
494.164	-4.33212	571.627	0	180	-113.207
494.16	-4.41776	571.668	0	180	-113.258
494.155	-4.50341	571.71	0	180	-113.308
494.15	-4.58905	571.751	0	180	-113.359
494.146	-4.6747	571.792	0	180	-113.41
494.141	-4.76035	571.834	0	180	-113.46
494.137	-4.84599	571.875	0	180	-113.511
494.132	-4.93164	571.916	0	180	-113.561
494.127	-5.01729	571.958	0	180	-113.612
494.123	-5.10293	571.999	0	180	-113.663
494.118	-5.18858	572.041	0	180	-113.713
494.113	-5.27422	572.082	0	180	-113.764
494.109	-5.35987	572.123	0	180	-113.814
494.104	-5.44552	572.165	0	180	-113.865
494.099	-5.53116	572.206	0	180	-113.915
494.095	-5.61681	572.248	0	180	-113.966
494.09	-5.70245	572.289	0	180	-114.017
494.086	-5.7881	572.33	0	180	-114.067
494.081	-5.87375	572.372	0	180	-114.118
494.076	-5.95939	572.413	0	180	-114.168
494.072	-6.04504	572.454	0	180	-114.219
494.067	-6.13068	572.496	0	180	-114.27
494.062	-6.21633	572.537	0	180	-114.32
494.058	-6.30198	572.579	0	180	-114.371
494.053	-6.38762	572.62	0	180	-114.421
494.048	-6.47327	572.661	0	180	-114.472
494.044	-6.55892	572.703	0	180	-114.523
494.039	-6.64456	572.744	0	180	-114.573
494.035	-6.73021	572.785	0	180	-114.624
494.03	-6.81585	572.827	0	180	-114.674
494.025	-6.9015	572.868	0	180	-114.725
494.021	-6.98715	572.91	0	180	-114.776
494.016	-7.07279	572.951	0	180	-114.826
494.011	-7.15844	572.992	0	180	-114.877
494.007	-7.24408	573.034	0	180	-114.927
494.002	-7.32973	573.075	0	180	-114.978
493.997	-7.41538	573.117	0	180	-115.029
493.993	-7.50102	573.158	0	180	-115.079
493.988	-7.58667	573.199	0	180	-115.13
493.984	-7.67231	573.241	0	180	-115.18
493.979	-7.75796	573.282	0	180	-115.231
493.974	-7.84361	573.323	0	180	-115.281
493.97	-7.92925	573.365	0	180	-115.332
493.965	-8.0149	573.406	0	180	-115.383
493.96	-8.10055	573.448	0	180	-115.433
493.956	-8.18619	573.489	0	180	-115.484
493.951	-8.27184	573.53	0	180	-115.534
493.946	-8.35748	573.572	0	180	-115.585
493.942	-8.44313	573.613	0	180	-115.636
493.937	-8.52878	573.654	0	180	-115.686
493.933	-8.61442	573.696	0	180	-115.737
493.928	-8.70007	573.737	0	180	-115.787
493.923	-8.78571	573.779	0	180	-115.838
493.919	-8.87136	573.82	0	180	-115.889
493.914	-8.95701	573.861	0	180	-115.939
493.909	-9.04265	573.903	0	180	-115.99
493.905	-9.1283	573.944	0	180	-116.04
493.9	-9.21394	573.986	0	180	-116.091
493.895	-9.29959	574.027	0	180	-116.142
493.891	-9.38524	574.068	0	180	-116.192
493.886	-9.47088	574.11	0	180	-116.243
493.882	-9.55653	574.151	0	180	-116.293
493.877	-9.64218	574.192	0	180	-116.344
493.872	-9.72782	574.234	0	180	-116.395
493.868	-9.81347	574.275	0	180	-116.445
493.863	-9.89911	574.317	0	180	-116.496
493.858	-9.98476	574.358	0	180	-116.546
493.854	-10.0704	574.399	0	180	-116.597
493.849	-10.1561	574.441	0	180	-116.647
493.844	-10.2417	574.482	0	180	-116.698
493.84	-10.3273	574.524	0	180	-116.749
493.835	-10.413	574.565	0	180	-116.799
493.831	-10.4986	574.606	0	180	-116.85
493.826	-10.5843	574.648	0	180	-116.9
493.821	-10.6699	574.689	0	180	-116.951
493.817	-10.7556	574.73	0	180	-117.002
493.812	-10.8412	574.772	0	180	-117.052
493.807	-10.9269	574.813	0	180	-117.103
493.803	-11.0125	574.855	0	180	-117.153
493.798	-11.0982	574.896	0	180	-117.204
493.793	-11.1838	574.937	0	180	-117.255
493.789	-11.2695	574.979	0	180	-117.305
493.784	-11.3551	575.02	0	180	-117.356
493.78	-11.4407	575.061	0	180	-117.406
493.775	-11.5264	575.103	0	180	-117.457
493.77	-11.612	575.144	0	180	-117.508
493.766	-11.6977	575.186	0	180	-117.558
493.761	-11.7833	575.227	0	180	-117.609
493.756	-11.869	575.268	0	180	-117.659
493.752	-11.9546	575.31	0	180	-117.71
493.747	-12.0403	575.351	0	180	-117.76
493.742	-12.1259	575.393	0	180	-117.811
493.738	-12.2116	575.434	0	180	-117.862
493.733	-12.2972	575.475	0	180	-117.912
493.729	-12.3829	575.517	0	180	-117.963
493.724	-12.4685	575.558	0	180	-118.013
493.719	-12.5541	575.599	0	180	-118.064
493.715	-12.6398	575.641	0	180	-118.115
493.71	-12.7254	575.682	0	180	-118.165
493.705	-12.8111	575.724	0	180	-118.216
493.701	-12.8967	575.765	0	180	-118.266
493.696	-12.9824	575.806	0	180	-118.317
493.691	-13.068	575.848	0	180	-118.368
493.687	-13.1537	575.889	0	180	-118.418
493.682	-13.2393	575.931	0	180	-118.469
493.678	-13.325	575.972	0	180	-118.519
493.673	-13.4106	576.013	0	180	-118.57
493.668	-13.4963	576.055	0	180	-118.621
493.664	-13.5819	576.096	0	180	-118.671
493.659	-13.6675	576.137	0	180	-118.722
493.654	-13.7532	576.179	0	180	-118.772
493.65	-13.8388	576.22	0	180	-118.823
493.645	-13.9245	576.26	0	180	-118.874
493.64	-14.0101	576.3	0	180	-118.924
493.636	-14.0958	576.338	0	180	-118.975
493.631	-14.1814	576.375	0	180	-119.025
493.627	-14.2671	576.412	0	180	-119.076
493.622	-14.3527	576.447	0	180	-119.126
493.617	-14.4384	576.481	0	180	-119.177
493.613	-14.524	576.515	0	180	-119.228
493.608	-14.6096	576.547	0	180	-119.278
493.603	-14.6953	576.578	0	180	-119.329
493.599	-14.7809	576.609	0	180	-119.379
493.594	-14.8666	576.638	0	180	-119.43
493.589	-14.9522	576.666	0	180	-119.481
493.585	-15.0379	576.694	0	180	-119.531
493.58	-15.1235	576.72	0	180	-119.582
493.576	-15.2092	576.745	0	180	-119.632
493.571	-15.2948	576.769	0	180	-119.683
493.566	-15.3805	576.793	0	180	-119.734
493.562	-15.4661	576.815	0	180	-119.784
493.557	-15.5518	576.836	0	180	-119.835
493.552	-15.6374	576.857	0	180	-119.885
493.548	-15.723	576.876	0	180	-119.936
493.543	-15.8087	576.894	0	180	-119.987
493.538	-15.8943	576.912	0	180	-120.037
493.534	-15.98	576.928	0	180	-120.088
493.529	-16.0656	576.943	0	180	-120.138
493.525	-16.1513	576.958	0	180	-120.189
493.52	-16.2369	576.971	0	180	-120.24
493.515	-16.3226	576.983	0	180	-120.29
493.511	-16.4082	576.995	0	180	-120.341
493.506	-16.4939	577.005	0	180	-120.391
493.501	-16.5795	577.014	0	180	-120.442
493.497	-16.6652	577.023	0	180	-120.492
493.492	-16.7508	577.03	0	180	-120.543
493.487	-16.8364	577.036	0	180	-120.594
493.483	-16.9221	577.042	0	180	-120.644
493.478	-17.0077	577.046	0	180	-120.695
493.474	-17.0934	577.049	0	180	-120.745
493.469	-17.179	577.052	0	180	-120.796
493.464	-17.2647	577.053	0	180	-120.847
493.46	-17.3503	577.053	0	180	-120.897
493.455	-17.436	577.052	0	180	-120.948
493.45	-17.5216	577.051	0	180	-120.998
493.446	-17.6073	577.048	0	180	-121.049
493.441	-17.6929	577.044	0	180	-121.1
493.436	-17.7786	577.04	0	180	-121.15
493.432	-17.8642	577.034	0	180	-121.201
493.427	-17.9498	577.027	0	180	-121.251
493.423	-18.0355	577.02	0	180	-121.302
493.418	-18.1211	577.011	0	180	-121.353
493.413	-18.2068	577.001	0	180	-121.403
493.409	-18.2924	576.991	0	180	-121.454
493.404	-18.3781	576.979	0	180	-121.504
493.399	-18.4637	576.966	0	180	-121.555
493.395	-18.5494	576.953	0	180	-121.606
493.39	-18.635	576.938	0	180	-121.656
493.385	-18.7207	576.922	0	180	-121.707
493.381	-18.8063	576.906	0	180	-121.757
493.376	-18.892	576.888	0	180	-121.808
493.372	-18.9776	576.869	0	180	-121.858
493.367	-19.0632	576.85	0	180	-121.909
493.362	-19.1489	576.829	0	180	-121.96
493.358	-19.2345	576.807	0	180	-122.01
493.353	-19.3202	576.785	0	180	-122.061
493.348	-19.4058	576.761	0	180	-122.111
493.344	-19.4915	576.736	0	180	-122.162
493.339	-19.5771	576.71	0	180	-122.213
493.334	-19.6628	576.684	0	180	-122.263
493.33	-19.7484	576.656	0	180	-122.314
493.325	-19.8341	576.627	0	180	-122.364
493.321	-19.9197	576.598	0	180	-122.415
493.316	-20.0054	576.567	0	180	-122.466
493.311	-20.091	576.535	0	180	-122.516
493.307	-20.1766	576.503	0	180	-122.567
493.302	-20.2623	576.469	0	180	-122.617
493.297	-20.3479	576.434	0	180	-122.668
493.293	-20.4336	576.399	0	180	-122.719
493.288	-20.5192	576.362	0	180	-122.769
493.283	-20.6049	576.324	0	180	-122.82
493.279	-20.6905	576.286	0	180	-122.87
493.274	-20.7762	576.246	0	180	-122.921
493.27	-20.8618	576.205	0	180	-122.972
493.265	-20.9475	576.164	0	180	-123.022
493.26	-21.0331	576.121	0	180	-123.073
493.256	-21.1188	576.077	0	180	-123.123
493.251	-21.2044	576.033	0	180	-123.174
493.246	-21.29	575.987	0	180	-123.224
493.242	-21.3757	575.94	0	180	-123.275
493.237	-21.4613	575.893	0	180	-123.325
493.232	-21.547	575.844	0	180	-123.373
493.228	-21.6326	575.794	0	180	-123.421
493.223	-21.7183	575.743	0	180	-123.467
493.219	-21.8038	575.692	0	180	-123.513
493.214	-21.8883	575.639	0	180	-123.558
493.209	-21.9719	575.585	0	180	-123.601
493.205	-22.0545	575.531	0	180	-123.644
493.2	-22.136	575.475	0	180	-123.685
493.195	-22.2166	575.418	0	180	-123.726
493.191	-22.2962	575.361	0	180	-123.766
493.187	-22.3747	575.302	0	180	-123.804
493.183	-22.4523	575.242	0	180	-123.842
493.179	-22.5289	575.182	0	180	-123.879
493.175	-22.6045	575.12	0	180	-123.914
493.171	-22.679	575.057	0	180	-123.949
493.168	-22.7526	574.994	0	180	-123.982
493.164	-22.8259	574.929	0	180	-124.015
493.16	-22.8993	574.863	0	180	-124.047
493.156	-22.9726	574.797	0	180	-124.077
493.152	-23.0459	574.729	0	180	-124.107
493.148	-23.1192	574.66	0	180	-124.136
493.144	-23.1925	574.591	0	180	-124.164
493.14	-23.2658	574.52	0	180	-124.192
493.136	-23.3392	574.448	0	180	-124.221
493.132	-23.4125	574.376	0	180	-124.249
493.128	-23.4858	574.302	0	180	-124.278
493.124	-23.5591	574.227	0	180	-124.306
493.121	-23.6324	574.151	0	180	-124.335
493.117	-23.7057	574.075	0	180	-124.363
493.113	-23.7791	573.997	0	180	-124.392
493.109	-23.8524	573.918	0	180	-124.42
493.105	-23.9257	573.839	0	180	-124.449
493.101	-23.999	573.758	0	180	-124.477
493.097	-24.0723	573.676	0	180	-124.506
493.093	-24.1456	573.594	0	180	-124.534
493.089	-24.219	573.51	0	180	-124.562
493.085	-24.2923	573.425	0	180	-124.591
493.081	-24.3656	573.34	0	180	-124.619
493.077	-24.4389	573.253	0	180	-124.648
493.074	-24.5122	573.165	0	180	-124.676
493.07	-24.5856	573.077	0	180	-124.705
493.066	-24.6589	572.987	0	180	-124.733
493.062	-24.7322	572.896	0	180	-124.762
493.058	-24.8055	572.805	0	180	-124.79
493.054	-24.8788	572.712	0	180	-124.819
493.05	-24.9521	572.618	0	180	-124.847
493.046	-25.0255	572.524	0	180	-124.876
493.042	-25.0988	572.428	0	180	-124.904
493.038	-25.1721	572.331	0	180	-124.932
493.034	-25.2454	572.234	0	180	-124.961
493.03	-25.3187	572.135	0	180	-124.989
493.026	-25.392	572.035	0	180	-125.018
493.023	-25.4654	571.934	0	180	-125.046
493.019	-25.5387	571.833	0	180	-125.075
493.015	-25.612	571.73	0	180	-125.103
493.011	-25.6853	571.626	0	180	-125.132
493.007	-25.7586	571.522	0	180	-125.16
493.003	-25.8319	571.416	0	180	-125.189
492.999	-25.9053	571.309	0	180	-125.217
492.995	-25.9786	571.202	0	180	-125.246
492.991	-26.0519	571.093	0	180	-125.274
492.987	-26.1252	570.983	0	180	-125.302
492.983	-26.1985	570.873	0	180	-125.331
492.979	-26.2718	570.761	0	180	-125.359
492.976	-26.3452	570.648	0	180	-125.388
492.972	-26.4185	570.535	0	180	-125.416
492.968	-26.4918	570.42	0	180	-125.445
492.964	-26.5651	570.304	0	180	-125.473
492.96	-26.6384	570.188	0	180	-125.502
492.956	-26.7117	570.07	0	180	-125.53
492.952	-26.7851	569.951	0	180	-125.559
492.948	-26.8584	569.832	0	180	-125.587
492.944	-26.9317	569.711	0	180	-125.616
492.94	-27.005	569.589	0	180	-125.644
492.936	-27.0783	569.467	0	180	-125.672
492.932	-27.1516	569.343	0	180	-125.701
492.929	-27.225	569.218	0	180	-125.729
492.925	-27.2983	569.092	0	180	-125.758
492.921	-27.3716	568.966	0	180	-125.786
492.917	-27.4449	568.838	0	180	-125.815
492.913	-27.5182	568.709	0	180	-125.843
492.909	-27.5916	568.58	0	180	-125.872
492.905	-27.6649	568.449	0	180	-125.9
492.901	-27.7382	568.317	0	180	-125.929
492.897	-27.8115	568.185	0	180	-125.957
492.893	-27.8848	568.051	0	180	-125.986
492.889	-27.9581	567.916	0	180	-126.014
492.885	-28.0315	567.781	0	180	-126.042
492.881	-28.1048	567.644	0	180	-126.071
492.878	-28.1781	567.506	0	180	-126.099
492.874	-28.2514	567.368	0	180	-126.128
492.87	-28.3247	567.228	0	180	-126.156
492.866	-28.398	567.087	0	180	-126.185
492.862	-28.4714	566.946	0	180	-126.213
492.858	-28.5447	566.803	0	180	-126.242
492.854	-28.618	566.659	0	180	-126.27
492.85	-28.6913	566.515	0	180	-126.299
492.846	-28.7646	566.369	0	180	-126.327
492.842	-28.8379	566.222	0	180	-126.356
492.838	-28.9113	566.074	0	180	-126.384
492.834	-28.9846	565.926	0	180	-126.412
492.831	-29.0579	565.776	0	180	-126.441
492.827	-29.1312	565.625	0	180	-126.469
492.823	-29.2045	565.474	0	180	-126.498
492.819	-29.2778	565.321	0	180	-126.526
492.815	-29.3512	565.167	0	180	-126.555
492.811	-29.4245	565.013	0	180	-126.583
492.807	-29.4978	564.857	0	180	-126.612
492.803	-29.5711	564.7	0	180	-126.64
492.799	-29.6444	564.543	0	180	-126.669
492.795	-29.7177	564.387	0	180	-126.697
492.791	-29.7911	564.23	0	180	-126.726
492.787	-29.8644	564.073	0	180	-126.754
492.784	-29.9377	563.916	0	180	-126.783
492.78	-30.011	563.759	0	180	-126.811
492.776	-30.0843	563.602	0	180	-126.839
492.772	-30.1576	563.445	0	180	-126.868
492.768	-30.231	563.288	0	180	-126.896
492.764	-30.3043	563.131	0	180	-126.925
492.76	-30.3776	562.974	0	180	-126.953
492.756	-30.4509	562.817	0	180	-126.982
492.752	-30.5242	562.66	0	180	-127.01
492.748	-30.5975	562.504	0	180	-127.039
492.744	-30.6709	562.347	0	180	-127.067
492.74	-30.7442	562.19	0	180	-127.096
492.737	-30.8175	562.033	0	180	-127.124
492.733	-30.8908	561.876	0	180	-127.153
492.729	-30.9641	561.719	0	180	-127.181
492.725	-31.0375	561.562	0	180	-127.209
492.721	-31.1108	561.405	0	180	-127.238
492.717	-31.1841	561.248	0	180	-127.266
492.713	-31.2574	561.091	0	180	-127.295
492.709	-31.3307	560.934	0	180	-127.323
492.705	-31.404	560.777	0	180	-127.352
492.701	-31.4774	560.621	0	180	-127.38
492.697	-31.5507	560.464	0	180	-127.409
492.693	-31.624	560.307	0	180	-127.437
492.689	-31.6973	560.15	0	180	-127.466
492.686	-31.7706	559.993	0	180	-127.494
492.682	-31.8439	559.836	0	180	-127.523
492.678	-31.9173	559.679	0	180	-127.551
492.674	-31.9906	559.522	0	180	-127.579
492.67	-32.0639	559.365	0	180	-127.608
492.666	-32.1372	559.208	0	180	-127.636
492.662	-32.2105	559.051	0	180	-127.665
492.658	-32.2838	558.894	0	180	-127.693
492.654	-32.3572	558.737	0	180	-127.722
492.65	-32.4305	558.581	0	180	-127.75
492.646	-32.5038	558.424	0	180	-127.779
492.642	-32.5771	558.267	0	180	-127.807
492.639	-32.6504	558.11	0	180	-127.836
492.635	-32.7237	557.953	0	180	-127.864
492.631	-32.7971	557.796	0	180	-127.893
492.627	-32.8704	557.639	0	180	-127.921
492.623	-32.9437	557.482	0	180	-127.949
492.619	-33.017	557.325	0	180	-127.978
492.615	-33.0903	557.168	0	180	-128.006
492.611	-33.1636	557.011	0	180	-128.035
492.607	-33.237	556.854	0	180	-128.063
492.603	-33.3103	556.698	0	180	-128.092
492.599	-33.3836	556.541	0	180	-128.12
492.595	-33.4569	556.384	0	180	-128.149
492.592	-33.5302	556.227	0	180	-128.177
492.588	-33.6035	556.07	0	180	-128.206
492.584	-33.6769	555.913	0	180	-128.234
492.58	-33.7502	555.756	0	180	-128.263
492.576	-33.8235	555.599	0	180	-128.291
492.572	-33.8968	555.442	0	180	-128.319
492.568	-33.9701	555.285	0	180	-128.348
492.564	-34.0435	555.128	0	180	-128.376
492.56	-34.1168	554.971	0	180	-128.405
492.556	-34.1901	554.815	0	180	-128.433
492.552	-34.2634	554.658	0	180	-128.462
492.548	-34.3367	554.501	0	180	-128.49
492.545	-34.41	554.344	0	180	-128.519
492.541	-34.4834	554.187	0	180	-128.547
492.537	-34.5567	554.03	0	180	-128.576
492.533	-34.63	553.873	0	180	-128.604
492.529	-34.7033	553.716	0	180	-128.633
492.525	-34.7766	553.559	0	180	-128.661
492.521	-34.8499	553.402	0	180	-128.689
492.517	-34.9233	553.245	0	180	-128.718
492.513	-34.9966	553.088	0	180	-128.746
492.509	-35.0699	552.931	0	180	-128.775
492.505	-35.1432	552.775	0	180	-128.803
492.501	-35.2165	552.618	0	180	-128.832
492.497	-35.2898	552.461	0	180	-128.86
492.494	-35.3632	552.304	0	180	-128.889
492.49	-35.4365	552.147	0	180	-128.917
492.486	-35.5098	551.99	0	180	-128.946
492.482	-35.5831	551.833	0	180	-128.974
492.478	-35.6564	551.676	0	180	-129.003
492.474	-35.7297	551.519	0	180	-129.031
492.47	-35.8031	551.362	0	180	-129.059
492.466	-35.8764	551.205	0	180	-129.088
492.462	-35.9497	551.048	0	180	-129.116
492.458	-36.023	550.892	0	180	-129.145
492.454	-36.0963	550.735	0	180	-129.173
492.45	-36.1696	550.578	0	180	-129.202
492.447	-36.243	550.421	0	180	-129.23
492.443	-36.3163	550.264	0	180	-129.259
492.439	-36.3896	550.107	0	180	-129.287
492.435	-36.4629	549.95	0	180	-129.316
492.431	-36.5362	549.793	0	180	-129.344
492.427	-36.6095	549.636	0	180	-129.373
492.423	-36.6829	549.479	0	180	-129.401
492.419	-36.7562	549.322	0	180	-129.429
492.415	-36.8295	549.165	0	180	-129.458
492.411	-36.9028	549.009	0	180	-129.486
492.407	-36.9761	548.852	0	180	-129.515
492.403	-37.0494	548.695	0	180	-129.543
492.4	-37.1228	548.538	0	180	-129.572
492.396	-37.1961	548.381	0	180	-129.6
492.392	-37.2694	548.224	0	180	-129.629
492.388	-37.3427	548.067	0	180	-129.657
492.384	-37.416	547.91	0	180	-129.686
492.38	-37.4894	547.753	0	180	-129.714
492.376	-37.5627	547.596	0	180	-129.743
492.372	-37.636	547.439	0	180	-129.771
492.368	-37.7093	547.282	0	180	-129.799
492.364	-37.7826	547.125	0	180	-129.828
492.36	-37.8559	546.969	0	180	-129.856
492.356	-37.9293	546.812	0	180	-129.885
492.353	-38.0026	546.655	0	180	-129.913
492.349	-38.0759	546.498	0	180	-129.942
492.345	-38.1492	546.341	0	180	-129.97
492.341	-38.2225	546.184	0	180	-129.999
492.337	-38.2958	546.027	0	180	-130.027
492.333	-38.3692	545.87	0	180	-130.056
492.329	-38.4425	545.713	0	180	-130.084
492.325	-38.5158	545.556	0	180	-130.113
492.321	-38.5891	545.399	0	180	-130.141
492.317	-38.6624	545.242	0	180	-130.169
492.313	-38.7357	545.086	0	180	-130.198
492.309	-38.8091	544.929	0	180	-130.226
492.305	-38.8824	544.772	0	180	-130.255
492.302	-38.9557	544.615	0	180	-130.283
492.298	-39.029	544.458	0	180	-130.312
492.294	-39.1023	544.301	0	180	-130.34
492.29	-39.1756	544.144	0	180	-130.369
492.286	-39.249	543.987	0	180	-130.397
492.282	-39.3223	543.83	0	180	-130.426
492.278	-39.3956	543.673	0	180	-130.454
492.274	-39.4689	543.516	0	180	-130.483
492.27	-39.5422	543.359	0	180	-130.511
492.266	-39.6155	543.203	0	180	-130.539
492.262	-39.6889	543.046	0	180	-130.568
492.258	-39.7622	542.889	0	180	-130.596
492.255	-39.8355	542.732	0	180	-130.625
492.251	-39.9088	542.575	0	180	-130.653
492.247	-39.9821	542.418	0	180	-130.682
492.243	-40.0554	542.261	0	180	-130.71
492.239	-40.1288	542.104	0	180	-130.739
492.235	-40.2021	541.947	0	180	-130.767
492.231	-40.2754	541.79	0	180	-130.796
492.227	-40.3487	541.633	0	180	-130.824
492.223	-40.422	541.476	0	180	-130.853
492.219	-40.4954	541.319	0	180	-130.881
492.215	-40.5687	541.163	0	180	-130.909
492.211	-40.642	541.006	0	180	-130.938
492.208	-40.7153	540.849	0	180	-130.966
492.204	-40.7886	540.692	0	180	-130.995
492.2	-40.8619	540.535	0	180	-131.023
492.196	-40.9353	540.378	0	180	-131.052
492.192	-41.0086	540.221	0	180	-131.08
492.188	-41.0819	540.064	0	180	-131.109
492.184	-41.1552	539.907	0	180	-131.137
492.18	-41.2285	539.75	0	180	-131.166
492.176	-41.3018	539.593	0	180	-131.194
492.172	-41.3752	539.436	0	180	-131.223
492.168	-41.4485	539.28	0	180	-131.251
492.164	-41.5218	539.123	0	180	-131.279
492.161	-41.5951	538.966	0	180	-131.308
492.157	-41.6684	538.809	0	180	-131.336
492.153	-41.7417	538.652	0	180	-131.365
492.149	-41.8151	538.495	0	180	-131.393
492.145	-41.8884	538.338	0	180	-131.422
492.141	-41.9617	538.181	0	180	-131.45
492.137	-42.035	538.024	0	180	-131.479
492.133	-42.1083	537.867	0	180	-131.507
492.129	-42.1816	537.71	0	180	-131.536
492.125	-42.255	537.553	0	180	-131.564
492.121	-42.3283	537.397	0	180	-131.593
492.117	-42.4016	537.24	0	180	-131.621
492.113	-42.4749	537.083	0	180	-131.649
492.11	-42.5482	536.926	0	180	-131.678
492.106	-42.6215	536.769	0	180	-131.706
492.102	-42.6949	536.612	0	180	-131.735
492.098	-42.7682	536.455	0	180	-131.763
492.094	-42.8415	536.298	0	180	-131.792
492.09	-42.9148	536.141	0	180	-131.82
492.086	-42.9881	535.984	0	180	-131.849
492.082	-43.0614	535.827	0	180	-131.877
492.078	-43.1348	535.67	0	180	-131.906
492.074	-43.2081	535.513	0	180	-131.934
492.07	-43.2814	535.357	0	180	-131.963
492.066	-43.3547	535.2	0	180	-131.991
492.063	-43.428	535.043	0	180	-132.019
492.059	-43.5014	534.886	0	180	-132.048
492.055	-43.5747	534.729	0	180	-132.076
492.051	-43.648	534.572	0	180	-132.105
492.047	-43.7213	534.415	0	180	-132.133
492.043	-43.7946	534.258	0	180	-132.162
492.039	-43.8679	534.101	0	180	-132.19
492.035	-43.9413	533.944	0	180	-132.219
492.031	-44.0146	533.787	0	180	-132.247
492.027	-44.0879	533.63	0	180	-132.276
492.023	-44.1612	533.474	0	180	-132.304
492.019	-44.2345	533.317	0	180	-132.333
492.016	-44.3078	533.16	0	180	-132.361
492.012	-44.3812	533.003	0	180	-132.389
492.008	-44.4545	532.846	0	180	-132.418
492.004	-44.5278	532.689	0	180	-132.446
492	-44.6011	532.532	0	180	-132.475
491.996	-44.6744	532.375	0	180	-132.503
491.992	-44.7477	532.218	0	180	-132.532
491.988	-44.8211	532.061	0	180	-132.56
491.984	-44.8944	531.904	0	180	-132.589
491.98	-44.9677	531.747	0	180	-132.617
491.976	-45.041	531.591	0	180	-132.646
491.972	-45.1143	531.434	0	180	-132.674
491.969	-45.1876	531.277	0	180	-132.703
491.965	-45.261	531.12	0	180	-132.731
491.961	-45.3343	530.963	0	180	-132.76
491.957	-45.4076	530.806	0	180	-132.788
491.953	-45.4809	530.649	0	180	-132.816
491.949	-45.5542	530.492	0	180	-132.845
491.945	-45.6275	530.335	0	180	-132.873
491.941	-45.7009	530.178	0	180	-132.902
491.937	-45.7742	530.021	0	180	-132.93
491.933	-45.8475	529.864	0	180	-132.959
491.929	-45.9208	529.707	0	180	-132.987
491.925	-45.9941	529.551	0	180	-133.016
491.921	-46.0674	529.394	0	180	-133.044
491.918	-46.1408	529.237	0	180	-133.073
491.914	-46.2141	529.08	0	180	-133.101
491.91	-46.2874	528.923	0	180	-133.13
491.906	-46.3607	528.766	0	180	-133.158
491.902	-46.434	528.609	0	180	-133.186
491.898	-46.5073	528.452	0	180	-133.215
491.894	-46.5807	528.295	0	180	-133.243
491.89	-46.654	528.138	0	180	-133.272
491.886	-46.7273	527.981	0	180	-133.3
491.882	-46.8006	527.824	0	180	-133.329
491.878	-46.8739	527.668	0	180	-133.357
491.874	-46.9473	527.511	0	180	-133.386
491.871	-47.0206	527.354	0	180	-133.414
491.867	-47.0939	527.197	0	180	-133.443
491.863	-47.1672	527.04	0	180	-133.471
491.859	-47.2405	526.883	0	180	-133.5
491.855	-47.3138	526.726	0	180	-133.528
491.851	-47.3872	526.569	0	180	-133.556
491.847	-47.4605	526.412	0	180	-133.585
491.843	-47.5338	526.255	0	180	-133.613
491.839	-47.6071	526.098	0	180	-133.642
491.835	-47.6804	525.941	0	180	-133.67
491.831	-47.7537	525.785	0	180	-133.699
491.827	-47.8271	525.628	0	180	-133.727
491.824	-47.9004	525.471	0	180	-133.756
491.82	-47.9737	525.314	0	180	-133.784
491.816	-48.047	525.157	0	180	-133.813
491.812	-48.1203	525	0	180	-133.841
491.808	-48.1936	524.843	0	180	-133.87
491.804	-48.267	524.686	0	180	-133.898
491.8	-48.3403	524.529	0	180	-133.926
491.796	-48.4136	524.372	0	180	-133.955
491.792	-48.4869	524.215	0	180	-133.983
491.788	-48.5602	524.058	0	180	-134.012
491.784	-48.6335	523.901	0	180	-134.04
491.78	-48.7069	523.745	0	180	-134.069
491.776	-48.7802	523.588	0	180	-134.097
491.773	-48.8535	523.431	0	180	-134.126
491.769	-48.9268	523.274	0	180	-134.154
491.765	-49.0001	523.117	0	180	-134.183
491.761	-49.0734	522.96	0	180	-134.211
491.757	-49.1468	522.803	0	180	-134.24
491.753	-49.2201	522.646	0	180	-134.268
491.749	-49.2934	522.489	0	180	-134.296
491.745	-49.3667	522.332	0	180	-134.325
491.741	-49.44	522.175	0	180	-134.353
491.737	-49.5133	522.018	0	180	-134.382
491.733	-49.5867	521.862	0	180	-134.41
491.729	-49.66	521.705	0	180	-134.439
491.726	-49.7333	521.548	0	180	-134.467
491.722	-49.8066	521.391	0	180	-134.496
491.718	-49.8799	521.234	0	180	-134.524
491.714	-49.9533	521.077	0	180	-134.553
491.71	-50.0266	520.92	0	180	-134.581
491.706	-50.0999	520.763	0	180	-134.61
491.702	-50.1732	520.606	0	180	-134.638
491.698	-50.2465	520.449	0	180	-134.666
491.694	-50.3198	520.292	0	180	-134.695
491.69	-50.3932	520.135	0	180	-134.723
491.686	-50.4665	519.979	0	180	-134.752
491.682	-50.5398	519.822	0	180	-134.78
491.679	-50.6131	519.665	0	180	-134.809
491.675	-50.6864	519.508	0	180	-134.837
491.671	-50.7597	519.351	0	180	-134.866
491.667	-50.8331	519.194	0	180	-134.894
491.663	-50.9064	519.037	0	180	-134.923
491.659	-50.9797	518.88	0	180	-134.951
491.655	-51.053	518.723	0	180	-134.98
491.651	-51.1263	518.566	0	180	-135.008
491.647	-51.1996	518.409	0	180	-135.036
491.643	-51.273	518.252	0	180	-135.065
491.639	-51.3463	518.095	0	180	-135.093
491.635	-51.4196	517.939	0	180	-135.122
491.632	-51.4929	517.782	0	180	-135.15
491.628	-51.5662	517.625	0	180	-135.179
491.624	-51.6395	517.468	0	180	-135.207
491.62	-51.7129	517.311	0	180	-135.236
491.616	-51.7862	517.154	0	180	-135.264
491.612	-51.8595	516.997	0	180	-135.293
491.608	-51.9328	516.84	0	180	-135.321
491.604	-52.0061	516.683	0	180	-135.35
491.6	-52.0794	516.526	0	180	-135.378
491.596	-52.1528	516.369	0	180	-135.406
491.592	-52.2261	516.212	0	180	-135.435
491.588	-52.2994	516.056	0	180	-135.463
491.584	-52.3727	515.899	0	180	-135.492
491.581	-52.446	515.742	0	180	-135.52
491.577	-52.5193	515.585	0	180	-135.549
491.573	-52.5927	515.428	0	180	-135.577
491.569	-52.666	515.271	0	180	-135.606
491.565	-52.7393	515.114	0	180	-135.634
491.561	-52.8126	514.957	0	180	-135.663
491.557	-52.8859	514.8	0	180	-135.691
491.553	-52.9592	514.643	0	180	-135.72
491.549	-53.0326	514.486	0	180	-135.748
491.545	-53.1059	514.329	0	180	-135.776
491.541	-53.1792	514.173	0	180	-135.805
491.537	-53.2525	514.016	0	180	-135.833
491.534	-53.3258	513.859	0	180	-135.862
491.53	-53.3992	513.702	0	180	-135.89
491.526	-53.4725	513.545	0	180	-135.919
491.522	-53.5458	513.388	0	180	-135.947
491.518	-53.6191	513.231	0	180	-135.976
491.514	-53.6924	513.074	0	180	-136.004
491.51	-53.7657	512.917	0	180	-136.033
491.506	-53.8391	512.76	0	180	-136.061
491.502	-53.9124	512.603	0	180	-136.09
491.498	-53.9857	512.446	0	180	-136.118
491.494	-54.059	512.289	0	180	-136.146
491.49	-54.1323	512.133	0	180	-136.175
491.487	-54.2056	511.976	0	180	-136.203
491.483	-54.279	511.819	0	180	-136.232
491.479	-54.3523	511.662	0	180	-136.26
491.475	-54.4256	511.505	0	180	-136.289
491.471	-54.4989	511.348	0	180	-136.317
491.467	-54.5722	511.191	0	180	-136.346
491.463	-54.6455	511.034	0	180	-136.374
491.459	-54.7189	510.877	0	180	-136.403
491.455	-54.7922	510.72	0	180	-136.431
491.451	-54.8655	510.563	0	180	-136.46
491.447	-54.9388	510.406	0	180	-136.488
491.443	-55.0121	510.25	0	180	-136.516
491.44	-55.0854	510.093	0	180	-136.545
491.436	-55.1588	509.936	0	180	-136.573
491.432	-55.2321	509.779	0	180	-136.602
491.428	-55.3054	509.622	0	180	-136.63
491.424	-55.3787	509.465	0	180	-136.659
491.42	-55.452	509.308	0	180	-136.687
491.416	-55.5253	509.151	0	180	-136.716
491.412	-55.5987	508.994	0	180	-136.744
491.408	-55.672	508.837	0	180	-136.773
491.404	-55.7453	508.68	0	180	-136.801
491.4	-55.8186	508.523	0	180	-136.83
491.396	-55.8919	508.367	0	180	-136.858
491.392	-55.9652	508.21	0	180	-136.886
491.389	-56.0386	508.053	0	180	-136.915
491.385	-56.1119	507.896	0	180	-136.943
491.381	-56.1852	507.739	0	180	-136.972
491.377	-56.2585	507.582	0	180	-137
491.373	-56.3318	507.425	0	180	-137.029
491.369	-56.4052	507.268	0	180	-137.057
491.365	-56.4785	507.111	0	180	-137.086
491.361	-56.5518	506.954	0	180	-137.114
491.357	-56.6251	506.797	0	180	-137.143
491.353	-56.6984	506.64	0	180	-137.171
491.349	-56.7717	506.483	0	180	-137.2
491.345	-56.8451	506.327	0	180	-137.228
491.342	-56.9184	506.17	0	180	-137.256
491.338	-56.9917	506.013	0	180	-137.285
491.334	-57.065	505.856	0	180	-137.313
491.33	-57.1383	505.699	0	180	-137.342
491.326	-57.2116	505.542	0	180	-137.37
491.322	-57.285	505.385	0	180	-137.399
491.318	-57.3583	505.228	0	180	-137.427
491.314	-57.4316	505.071	0	180	-137.456
491.31	-57.5049	504.914	0	180	-137.484
491.306	-57.5782	504.757	0	180	-137.513
491.302	-57.6515	504.6	0	180	-137.541
491.298	-57.7249	504.444	0	180	-137.57
491.295	-57.7982	504.287	0	180	-137.598
491.291	-57.8715	504.13	0	180	-137.626
491.287	-57.9448	503.973	0	180	-137.655
491.283	-58.0181	503.816	0	180	-137.683
491.279	-58.0914	503.659	0	180	-137.712
491.275	-58.1648	503.502	0	180	-137.74
491.271	-58.2381	503.345	0	180	-137.769
491.267	-58.3114	503.188	0	180	-137.797
491.263	-58.3847	503.031	0	180	-137.826
491.259	-58.458	502.874	0	180	-137.854
491.255	-58.5313	502.717	0	180	-137.883
491.251	-58.6047	502.561	0	180	-137.911
491.248	-58.678	502.404	0	180	-137.94
491.244	-58.7513	502.247	0	180	-137.968
491.24	-58.8246	502.09	0	180	-137.996
491.236	-58.8979	501.933	0	180	-138.025
491.232	-58.9712	501.776	0	180	-138.053
491.228	-59.0446	501.619	0	180	-138.082
491.224	-59.1179	501.462	0	180	-138.11
491.22	-59.1912	501.305	0	180	-138.139
491.216	-59.2645	501.148	0	180	-138.167
491.212	-59.3378	500.991	0	180	-138.196
491.208	-59.4112	500.834	0	180	-138.224
491.204	-59.4845	500.677	0	180	-138.253
491.2	-59.5578	500.521	0	180	-138.281
491.197	-59.6311	500.364	0	180	-138.31
491.193	-59.7044	500.207	0	180	-138.338
491.189	-59.7777	500.05	0	180	-138.366
491.185	-59.8511	499.893	0	180	-138.395
491.181	-59.9244	499.736	0	180	-138.423
491.177	-59.9977	499.579	0	180	-138.452
491.173	-60.071	499.422	0	180	-138.48
491.169	-60.1443	499.265	0	180	-138.509
491.165	-60.2176	499.108	0	180	-138.537
491.161	-60.291	498.951	0	180	-138.566
491.157	-60.3643	498.794	0	180	-138.594
491.153	-60.4376	498.638	0	180	-138.623
491.15	-60.5109	498.481	0	180	-138.651
491.146	-60.5842	498.324	0	180	-138.68
491.142	-60.6575	498.167	0	180	-138.708
491.138	-60.7309	498.01	0	180	-138.737
491.134	-60.8042	497.853	0	180	-138.765
491.13	-60.8775	497.696	0	180	-138.793
491.126	-60.9508	497.539	0	180	-138.822
491.122	-61.0241	497.382	0	180	-138.85
491.118	-61.0974	497.225	0	180	-138.879
491.114	-61.1708	497.068	0	180	-138.907
491.11	-61.2441	496.911	0	180	-138.936
491.106	-61.3174	496.755	0	180	-138.964
491.103	-61.3907	496.598	0	180	-138.993
491.099	-61.464	496.441	0	180	-139.021
491.095	-61.5373	496.284	0	180	-139.05
491.091	-61.6107	496.127	0	180	-139.078
491.087	-61.684	495.97	0	180	-139.107
491.083	-61.7573	495.813	0	180	-139.135
491.079	-61.8306	495.656	0	180	-139.163
491.075	-61.9039	495.499	0	180	-139.192
491.071	-61.9772	495.342	0	180	-139.22
491.067	-62.0506	495.185	0	180	-139.249
491.063	-62.1239	495.028	0	180	-139.277
491.059	-62.1972	494.871	0	180	-139.306
491.056	-62.2705	494.715	0	180	-139.334
491.052	-62.3438	494.558	0	180	-139.363
491.048	-62.4171	494.401	0	180	-139.391
491.044	-62.4905	494.244	0	180	-139.42
491.04	-62.5638	494.087	0	180	-139.448
491.036	-62.6371	493.93	0	180	-139.477
491.032	-62.7104	493.773	0	180	-139.505
491.028	-62.7837	493.616	0	180	-139.533
491.024	-62.8571	493.459	0	180	-139.562
491.02	-62.9304	493.302	0	180	-139.59
491.016	-63.0037	493.145	0	180	-139.619
491.012	-63.077	492.988	0	180	-139.647
491.008	-63.1503	492.832	0	180	-139.676
491.005	-63.2236	492.675	0	180	-139.704
491.001	-63.297	492.518	0	180	-139.733
490.997	-63.3703	492.361	0	180	-139.761
490.993	-63.4436	492.204	0	180	-139.79
490.989	-63.5169	492.047	0	180	-139.818
490.985	-63.5902	491.89	0	180	-139.847
490.981	-63.6635	491.733	0	180	-139.875
490.977	-63.7369	491.576	0	180	-139.903
490.973	-63.8102	491.419	0	180	-139.932
490.969	-63.8835	491.262	0	180	-139.96
490.965	-63.9568	491.105	0	180	-139.989
490.961	-64.0301	490.949	0	180	-140.017
490.958	-64.1034	490.792	0	180	-140.046
490.954	-64.1768	490.635	0	180	-140.074
490.95	-64.2501	490.478	0	180	-140.103
490.946	-64.3234	490.321	0	180	-140.131
490.942	-64.3967	490.164	0	180	-140.16
490.938	-64.47	490.007	0	180	-140.188
490.934	-64.5433	489.85	0	180	-140.217
490.93	-64.6167	489.693	0	180	-140.245
490.926	-64.69	489.536	0	180	-140.273
490.922	-64.7633	489.379	0	180	-140.302
490.918	-64.8366	489.222	0	180	-140.33
490.914	-64.9099	489.065	0	180	-140.359
490.911	-64.9832	488.909	0	180	-140.387
490.907	-65.0566	488.752	0	180	-140.416
490.903	-65.1299	488.595	0	180	-140.444
490.899	-65.2032	488.438	0	180	-140.473
490.895	-65.2765	488.281	0	180	-140.501
490.891	-65.3498	488.124	0	180	-140.53
490.887	-65.4231	487.967	0	180	-140.558
490.883	-65.4965	487.81	0	180	-140.587
490.879	-65.5698	487.653	0	180	-140.615
490.875	-65.6431	487.496	0	180	-140.643
490.871	-65.7164	487.339	0	180	-140.672
490.867	-65.7897	487.182	0	180	-140.7
490.864	-65.8631	487.026	0	180	-140.729
490.86	-65.9364	486.869	0	180	-140.757
490.856	-66.0097	486.712	0	180	-140.786
490.852	-66.083	486.555	0	180	-140.814
490.848	-66.1563	486.398	0	180	-140.843
490.844	-66.2296	486.241	0	180	-140.871
490.84	-66.303	486.084	0	180	-140.9
490.836	-66.3763	485.927	0	180	-140.928
490.832	-66.4496	485.77	0	180	-140.957
490.828	-66.5229	485.613	0	180	-140.985
490.824	-66.5962	485.456	0	180	-141.013
490.82	-66.6695	485.299	0	180	-141.042
490.816	-66.7429	485.143	0	180	-141.07
490.813	-66.8162	484.986	0	180	-141.099
490.809	-66.8895	484.829	0	180	-141.127
490.805	-66.9628	484.672	0	180	-141.156
490.801	-67.0361	484.515	0	180	-141.184
490.797	-67.1094	484.358	0	180	-141.213
490.793	-67.1828	484.201	0	180	-141.241
490.789	-67.2561	484.044	0	180	-141.27
490.785	-67.3294	483.887	0	180	-141.298
490.781	-67.4027	483.73	0	180	-141.327
490.777	-67.476	483.573	0	180	-141.355
490.773	-67.5493	483.416	0	180	-141.383
490.769	-67.6227	483.259	0	180	-141.412
490.766	-67.696	483.103	0	180	-141.44
490.762	-67.7693	482.946	0	180	-141.469
490.758	-67.8426	482.789	0	180	-141.497
490.754	-67.9159	482.632	0	180	-141.526
490.75	-67.9892	482.475	0	180	-141.554
490.746	-68.0626	482.318	0	180	-141.583
490.742	-68.1359	482.161	0	180	-141.611
490.738	-68.2092	482.004	0	180	-141.64
490.734	-68.2825	481.847	0	180	-141.668
490.73	-68.3558	481.69	0	180	-141.697
490.726	-68.4291	481.533	0	180	-141.725
490.722	-68.5025	481.376	0	180	-141.753
490.719	-68.5758	481.22	0	180	-141.782
490.715	-68.6491	481.063	0	180	-141.81
490.711	-68.7224	480.906	0	180	-141.839
490.707	-68.7957	480.749	0	180	-141.867
490.703	-68.869	480.592	0	180	-141.896
490.699	-68.9424	480.435	0	180	-141.924
490.695	-69.0157	480.278	0	180	-141.953
490.691	-69.089	480.121	0	180	-141.981
490.687	-69.1623	479.964	0	180	-142.01
490.683	-69.2356	479.807	0	180	-142.038
490.679	-69.309	479.65	0	180	-142.067
490.675	-69.3823	479.493	0	180	-142.095
490.671	-69.4556	479.337	0	180	-142.123
490.668	-69.5289	479.18	0	180	-142.152
490.664	-69.6022	479.023	0	180	-142.18
490.66	-69.6755	478.866	0	180	-142.209
490.656	-69.7489	478.709	0	180	-142.237
490.652	-69.8222	478.552	0	180	-142.266
490.648	-69.8955	478.395	0	180	-142.294
490.644	-69.9688	478.238	0	180	-142.323
490.64	-70.0421	478.081	0	180	-142.351
490.636	-70.1154	477.924	0	180	-142.38
490.632	-70.1888	477.767	0	180	-142.408
490.628	-70.2621	477.61	0	180	-142.437
490.624	-70.3354	477.453	0	180	-142.465
490.621	-70.4087	477.297	0	180	-142.493
490.617	-70.482	477.14	0	180	-142.522
490.613	-70.5553	476.983	0	180	-142.55
490.609	-70.6287	476.826	0	180	-142.579
490.605	-70.702	476.669	0	180	-142.607
490.601	-70.7753	476.512	0	180	-142.636
490.597	-70.8486	476.355	0	180	-142.664
490.593	-70.9219	476.198	0	180	-142.693
490.589	-70.9952	476.041	0	180	-142.721
490.585	-71.0686	475.884	0	180	-142.75
490.581	-71.1419	475.727	0	180	-142.778
490.577	-71.2152	475.57	0	180	-142.807
490.574	-71.2885	475.414	0	180	-142.835
490.57	-71.3618	475.257	0	180	-142.863
490.566	-71.4351	475.1	0	180	-142.892
490.562	-71.5085	474.943	0	180	-142.92
490.558	-71.5818	474.786	0	180	-142.949
490.554	-71.6551	474.629	0	180	-142.977
490.55	-71.7284	474.472	0	180	-143.006
490.546	-71.8017	474.315	0	180	-143.034
490.542	-71.875	474.158	0	180	-143.063
490.538	-71.9484	474.001	0	180	-143.091
490.534	-72.0217	473.844	0	180	-143.12
490.53	-72.095	473.687	0	180	-143.148
490.527	-72.1683	473.531	0	180	-143.177
490.523	-72.2416	473.374	0	180	-143.205
490.519	-72.315	473.217	0	180	-143.233
490.515	-72.3883	473.06	0	180	-143.262
490.511	-72.4616	472.903	0	180	-143.29
490.507	-72.5349	472.746	0	180	-143.319
490.503	-72.6082	472.589	0	180	-143.347
490.499	-72.6815	472.432	0	180	-143.376
490.495	-72.7549	472.275	0	180	-143.404
490.491	-72.8282	472.118	0	180	-143.433
490.487	-72.9015	471.961	0	180	-143.461
490.483	-72.9748	471.804	0	180	-143.49
490.479	-73.0481	471.647	0	180	-143.518
490.476	-73.1214	471.491	0	180	-143.547
490.472	-73.1948	471.334	0	180	-143.575
490.468	-73.2681	471.177	0	180	-143.603
490.464	-73.3414	471.02	0	180	-143.632
490.46	-73.4147	470.863	0	180	-143.66
490.456	-73.488	470.706	0	180	-143.689
490.452	-73.5613	470.549	0	180	-143.717
490.448	-73.6347	470.392	0	180	-143.746
490.444	-73.708	470.235	0	180	-143.774
490.44	-73.7813	470.078	0	180	-143.803
490.436	-73.8546	469.921	0	180	-143.831
490.432	-73.9279	469.764	0	180	-143.86
490.429	-74.0012	469.608	0	180	-143.888
490.425	-74.0746	469.451	0	180	-143.917
490.421	-74.1479	469.294	0	180	-143.945
490.417	-74.2212	469.137	0	180	-143.973
490.413	-74.2945	468.98	0	180	-144.002
490.409	-74.3678	468.823	0	180	-144.03
490.405	-74.4411	468.666	0	180	-144.059
490.401	-74.5145	468.509	0	180	-144.087
490.397	-74.5878	468.352	0	180	-144.116
490.393	-74.6611	468.196	0	180	-144.144
490.389	-74.7344	468.04	0	180	-144.173
490.385	-74.8077	467.885	0	180	-144.201
490.382	-74.881	467.732	0	180	-144.23
490.378	-74.9544	467.579	0	180	-144.258
490.374	-75.0277	467.427	0	180	-144.287
490.37	-75.101	467.276	0	180	-144.315
490.366	-75.1743	467.127	0	180	-144.343
490.362	-75.2476	466.978	0	180	-144.372
490.358	-75.321	466.83	0	180	-144.4
490.354	-75.3943	466.684	0	180	-144.429
490.35	-75.4676	466.538	0	180	-144.457
490.346	-75.5409	466.393	0	180	-144.486
490.342	-75.6142	466.25	0	180	-144.514
490.338	-75.6875	466.107	0	180	-144.543
490.335	-75.7609	465.965	0	180	-144.571
490.331	-75.8342	465.825	0	180	-144.6
490.327	-75.9075	465.685	0	180	-144.628
490.323	-75.9808	465.546	0	180	-144.657
490.319	-76.0541	465.409	0	180	-144.685
490.315	-76.1274	465.272	0	180	-144.714
490.311	-76.2008	465.136	0	180	-144.742
490.307	-76.2741	465.002	0	180	-144.77
490.303	-76.3474	464.868	0	180	-144.799
490.299	-76.4207	464.735	0	180	-144.827
490.295	-76.494	464.604	0	180	-144.856
490.291	-76.5673	464.473	0	180	-144.884
490.287	-76.6407	464.343	0	180	-144.913
490.284	-76.714	464.215	0	180	-144.941
490.28	-76.7873	464.087	0	180	-144.97
490.276	-76.8606	463.96	0	180	-144.998
490.272	-76.9339	463.835	0	180	-145.027
490.268	-77.0072	463.71	0	180	-145.055
490.264	-77.0806	463.586	0	180	-145.084
490.26	-77.1539	463.464	0	180	-145.112
490.256	-77.2272	463.342	0	180	-145.14
490.252	-77.3005	463.221	0	180	-145.169
490.248	-77.3738	463.102	0	180	-145.197
490.244	-77.4471	462.983	0	180	-145.226
490.24	-77.5205	462.865	0	180	-145.254
490.237	-77.5938	462.748	0	180	-145.283
490.233	-77.6671	462.633	0	180	-145.311
490.229	-77.7404	462.518	0	180	-145.34
490.225	-77.8137	462.404	0	180	-145.368
490.221	-77.887	462.292	0	180	-145.397
490.217	-77.9604	462.18	0	180	-145.425
490.213	-78.0337	462.069	0	180	-145.454
490.209	-78.107	461.96	0	180	-145.482
490.205	-78.1803	461.851	0	180	-145.51
490.201	-78.2536	461.743	0	180	-145.539
490.197	-78.3269	461.637	0	180	-145.567
490.193	-78.4003	461.531	0	180	-145.596
490.19	-78.4736	461.426	0	180	-145.624
490.186	-78.5469	461.323	0	180	-145.653
490.182	-78.6202	461.22	0	180	-145.681
490.178	-78.6935	461.118	0	180	-145.71
490.174	-78.7669	461.018	0	180	-145.738
490.17	-78.8402	460.918	0	180	-145.767
490.166	-78.9135	460.819	0	180	-145.795
490.162	-78.9868	460.722	0	180	-145.824
490.158	-79.0601	460.625	0	180	-145.852
490.154	-79.1334	460.529	0	180	-145.88
490.15	-79.2068	460.435	0	180	-145.909
490.146	-79.2801	460.341	0	180	-145.937
490.143	-79.3534	460.248	0	180	-145.966
490.139	-79.4267	460.157	0	180	-145.994
490.135	-79.5	460.066	0	180	-146.023
490.131	-79.5733	459.976	0	180	-146.051
490.127	-79.6467	459.888	0	180	-146.08
490.123	-79.72	459.8	0	180	-146.108
490.119	-79.7933	459.713	0	180	-146.137
490.115	-79.8666	459.628	0	180	-146.165
490.111	-79.9399	459.543	0	180	-146.194
490.107	-80.0132	459.459	0	180	-146.222
490.103	-80.0866	459.376	0	180	-146.25
490.099	-80.1599	459.295	0	180	-146.279
490.095	-80.2332	459.214	0	180	-146.307
490.092	-80.3065	459.134	0	180	-146.336
490.088	-80.3798	459.056	0	180	-146.364
490.084	-80.4531	458.978	0	180	-146.393
490.08	-80.5265	458.901	0	180	-146.421
490.076	-80.5998	458.826	0	180	-146.45
490.072	-80.6731	458.751	0	180	-146.478
490.068	-80.7464	458.677	0	180	-146.507
490.064	-80.8191	458.605	0	180	-146.535
490.06	-80.8908	458.533	0	180	-146.564
490.056	-80.9614	458.462	0	180	-146.592
490.052	-81.0311	458.393	0	180	-146.62
490.048	-81.0998	458.324	0	180	-146.649
490.045	-81.1675	458.256	0	180	-146.677
490.041	-81.2341	458.19	0	180	-146.706
490.037	-81.2998	458.124	0	180	-146.734
490.033	-81.3645	458.059	0	180	-146.763
490.029	-81.4282	457.996	0	180	-146.791
490.025	-81.4908	457.933	0	180	-146.82
490.021	-81.5525	457.871	0	180	-146.848
490.017	-81.6132	457.811	0	180	-146.877
490.013	-81.6729	457.751	0	180	-146.905
490.009	-81.7315	457.692	0	180	-146.934
490.005	-81.7892	457.635	0	180	-146.962
490.001	-81.8459	457.578	0	180	-146.99
489.998	-81.9016	457.522	0	180	-147.019
489.994	-81.9563	457.468	0	180	-147.047
489.99	-82.0099	457.414	0	180	-147.076
489.986	-82.0626	457.361	0	180	-147.104
489.982	-82.1143	457.31	0	180	-147.133
489.978	-82.165	457.259	0	180	-147.161
489.974	-82.2146	457.209	0	180	-147.19
489.97	-82.2633	457.16	0	180	-147.218
489.966	-82.311	457.113	0	180	-147.247
489.962	-82.3577	457.066	0	180	-147.275
489.958	-82.4033	457.02	0	180	-147.304
489.954	-82.448	456.976	0	180	-147.332
489.951	-82.4917	456.932	0	180	-147.36
489.947	-82.5344	456.889	0	180	-147.389
489.943	-82.576	456.848	0	180	-147.417
489.939	-82.6167	456.807	0	180	-147.446
489.935	-82.6564	456.767	0	180	-147.474
489.931	-82.6951	456.729	0	180	-147.503
489.927	-82.7328	456.691	0	180	-147.531
489.923	-82.7694	456.654	0	180	-147.56
489.919	-82.8051	456.619	0	180	-147.588
489.915	-82.8398	456.584	0	180	-147.617
489.911	-82.8735	456.55	0	180	-147.645
489.907	-82.9061	456.518	0	180	-147.674
489.903	-82.9378	456.486	0	180	-147.702
489.9	-82.9685	456.455	0	180	-147.73
489.896	-82.9982	456.426	0	180	-147.759
489.892	-83.0268	456.397	0	180	-147.787
489.888	-83.0545	456.369	0	180	-147.815
489.884	-83.0812	456.343	0	180	-147.842
489.88	-83.1069	456.317	0	180	-147.867
489.876	-83.1315	456.292	0	180	-147.892
489.872	-83.1552	456.269	0	180	-147.916
489.868	-83.1779	456.246	0	180	-147.938
489.864	-83.1996	456.224	0	180	-147.96
489.86	-83.2203	456.204	0	180	-147.981
489.856	-83.2399	456.184	0	180	-148
489.853	-83.2586	456.165	0	180	-148.019
489.849	-83.2763	456.148	0	180	-148.037
489.845	-83.293	456.131	0	180	-148.053
489.841	-83.3086	456.115	0	180	-148.069
489.837	-83.3233	456.1	0	180	-148.084
489.833	-83.337	456.087	0	180	-148.097
489.829	-83.3497	456.074	0	180	-148.11
489.825	-83.3613	456.062	0	180	-148.122
489.821	-83.372	456.052	0	180	-148.133
489.817	-83.3817	456.042	0	180	-148.142
489.813	-83.3904	456.033	0	180	-148.151
489.809	-83.398	456.026	0	180	-148.159
489.806	-83.4047	456.019	0	180	-148.165
489.802	-83.4104	456.013	0	180	-148.171
489.798	-83.4151	456.009	0	180	-148.176
489.794	-83.4188	456.005	0	180	-148.179
489.791	-83.4214	456.002	0	180	-148.182
489.79	-83.4231	456.001	0	180	-148.184
489.789	-83.4238	456	0	180	-148.184
