489.789	-83.4238	456	0	180	-148.184
489.789	-83.4233	456.001	0	180	-148.184
489.791	-83.4218	456.002	0	180	-148.182
489.793	-83.4193	456.005	0	180	-148.18
489.797	-83.4158	456.008	0	180	-148.176
489.801	-83.4113	456.013	0	180	-148.172
489.806	-83.4058	456.018	0	180	-148.166
489.81	-83.3993	456.024	0	180	-148.16
489.815	-83.3918	456.032	0	180	-148.152
489.82	-83.3833	456.041	0	180	-148.144
489.824	-83.3738	456.05	0	180	-148.134
489.829	-83.3633	456.061	0	180	-148.124
489.833	-83.3518	456.072	0	180	-148.112
489.838	-83.3393	456.084	0	180	-148.1
489.842	-83.3258	456.098	0	180	-148.086
489.847	-83.3113	456.113	0	180	-148.072
489.851	-83.2958	456.128	0	180	-148.056
489.856	-83.2793	456.144	0	180	-148.04
489.86	-83.2618	456.162	0	180	-148.022
489.865	-83.2433	456.18	0	180	-148.004
489.87	-83.2238	456.2	0	180	-147.984
489.874	-83.2033	456.221	0	180	-147.964
489.879	-83.1818	456.242	0	180	-147.942
489.883	-83.1593	456.264	0	180	-147.92
489.888	-83.1358	456.288	0	180	-147.896
489.892	-83.1113	456.312	0	180	-147.872
489.897	-83.0858	456.338	0	180	-147.846
489.901	-83.0593	456.365	0	180	-147.82
489.906	-83.0318	456.392	0	180	-147.792
489.91	-83.0033	456.421	0	180	-147.764
489.915	-82.9738	456.45	0	180	-147.734
489.92	-82.9433	456.481	0	180	-147.704
489.924	-82.9118	456.512	0	180	-147.672
489.929	-82.8793	456.545	0	180	-147.64
489.933	-82.8458	456.578	0	180	-147.606
489.938	-82.8113	456.613	0	180	-147.572
489.942	-82.7758	456.648	0	180	-147.536
489.947	-82.7393	456.685	0	180	-147.5
489.951	-82.7018	456.722	0	180	-147.462
489.956	-82.6633	456.761	0	180	-147.424
489.96	-82.6238	456.8	0	180	-147.384
489.965	-82.5833	456.841	0	180	-147.344
489.97	-82.5418	456.882	0	180	-147.302
489.974	-82.4993	456.925	0	180	-147.26
489.979	-82.4558	456.968	0	180	-147.216
489.983	-82.4113	457.013	0	180	-147.172
489.988	-82.3658	457.058	0	180	-147.129
489.992	-82.3193	457.105	0	180	-147.085
489.997	-82.2718	457.152	0	180	-147.041
490.001	-82.2233	457.201	0	180	-146.997
490.006	-82.1738	457.25	0	180	-146.953
490.01	-82.1233	457.3	0	180	-146.909
490.015	-82.0718	457.352	0	180	-146.865
490.02	-82.0193	457.404	0	180	-146.821
490.024	-81.9658	457.458	0	180	-146.777
490.029	-81.9113	457.512	0	180	-146.734
490.033	-81.8558	457.568	0	180	-146.69
490.038	-81.7993	457.625	0	180	-146.646
490.042	-81.7418	457.682	0	180	-146.602
490.047	-81.6833	457.74	0	180	-146.558
490.051	-81.6238	457.8	0	180	-146.514
490.056	-81.5633	457.861	0	180	-146.47
490.06	-81.5018	457.922	0	180	-146.426
490.065	-81.4393	457.985	0	180	-146.382
490.07	-81.3758	458.048	0	180	-146.339
490.074	-81.3113	458.113	0	180	-146.295
490.079	-81.2458	458.178	0	180	-146.251
490.083	-81.1793	458.245	0	180	-146.207
490.088	-81.1118	458.312	0	180	-146.163
490.092	-81.0433	458.381	0	180	-146.119
490.097	-80.9738	458.45	0	180	-146.075
490.101	-80.9033	458.52	0	180	-146.031
490.106	-80.8318	458.592	0	180	-145.987
490.11	-80.7593	458.665	0	180	-145.944
490.115	-80.6858	458.738	0	180	-145.9
490.12	-80.6113	458.812	0	180	-145.856
490.124	-80.5358	458.888	0	180	-145.812
490.129	-80.4593	458.964	0	180	-145.768
490.133	-80.3818	459.042	0	180	-145.724
490.138	-80.3033	459.121	0	180	-145.68
490.142	-80.2238	459.2	0	180	-145.636
490.147	-80.1433	459.281	0	180	-145.592
490.151	-80.0618	459.362	0	180	-145.549
490.156	-79.9793	459.445	0	180	-145.505
490.16	-79.8958	459.528	0	180	-145.461
490.165	-79.8119	459.613	0	180	-145.417
490.17	-79.7281	459.698	0	180	-145.373
490.174	-79.6442	459.785	0	180	-145.329
490.179	-79.5603	459.872	0	180	-145.285
490.183	-79.4765	459.96	0	180	-145.241
490.188	-79.3926	460.05	0	180	-145.197
490.192	-79.3087	460.141	0	180	-145.154
490.197	-79.2249	460.232	0	180	-145.11
490.201	-79.141	460.325	0	180	-145.066
490.206	-79.0571	460.418	0	180	-145.022
490.21	-78.9733	460.512	0	180	-144.978
490.215	-78.8894	460.608	0	180	-144.934
490.22	-78.8055	460.704	0	180	-144.89
490.224	-78.7217	460.8	0	180	-144.846
490.229	-78.6378	460.896	0	180	-144.802
490.233	-78.5539	460.993	0	180	-144.759
490.238	-78.4701	461.089	0	180	-144.715
490.242	-78.3862	461.185	0	180	-144.671
490.247	-78.3024	461.281	0	180	-144.627
490.251	-78.2185	461.377	0	180	-144.583
490.256	-78.1346	461.473	0	180	-144.539
490.26	-78.0508	461.569	0	180	-144.495
490.265	-77.9669	461.666	0	180	-144.451
490.27	-77.883	461.762	0	180	-144.407
490.274	-77.7992	461.858	0	180	-144.364
490.279	-77.7153	461.954	0	180	-144.32
490.283	-77.6314	462.05	0	180	-144.276
490.288	-77.5476	462.146	0	180	-144.232
490.292	-77.4637	462.243	0	180	-144.188
490.297	-77.3798	462.339	0	180	-144.144
490.301	-77.296	462.435	0	180	-144.1
490.306	-77.2121	462.531	0	180	-144.056
490.31	-77.1282	462.627	0	180	-144.012
490.315	-77.0444	462.723	0	180	-143.969
490.32	-76.9605	462.819	0	180	-143.925
490.324	-76.8766	462.916	0	180	-143.881
490.329	-76.7928	463.012	0	180	-143.837
490.333	-76.7089	463.108	0	180	-143.793
490.338	-76.625	463.204	0	180	-143.749
490.342	-76.5412	463.3	0	180	-143.705
490.347	-76.4573	463.396	0	180	-143.661
490.351	-76.3734	463.492	0	180	-143.617
490.356	-76.2896	463.589	0	180	-143.574
490.36	-76.2057	463.685	0	180	-143.53
490.365	-76.1218	463.781	0	180	-143.486
490.37	-76.038	463.877	0	180	-143.442
490.374	-75.9541	463.973	0	180	-143.398
490.379	-75.8702	464.069	0	180	-143.354
490.383	-75.7864	464.165	0	180	-143.31
490.388	-75.7025	464.262	0	180	-143.266
490.392	-75.6186	464.358	0	180	-143.222
490.397	-75.5348	464.454	0	180	-143.179
490.401	-75.4509	464.55	0	180	-143.135
490.406	-75.367	464.646	0	180	-143.091
490.41	-75.2832	464.742	0	180	-143.047
490.415	-75.1993	464.839	0	180	-143.003
490.42	-75.1154	464.935	0	180	-142.959
490.424	-75.0316	465.031	0	180	-142.915
490.429	-74.9477	465.127	0	180	-142.871
490.433	-74.8638	465.223	0	180	-142.827
490.438	-74.78	465.319	0	180	-142.783
490.442	-74.6961	465.415	0	180	-142.74
490.447	-74.6122	465.512	0	180	-142.696
490.451	-74.5284	465.608	0	180	-142.652
490.456	-74.4445	465.704	0	180	-142.608
490.46	-74.3606	465.8	0	180	-142.564
490.465	-74.2768	465.896	0	180	-142.52
490.47	-74.1929	465.992	0	180	-142.476
490.474	-74.109	466.088	0	180	-142.432
490.479	-74.0252	466.185	0	180	-142.388
490.483	-73.9413	466.281	0	180	-142.345
490.488	-73.8574	466.377	0	180	-142.301
490.492	-73.7736	466.473	0	180	-142.257
490.497	-73.6897	466.569	0	180	-142.213
490.501	-73.6058	466.665	0	180	-142.169
490.506	-73.522	466.761	0	180	-142.125
490.51	-73.4381	466.858	0	180	-142.081
490.515	-73.3542	466.954	0	180	-142.037
490.52	-73.2704	467.05	0	180	-141.993
490.524	-73.1865	467.146	0	180	-141.95
490.529	-73.1026	467.242	0	180	-141.906
490.533	-73.0188	467.338	0	180	-141.862
490.538	-72.9349	467.435	0	180	-141.818
490.542	-72.851	467.531	0	180	-141.774
490.547	-72.7672	467.627	0	180	-141.73
490.551	-72.6833	467.723	0	180	-141.686
490.556	-72.5994	467.819	0	180	-141.642
490.56	-72.5156	467.915	0	180	-141.598
490.565	-72.4317	468.011	0	180	-141.555
490.57	-72.3479	468.108	0	180	-141.511
490.574	-72.264	468.204	0	180	-141.467
490.579	-72.1801	468.3	0	180	-141.423
490.583	-72.0963	468.396	0	180	-141.379
490.588	-72.0124	468.492	0	180	-141.335
490.592	-71.9285	468.588	0	180	-141.291
490.597	-71.8447	468.684	0	180	-141.247
490.601	-71.7608	468.781	0	180	-141.203
490.606	-71.6769	468.877	0	180	-141.16
490.61	-71.5931	468.973	0	180	-141.116
490.615	-71.5092	469.069	0	180	-141.072
490.62	-71.4253	469.165	0	180	-141.028
490.624	-71.3415	469.261	0	180	-140.984
490.629	-71.2576	469.357	0	180	-140.94
490.633	-71.1737	469.454	0	180	-140.896
490.638	-71.0899	469.55	0	180	-140.852
490.642	-71.006	469.646	0	180	-140.808
490.647	-70.9221	469.742	0	180	-140.765
490.651	-70.8383	469.838	0	180	-140.721
490.656	-70.7544	469.934	0	180	-140.677
490.66	-70.6705	470.031	0	180	-140.633
490.665	-70.5867	470.127	0	180	-140.589
490.67	-70.5028	470.223	0	180	-140.545
490.674	-70.4189	470.319	0	180	-140.501
490.679	-70.3351	470.415	0	180	-140.457
490.683	-70.2512	470.511	0	180	-140.413
490.688	-70.1673	470.607	0	180	-140.37
490.692	-70.0835	470.704	0	180	-140.326
490.697	-69.9996	470.8	0	180	-140.282
490.701	-69.9157	470.896	0	180	-140.238
490.706	-69.8319	470.992	0	180	-140.194
490.71	-69.748	471.088	0	180	-140.15
490.715	-69.6641	471.184	0	180	-140.106
490.72	-69.5803	471.28	0	180	-140.062
490.724	-69.4964	471.377	0	180	-140.018
490.729	-69.4125	471.473	0	180	-139.975
490.733	-69.3287	471.569	0	180	-139.931
490.738	-69.2448	471.665	0	180	-139.887
490.742	-69.1609	471.761	0	180	-139.843
490.747	-69.0771	471.857	0	180	-139.799
490.751	-68.9932	471.953	0	180	-139.755
490.756	-68.9093	472.05	0	180	-139.711
490.76	-68.8255	472.146	0	180	-139.667
490.765	-68.7416	472.242	0	180	-139.623
490.77	-68.6577	472.338	0	180	-139.58
490.774	-68.5739	472.434	0	180	-139.536
490.779	-68.49	472.53	0	180	-139.492
490.783	-68.4061	472.627	0	180	-139.448
490.788	-68.3223	472.723	0	180	-139.404
490.792	-68.2384	472.819	0	180	-139.36
490.797	-68.1545	472.915	0	180	-139.316
490.801	-68.0707	473.011	0	180	-139.272
490.806	-67.9868	473.107	0	180	-139.228
490.81	-67.9029	473.203	0	180	-139.185
490.815	-67.8191	473.3	0	180	-139.141
490.82	-67.7352	473.396	0	180	-139.097
490.824	-67.6513	473.492	0	180	-139.053
490.829	-67.5675	473.588	0	180	-139.009
490.833	-67.4836	473.684	0	180	-138.965
490.838	-67.3997	473.78	0	180	-138.921
490.842	-67.3159	473.876	0	180	-138.877
490.847	-67.232	473.973	0	180	-138.833
490.851	-67.1481	474.069	0	180	-138.79
490.856	-67.0643	474.165	0	180	-138.746
490.86	-66.9804	474.261	0	180	-138.702
490.865	-66.8965	474.357	0	180	-138.658
490.869	-66.8127	474.453	0	180	-138.614
490.874	-66.7288	474.549	0	180	-138.57
490.879	-66.6449	474.646	0	180	-138.526
490.883	-66.5611	474.742	0	180	-138.482
490.888	-66.4772	474.838	0	180	-138.438
490.892	-66.3934	474.934	0	180	-138.395
490.897	-66.3095	475.03	0	180	-138.351
490.901	-66.2256	475.126	0	180	-138.307
490.906	-66.1418	475.223	0	180	-138.263
490.91	-66.0579	475.319	0	180	-138.219
490.915	-65.974	475.415	0	180	-138.175
490.919	-65.8902	475.511	0	180	-138.131
490.924	-65.8063	475.607	0	180	-138.087
490.929	-65.7224	475.703	0	180	-138.043
490.933	-65.6386	475.799	0	180	-138
490.938	-65.5547	475.896	0	180	-137.956
490.942	-65.4708	475.992	0	180	-137.912
490.947	-65.387	476.088	0	180	-137.868
490.951	-65.3031	476.184	0	180	-137.824
490.956	-65.2192	476.28	0	180	-137.78
490.96	-65.1354	476.376	0	180	-137.736
490.965	-65.0515	476.472	0	180	-137.692
490.969	-64.9676	476.569	0	180	-137.648
490.974	-64.8838	476.665	0	180	-137.605
490.979	-64.7999	476.761	0	180	-137.561
490.983	-64.716	476.857	0	180	-137.517
490.988	-64.6322	476.953	0	180	-137.473
490.992	-64.5483	477.049	0	180	-137.429
490.997	-64.4644	477.145	0	180	-137.385
491.001	-64.3806	477.242	0	180	-137.341
491.006	-64.2967	477.338	0	180	-137.297
491.01	-64.2128	477.434	0	180	-137.253
491.015	-64.129	477.53	0	180	-137.21
491.019	-64.0451	477.626	0	180	-137.166
491.024	-63.9612	477.722	0	180	-137.122
491.029	-63.8774	477.819	0	180	-137.078
491.033	-63.7935	477.915	0	180	-137.034
491.038	-63.7096	478.011	0	180	-136.99
491.042	-63.6258	478.107	0	180	-136.946
491.047	-63.5419	478.203	0	180	-136.902
491.051	-63.458	478.299	0	180	-136.858
491.056	-63.3742	478.395	0	180	-136.815
491.06	-63.2903	478.492	0	180	-136.771
491.065	-63.2064	478.588	0	180	-136.727
491.069	-63.1226	478.684	0	180	-136.683
491.074	-63.0387	478.78	0	180	-136.639
491.079	-62.9548	478.876	0	180	-136.595
491.083	-62.871	478.972	0	180	-136.551
491.088	-62.7871	479.068	0	180	-136.507
491.092	-62.7032	479.165	0	180	-136.463
491.097	-62.6194	479.261	0	180	-136.42
491.101	-62.5355	479.357	0	180	-136.376
491.106	-62.4516	479.453	0	180	-136.332
491.11	-62.3678	479.549	0	180	-136.288
491.115	-62.2839	479.645	0	180	-136.244
491.119	-62.2	479.741	0	180	-136.2
491.124	-62.1162	479.838	0	180	-136.156
491.129	-62.0323	479.934	0	180	-136.112
491.133	-61.9484	480.03	0	180	-136.068
491.138	-61.8646	480.126	0	180	-136.025
491.142	-61.7807	480.222	0	180	-135.981
491.147	-61.6968	480.318	0	180	-135.937
491.151	-61.613	480.415	0	180	-135.893
491.156	-61.5291	480.511	0	180	-135.849
491.16	-61.4452	480.607	0	180	-135.805
491.165	-61.3614	480.703	0	180	-135.761
491.169	-61.2775	480.799	0	180	-135.717
491.174	-61.1936	480.895	0	180	-135.673
491.179	-61.1098	480.991	0	180	-135.63
491.183	-61.0259	481.088	0	180	-135.586
491.188	-60.942	481.184	0	180	-135.542
491.192	-60.8582	481.28	0	180	-135.498
491.197	-60.7743	481.376	0	180	-135.454
491.201	-60.6904	481.472	0	180	-135.41
491.206	-60.6066	481.568	0	180	-135.366
491.21	-60.5227	481.664	0	180	-135.322
491.215	-60.4389	481.761	0	180	-135.278
491.219	-60.355	481.857	0	180	-135.235
491.224	-60.2711	481.953	0	180	-135.191
491.229	-60.1873	482.049	0	180	-135.147
491.233	-60.1034	482.145	0	180	-135.103
491.238	-60.0195	482.241	0	180	-135.059
491.242	-59.9357	482.337	0	180	-135.015
491.247	-59.8518	482.434	0	180	-134.971
491.251	-59.7679	482.53	0	180	-134.927
491.256	-59.6841	482.626	0	180	-134.883
491.26	-59.6002	482.722	0	180	-134.84
491.265	-59.5163	482.818	0	180	-134.796
491.269	-59.4325	482.914	0	180	-134.752
491.274	-59.3486	483.011	0	180	-134.708
491.279	-59.2647	483.107	0	180	-134.664
491.283	-59.1809	483.203	0	180	-134.62
491.288	-59.097	483.299	0	180	-134.576
491.292	-59.0131	483.395	0	180	-134.532
491.297	-58.9293	483.491	0	180	-134.488
491.301	-58.8454	483.587	0	180	-134.445
491.306	-58.7615	483.684	0	180	-134.401
491.31	-58.6777	483.78	0	180	-134.357
491.315	-58.5938	483.876	0	180	-134.313
491.319	-58.5099	483.972	0	180	-134.269
491.324	-58.4261	484.068	0	180	-134.225
491.329	-58.3422	484.164	0	180	-134.181
491.333	-58.2583	484.26	0	180	-134.137
491.338	-58.1745	484.357	0	180	-134.093
491.342	-58.0906	484.453	0	180	-134.05
491.347	-58.0067	484.549	0	180	-134.006
491.351	-57.9229	484.645	0	180	-133.962
491.356	-57.839	484.741	0	180	-133.918
491.36	-57.7551	484.837	0	180	-133.874
491.365	-57.6713	484.933	0	180	-133.83
491.369	-57.5874	485.03	0	180	-133.786
491.374	-57.5035	485.126	0	180	-133.742
491.379	-57.4197	485.222	0	180	-133.698
491.383	-57.3358	485.318	0	180	-133.655
491.388	-57.2519	485.414	0	180	-133.611
491.392	-57.1681	485.51	0	180	-133.567
491.397	-57.0842	485.607	0	180	-133.523
491.401	-57.0003	485.703	0	180	-133.479
491.406	-56.9165	485.799	0	180	-133.435
491.41	-56.8326	485.895	0	180	-133.391
491.415	-56.7487	485.991	0	180	-133.347
491.419	-56.6649	486.087	0	180	-133.303
491.424	-56.581	486.183	0	180	-133.26
491.429	-56.4971	486.28	0	180	-133.216
491.433	-56.4133	486.376	0	180	-133.172
491.438	-56.3294	486.472	0	180	-133.128
491.442	-56.2455	486.568	0	180	-133.084
491.447	-56.1617	486.664	0	180	-133.04
491.451	-56.0778	486.76	0	180	-132.996
491.456	-55.9939	486.856	0	180	-132.952
491.46	-55.9101	486.953	0	180	-132.908
491.465	-55.8262	487.049	0	180	-132.865
491.469	-55.7423	487.145	0	180	-132.821
491.474	-55.6585	487.241	0	180	-132.777
491.479	-55.5746	487.337	0	180	-132.733
491.483	-55.4907	487.433	0	180	-132.689
491.488	-55.4069	487.529	0	180	-132.645
491.492	-55.323	487.626	0	180	-132.601
491.497	-55.2391	487.722	0	180	-132.557
491.501	-55.1553	487.818	0	180	-132.513
491.506	-55.0714	487.914	0	180	-132.47
491.51	-54.9875	488.01	0	180	-132.426
491.515	-54.9037	488.106	0	180	-132.382
491.519	-54.8198	488.203	0	180	-132.338
491.524	-54.7359	488.299	0	180	-132.294
491.529	-54.6521	488.395	0	180	-132.25
491.533	-54.5682	488.491	0	180	-132.206
491.538	-54.4843	488.587	0	180	-132.162
491.542	-54.4005	488.683	0	180	-132.118
491.547	-54.3166	488.779	0	180	-132.075
491.551	-54.2328	488.876	0	180	-132.031
491.556	-54.1489	488.972	0	180	-131.987
491.56	-54.065	489.068	0	180	-131.943
491.565	-53.9812	489.164	0	180	-131.899
491.569	-53.8973	489.26	0	180	-131.855
491.574	-53.8134	489.356	0	180	-131.811
491.579	-53.7296	489.452	0	180	-131.767
491.583	-53.6457	489.549	0	180	-131.723
491.588	-53.5618	489.645	0	180	-131.68
491.592	-53.478	489.741	0	180	-131.636
491.597	-53.3941	489.837	0	180	-131.592
491.601	-53.3102	489.933	0	180	-131.548
491.606	-53.2264	490.029	0	180	-131.504
491.61	-53.1425	490.125	0	180	-131.46
491.615	-53.0586	490.222	0	180	-131.416
491.619	-52.9748	490.318	0	180	-131.372
491.624	-52.8909	490.414	0	180	-131.328
491.629	-52.807	490.51	0	180	-131.285
491.633	-52.7232	490.606	0	180	-131.241
491.638	-52.6393	490.702	0	180	-131.197
491.642	-52.5554	490.799	0	180	-131.153
491.647	-52.4716	490.895	0	180	-131.109
491.651	-52.3877	490.991	0	180	-131.065
491.656	-52.3038	491.087	0	180	-131.021
491.66	-52.22	491.183	0	180	-130.977
491.665	-52.1361	491.279	0	180	-130.933
491.669	-52.0522	491.375	0	180	-130.89
491.674	-51.9684	491.472	0	180	-130.846
491.679	-51.8845	491.568	0	180	-130.802
491.683	-51.8006	491.664	0	180	-130.758
491.688	-51.7168	491.76	0	180	-130.714
491.692	-51.6329	491.856	0	180	-130.67
491.697	-51.549	491.952	0	180	-130.626
491.701	-51.4652	492.048	0	180	-130.582
491.706	-51.3813	492.145	0	180	-130.538
491.71	-51.2974	492.241	0	180	-130.495
491.715	-51.2136	492.337	0	180	-130.451
491.719	-51.1297	492.433	0	180	-130.407
491.724	-51.0458	492.529	0	180	-130.363
491.729	-50.962	492.625	0	180	-130.319
491.733	-50.8781	492.721	0	180	-130.275
491.738	-50.7942	492.818	0	180	-130.231
491.742	-50.7104	492.914	0	180	-130.187
491.747	-50.6265	493.01	0	180	-130.143
491.751	-50.5426	493.106	0	180	-130.1
491.756	-50.4588	493.202	0	180	-130.056
491.76	-50.3749	493.298	0	180	-130.012
491.765	-50.291	493.395	0	180	-129.968
491.769	-50.2072	493.491	0	180	-129.924
491.774	-50.1233	493.587	0	180	-129.88
491.779	-50.0394	493.683	0	180	-129.836
491.783	-49.9556	493.779	0	180	-129.792
491.788	-49.8717	493.875	0	180	-129.748
491.792	-49.7878	493.971	0	180	-129.705
491.797	-49.704	494.068	0	180	-129.661
491.801	-49.6201	494.164	0	180	-129.617
491.806	-49.5362	494.26	0	180	-129.573
491.81	-49.4524	494.356	0	180	-129.529
491.815	-49.3685	494.452	0	180	-129.485
491.819	-49.2846	494.548	0	180	-129.441
491.824	-49.2008	494.644	0	180	-129.397
491.829	-49.1169	494.741	0	180	-129.353
491.833	-49.033	494.837	0	180	-129.31
491.838	-48.9492	494.933	0	180	-129.266
491.842	-48.8653	495.029	0	180	-129.222
491.847	-48.7814	495.125	0	180	-129.178
491.851	-48.6976	495.221	0	180	-129.134
491.856	-48.6137	495.317	0	180	-129.09
491.86	-48.5298	495.414	0	180	-129.046
491.865	-48.446	495.51	0	180	-129.002
491.869	-48.3621	495.606	0	180	-128.958
491.874	-48.2783	495.702	0	180	-128.915
491.879	-48.1944	495.798	0	180	-128.871
491.883	-48.1105	495.894	0	180	-128.827
491.888	-48.0267	495.991	0	180	-128.783
491.892	-47.9428	496.087	0	180	-128.739
491.897	-47.8589	496.183	0	180	-128.695
491.901	-47.7751	496.279	0	180	-128.651
491.906	-47.6912	496.375	0	180	-128.607
491.91	-47.6073	496.471	0	180	-128.563
491.915	-47.5235	496.567	0	180	-128.52
491.919	-47.4396	496.664	0	180	-128.476
491.924	-47.3557	496.76	0	180	-128.432
491.929	-47.2719	496.856	0	180	-128.388
491.933	-47.188	496.952	0	180	-128.344
491.938	-47.1041	497.048	0	180	-128.3
491.942	-47.0203	497.144	0	180	-128.256
491.947	-46.9364	497.24	0	180	-128.212
491.951	-46.8525	497.337	0	180	-128.168
491.956	-46.7687	497.433	0	180	-128.125
491.96	-46.6848	497.529	0	180	-128.081
491.965	-46.6009	497.625	0	180	-128.037
491.969	-46.5171	497.721	0	180	-127.993
491.974	-46.4332	497.817	0	180	-127.949
491.979	-46.3493	497.913	0	180	-127.905
491.983	-46.2655	498.01	0	180	-127.861
491.988	-46.1816	498.106	0	180	-127.817
491.992	-46.0977	498.202	0	180	-127.773
491.997	-46.0139	498.298	0	180	-127.73
492.001	-45.93	498.394	0	180	-127.686
492.006	-45.8461	498.49	0	180	-127.642
492.01	-45.7623	498.587	0	180	-127.598
492.015	-45.6784	498.683	0	180	-127.554
492.019	-45.5945	498.779	0	180	-127.51
492.024	-45.5107	498.875	0	180	-127.466
492.028	-45.4268	498.971	0	180	-127.422
492.033	-45.3429	499.067	0	180	-127.378
492.038	-45.2591	499.163	0	180	-127.334
492.042	-45.1752	499.26	0	180	-127.291
492.047	-45.0913	499.356	0	180	-127.247
492.051	-45.0075	499.452	0	180	-127.203
492.056	-44.9236	499.548	0	180	-127.159
492.06	-44.8397	499.644	0	180	-127.115
492.065	-44.7559	499.74	0	180	-127.071
492.069	-44.672	499.836	0	180	-127.027
492.074	-44.5881	499.933	0	180	-126.983
492.078	-44.5043	500.029	0	180	-126.939
492.083	-44.4204	500.125	0	180	-126.896
492.088	-44.3365	500.221	0	180	-126.852
492.092	-44.2527	500.317	0	180	-126.808
492.097	-44.1688	500.413	0	180	-126.764
492.101	-44.0849	500.509	0	180	-126.72
492.106	-44.0011	500.606	0	180	-126.676
492.11	-43.9172	500.702	0	180	-126.632
492.115	-43.8333	500.798	0	180	-126.588
492.119	-43.7495	500.894	0	180	-126.544
492.124	-43.6656	500.99	0	180	-126.501
492.128	-43.5817	501.086	0	180	-126.457
492.133	-43.4979	501.183	0	180	-126.413
492.138	-43.414	501.279	0	180	-126.369
492.142	-43.3301	501.375	0	180	-126.325
492.147	-43.2463	501.471	0	180	-126.281
492.151	-43.1624	501.567	0	180	-126.237
492.156	-43.0785	501.663	0	180	-126.193
492.16	-42.9947	501.759	0	180	-126.149
492.165	-42.9108	501.856	0	180	-126.106
492.169	-42.8269	501.952	0	180	-126.062
492.174	-42.7431	502.048	0	180	-126.018
492.178	-42.6592	502.144	0	180	-125.974
492.183	-42.5753	502.24	0	180	-125.93
492.188	-42.4915	502.336	0	180	-125.886
492.192	-42.4076	502.432	0	180	-125.842
492.197	-42.3238	502.529	0	180	-125.798
492.201	-42.2399	502.625	0	180	-125.754
492.206	-42.156	502.721	0	180	-125.711
492.21	-42.0722	502.817	0	180	-125.667
492.215	-41.9883	502.913	0	180	-125.623
492.219	-41.9044	503.009	0	180	-125.579
492.224	-41.8206	503.105	0	180	-125.535
492.228	-41.7367	503.202	0	180	-125.491
492.233	-41.6528	503.298	0	180	-125.447
492.238	-41.569	503.394	0	180	-125.403
492.242	-41.4851	503.49	0	180	-125.359
492.247	-41.4012	503.586	0	180	-125.316
492.251	-41.3174	503.682	0	180	-125.272
492.256	-41.2335	503.779	0	180	-125.228
492.26	-41.1496	503.875	0	180	-125.184
492.265	-41.0658	503.971	0	180	-125.14
492.269	-40.9819	504.067	0	180	-125.096
492.274	-40.898	504.163	0	180	-125.052
492.278	-40.8142	504.259	0	180	-125.008
492.283	-40.7303	504.355	0	180	-124.964
492.288	-40.6464	504.452	0	180	-124.921
492.292	-40.5626	504.548	0	180	-124.877
492.297	-40.4787	504.644	0	180	-124.833
492.301	-40.3948	504.74	0	180	-124.789
492.306	-40.311	504.836	0	180	-124.745
492.31	-40.2271	504.932	0	180	-124.701
492.315	-40.1432	505.028	0	180	-124.657
492.319	-40.0594	505.125	0	180	-124.613
492.324	-39.9755	505.221	0	180	-124.569
492.328	-39.8916	505.317	0	180	-124.526
492.333	-39.8078	505.413	0	180	-124.482
492.338	-39.7239	505.509	0	180	-124.438
492.342	-39.64	505.605	0	180	-124.394
492.347	-39.5562	505.701	0	180	-124.35
492.351	-39.4723	505.798	0	180	-124.306
492.356	-39.3884	505.894	0	180	-124.262
492.36	-39.3046	505.99	0	180	-124.218
492.365	-39.2207	506.086	0	180	-124.174
492.369	-39.1368	506.182	0	180	-124.131
492.374	-39.053	506.278	0	180	-124.087
492.378	-38.9691	506.375	0	180	-124.043
492.383	-38.8852	506.471	0	180	-123.999
492.388	-38.8014	506.567	0	180	-123.955
492.392	-38.7175	506.663	0	180	-123.911
492.397	-38.6336	506.759	0	180	-123.867
492.401	-38.5498	506.855	0	180	-123.823
492.406	-38.4659	506.951	0	180	-123.779
492.41	-38.382	507.048	0	180	-123.736
492.415	-38.2982	507.144	0	180	-123.692
492.419	-38.2143	507.24	0	180	-123.648
492.424	-38.1304	507.336	0	180	-123.604
492.428	-38.0466	507.432	0	180	-123.56
492.433	-37.9627	507.528	0	180	-123.516
492.438	-37.8788	507.624	0	180	-123.472
492.442	-37.795	507.721	0	180	-123.428
492.447	-37.7111	507.817	0	180	-123.384
492.451	-37.6272	507.913	0	180	-123.341
492.456	-37.5434	508.009	0	180	-123.297
492.46	-37.4595	508.105	0	180	-123.253
492.465	-37.3756	508.201	0	180	-123.209
492.469	-37.2918	508.297	0	180	-123.165
492.474	-37.2079	508.394	0	180	-123.121
492.478	-37.124	508.49	0	180	-123.077
492.483	-37.0402	508.586	0	180	-123.033
492.488	-36.9563	508.682	0	180	-122.989
492.492	-36.8724	508.778	0	180	-122.946
492.497	-36.7886	508.874	0	180	-122.902
492.501	-36.7047	508.971	0	180	-122.858
492.506	-36.6208	509.067	0	180	-122.814
492.51	-36.537	509.163	0	180	-122.77
492.515	-36.4531	509.259	0	180	-122.726
492.519	-36.3693	509.355	0	180	-122.682
492.524	-36.2854	509.451	0	180	-122.638
492.528	-36.2015	509.547	0	180	-122.594
492.533	-36.1177	509.644	0	180	-122.551
492.538	-36.0338	509.74	0	180	-122.507
492.542	-35.9499	509.836	0	180	-122.463
492.547	-35.8661	509.932	0	180	-122.419
492.551	-35.7822	510.028	0	180	-122.375
492.556	-35.6983	510.124	0	180	-122.331
492.56	-35.6145	510.22	0	180	-122.287
492.565	-35.5306	510.317	0	180	-122.243
492.569	-35.4467	510.413	0	180	-122.199
492.574	-35.3629	510.509	0	180	-122.156
492.578	-35.279	510.605	0	180	-122.112
492.583	-35.1951	510.701	0	180	-122.068
492.588	-35.1113	510.797	0	180	-122.024
492.592	-35.0274	510.893	0	180	-121.98
492.597	-34.9435	510.99	0	180	-121.936
492.601	-34.8597	511.086	0	180	-121.892
492.606	-34.7758	511.182	0	180	-121.848
492.61	-34.6919	511.278	0	180	-121.804
492.615	-34.6081	511.374	0	180	-121.761
492.619	-34.5242	511.47	0	180	-121.717
492.624	-34.4403	511.567	0	180	-121.673
492.628	-34.3565	511.663	0	180	-121.629
492.633	-34.2726	511.759	0	180	-121.585
492.638	-34.1887	511.855	0	180	-121.541
492.642	-34.1049	511.951	0	180	-121.497
492.647	-34.021	512.047	0	180	-121.453
492.651	-33.9371	512.143	0	180	-121.409
492.656	-33.8533	512.24	0	180	-121.366
492.66	-33.7694	512.336	0	180	-121.322
492.665	-33.6855	512.432	0	180	-121.278
492.669	-33.6017	512.528	0	180	-121.234
492.674	-33.5178	512.624	0	180	-121.19
492.678	-33.4339	512.72	0	180	-121.146
492.683	-33.3501	512.816	0	180	-121.102
492.688	-33.2662	512.913	0	180	-121.058
492.692	-33.1823	513.009	0	180	-121.014
492.697	-33.0985	513.105	0	180	-120.971
492.701	-33.0146	513.201	0	180	-120.927
492.706	-32.9307	513.297	0	180	-120.883
492.71	-32.8469	513.393	0	180	-120.839
492.715	-32.763	513.489	0	180	-120.795
492.719	-32.6791	513.586	0	180	-120.751
492.724	-32.5953	513.682	0	180	-120.707
492.728	-32.5114	513.778	0	180	-120.663
492.733	-32.4275	513.874	0	180	-120.619
492.738	-32.3437	513.97	0	180	-120.576
492.742	-32.2598	514.066	0	180	-120.532
492.747	-32.1759	514.163	0	180	-120.488
492.751	-32.0921	514.259	0	180	-120.444
492.756	-32.0082	514.355	0	180	-120.4
492.76	-31.9243	514.451	0	180	-120.356
492.765	-31.8405	514.547	0	180	-120.312
492.769	-31.7566	514.643	0	180	-120.268
492.774	-31.6727	514.739	0	180	-120.224
492.778	-31.5889	514.836	0	180	-120.181
492.783	-31.505	514.932	0	180	-120.137
492.788	-31.4211	515.028	0	180	-120.093
492.792	-31.3373	515.124	0	180	-120.049
492.797	-31.2534	515.22	0	180	-120.005
492.801	-31.1695	515.316	0	180	-119.961
492.806	-31.0857	515.412	0	180	-119.917
492.81	-31.0018	515.509	0	180	-119.873
492.815	-30.9179	515.605	0	180	-119.829
492.819	-30.8341	515.701	0	180	-119.786
492.824	-30.7502	515.797	0	180	-119.742
492.828	-30.6663	515.893	0	180	-119.698
492.833	-30.5825	515.989	0	180	-119.654
492.838	-30.4986	516.085	0	180	-119.61
492.842	-30.4147	516.182	0	180	-119.566
492.847	-30.3309	516.278	0	180	-119.522
492.851	-30.247	516.374	0	180	-119.478
492.856	-30.1632	516.47	0	180	-119.434
492.86	-30.0793	516.566	0	180	-119.391
492.865	-29.9954	516.662	0	180	-119.347
492.869	-29.9116	516.759	0	180	-119.303
492.874	-29.8277	516.855	0	180	-119.259
492.878	-29.7438	516.951	0	180	-119.215
492.883	-29.66	517.047	0	180	-119.171
492.888	-29.5761	517.143	0	180	-119.127
492.892	-29.4922	517.239	0	180	-119.083
492.897	-29.4084	517.335	0	180	-119.039
492.901	-29.3245	517.432	0	180	-118.996
492.906	-29.2406	517.528	0	180	-118.952
492.91	-29.1568	517.624	0	180	-118.908
492.915	-29.0729	517.72	0	180	-118.864
492.919	-28.989	517.816	0	180	-118.82
492.924	-28.9052	517.912	0	180	-118.776
492.928	-28.8213	518.008	0	180	-118.732
492.933	-28.7374	518.105	0	180	-118.688
492.938	-28.6536	518.201	0	180	-118.644
492.942	-28.5697	518.297	0	180	-118.601
492.947	-28.4858	518.393	0	180	-118.557
492.951	-28.402	518.489	0	180	-118.513
492.956	-28.3181	518.585	0	180	-118.469
492.96	-28.2342	518.681	0	180	-118.425
492.965	-28.1504	518.778	0	180	-118.381
492.969	-28.0665	518.874	0	180	-118.337
492.974	-27.9826	518.97	0	180	-118.293
492.978	-27.8988	519.066	0	180	-118.249
492.983	-27.8149	519.162	0	180	-118.206
492.988	-27.731	519.258	0	180	-118.162
492.992	-27.6472	519.355	0	180	-118.118
492.997	-27.5633	519.451	0	180	-118.074
493.001	-27.4794	519.547	0	180	-118.03
493.006	-27.3956	519.643	0	180	-117.986
493.01	-27.3117	519.739	0	180	-117.942
493.015	-27.2278	519.835	0	180	-117.898
493.019	-27.144	519.931	0	180	-117.854
493.024	-27.0601	520.028	0	180	-117.811
493.028	-26.9762	520.124	0	180	-117.767
493.033	-26.8924	520.22	0	180	-117.723
493.038	-26.8085	520.316	0	180	-117.679
493.042	-26.7246	520.412	0	180	-117.635
493.047	-26.6408	520.508	0	180	-117.591
493.051	-26.5569	520.604	0	180	-117.547
493.056	-26.473	520.701	0	180	-117.503
493.06	-26.3892	520.797	0	180	-117.459
493.065	-26.3053	520.893	0	180	-117.416
493.069	-26.2214	520.989	0	180	-117.372
493.074	-26.1376	521.085	0	180	-117.328
493.078	-26.0537	521.181	0	180	-117.284
493.083	-25.9698	521.277	0	180	-117.24
493.088	-25.886	521.374	0	180	-117.196
493.092	-25.8021	521.47	0	180	-117.152
493.097	-25.7182	521.566	0	180	-117.108
493.101	-25.6344	521.662	0	180	-117.064
493.106	-25.5505	521.758	0	180	-117.021
493.11	-25.4666	521.854	0	180	-116.977
493.115	-25.3828	521.951	0	180	-116.933
493.119	-25.2989	522.047	0	180	-116.889
493.124	-25.215	522.143	0	180	-116.845
493.128	-25.1312	522.239	0	180	-116.801
493.133	-25.0473	522.335	0	180	-116.757
493.138	-24.9634	522.431	0	180	-116.713
493.142	-24.8796	522.527	0	180	-116.669
493.147	-24.7957	522.624	0	180	-116.626
493.151	-24.7118	522.72	0	180	-116.582
493.156	-24.628	522.816	0	180	-116.538
493.16	-24.5441	522.912	0	180	-116.494
493.165	-24.4602	523.008	0	180	-116.45
493.169	-24.3764	523.104	0	180	-116.406
493.174	-24.2925	523.2	0	180	-116.362
493.178	-24.2087	523.297	0	180	-116.318
493.183	-24.1248	523.393	0	180	-116.274
493.188	-24.0409	523.489	0	180	-116.231
493.192	-23.9571	523.585	0	180	-116.187
493.197	-23.8732	523.681	0	180	-116.143
493.201	-23.7893	523.777	0	180	-116.099
493.206	-23.7055	523.873	0	180	-116.055
493.21	-23.6216	523.97	0	180	-116.011
493.215	-23.5377	524.066	0	180	-115.967
493.219	-23.4539	524.162	0	180	-115.923
493.224	-23.37	524.258	0	180	-115.879
493.228	-23.2861	524.354	0	180	-115.836
493.233	-23.2023	524.45	0	180	-115.792
493.237	-23.1184	524.547	0	180	-115.748
493.242	-23.0345	524.643	0	180	-115.704
493.247	-22.9507	524.739	0	180	-115.66
493.251	-22.8668	524.835	0	180	-115.616
493.256	-22.7829	524.931	0	180	-115.572
493.26	-22.6991	525.027	0	180	-115.528
493.265	-22.6152	525.123	0	180	-115.484
493.269	-22.5313	525.22	0	180	-115.441
493.274	-22.4475	525.316	0	180	-115.397
493.278	-22.3636	525.412	0	180	-115.353
493.283	-22.2797	525.508	0	180	-115.309
493.287	-22.1959	525.604	0	180	-115.265
493.292	-22.112	525.7	0	180	-115.221
493.297	-22.0281	525.796	0	180	-115.177
493.301	-21.9443	525.893	0	180	-115.133
493.306	-21.8604	525.989	0	180	-115.089
493.31	-21.7765	526.085	0	180	-115.046
493.315	-21.6927	526.181	0	180	-115.002
493.319	-21.6088	526.277	0	180	-114.958
493.324	-21.5249	526.373	0	180	-114.914
493.328	-21.4411	526.469	0	180	-114.87
493.333	-21.3572	526.566	0	180	-114.826
493.337	-21.2733	526.662	0	180	-114.782
493.342	-21.1895	526.758	0	180	-114.738
493.347	-21.1056	526.854	0	180	-114.694
493.351	-21.0217	526.95	0	180	-114.651
493.356	-20.9379	527.046	0	180	-114.607
493.36	-20.854	527.143	0	180	-114.563
493.365	-20.7701	527.239	0	180	-114.519
493.369	-20.6863	527.335	0	180	-114.475
493.374	-20.6024	527.431	0	180	-114.431
493.378	-20.5185	527.527	0	180	-114.387
493.383	-20.4347	527.623	0	180	-114.343
493.387	-20.3508	527.719	0	180	-114.299
493.392	-20.2669	527.816	0	180	-114.256
493.397	-20.1831	527.912	0	180	-114.212
493.401	-20.0992	528.008	0	180	-114.168
493.406	-20.0153	528.104	0	180	-114.124
493.41	-19.9315	528.2	0	180	-114.08
493.415	-19.8476	528.296	0	180	-114.036
493.419	-19.7637	528.392	0	180	-113.992
493.424	-19.6799	528.489	0	180	-113.948
493.428	-19.596	528.585	0	180	-113.904
493.433	-19.5121	528.681	0	180	-113.861
493.437	-19.4283	528.777	0	180	-113.817
493.442	-19.3444	528.873	0	180	-113.773
493.447	-19.2605	528.969	0	180	-113.729
493.451	-19.1767	529.065	0	180	-113.685
493.456	-19.0928	529.162	0	180	-113.641
493.46	-19.0089	529.258	0	180	-113.597
493.465	-18.9251	529.354	0	180	-113.553
493.469	-18.8412	529.45	0	180	-113.509
493.474	-18.7573	529.546	0	180	-113.466
493.478	-18.6735	529.642	0	180	-113.422
493.483	-18.5896	529.739	0	180	-113.378
493.487	-18.5057	529.835	0	180	-113.334
493.492	-18.4219	529.931	0	180	-113.29
493.497	-18.338	530.027	0	180	-113.246
493.501	-18.2542	530.123	0	180	-113.202
493.506	-18.1703	530.219	0	180	-113.158
493.51	-18.0864	530.315	0	180	-113.114
493.515	-18.0026	530.412	0	180	-113.071
493.519	-17.9187	530.508	0	180	-113.027
493.524	-17.8348	530.604	0	180	-112.983
493.528	-17.751	530.7	0	180	-112.939
493.533	-17.6671	530.796	0	180	-112.895
493.537	-17.5832	530.892	0	180	-112.851
493.542	-17.4994	530.988	0	180	-112.807
493.547	-17.4155	531.085	0	180	-112.763
493.551	-17.3316	531.181	0	180	-112.719
493.556	-17.2478	531.277	0	180	-112.676
493.56	-17.1639	531.373	0	180	-112.632
493.565	-17.08	531.469	0	180	-112.588
493.569	-16.9962	531.565	0	180	-112.544
493.574	-16.9123	531.661	0	180	-112.5
493.578	-16.8284	531.758	0	180	-112.456
493.583	-16.7446	531.854	0	180	-112.412
493.587	-16.6607	531.95	0	180	-112.368
493.592	-16.5768	532.046	0	180	-112.324
493.597	-16.493	532.142	0	180	-112.281
493.601	-16.4091	532.238	0	180	-112.237
493.606	-16.3252	532.335	0	180	-112.193
493.61	-16.2414	532.431	0	180	-112.149
493.615	-16.1575	532.527	0	180	-112.105
493.619	-16.0736	532.623	0	180	-112.061
493.624	-15.9898	532.719	0	180	-112.017
493.628	-15.9059	532.815	0	180	-111.973
493.633	-15.822	532.911	0	180	-111.929
493.637	-15.7382	533.008	0	180	-111.885
493.642	-15.6543	533.104	0	180	-111.842
493.647	-15.5704	533.2	0	180	-111.798
493.651	-15.4866	533.296	0	180	-111.754
493.656	-15.4027	533.392	0	180	-111.71
493.66	-15.3188	533.488	0	180	-111.666
493.665	-15.235	533.584	0	180	-111.622
493.669	-15.1511	533.681	0	180	-111.578
493.674	-15.0672	533.777	0	180	-111.534
493.678	-14.9834	533.873	0	180	-111.49
493.683	-14.8995	533.969	0	180	-111.447
493.687	-14.8156	534.065	0	180	-111.403
493.692	-14.7318	534.161	0	180	-111.359
493.697	-14.6479	534.257	0	180	-111.315
493.701	-14.564	534.354	0	180	-111.271
493.706	-14.4802	534.45	0	180	-111.227
493.71	-14.3963	534.546	0	180	-111.183
493.715	-14.3124	534.642	0	180	-111.139
493.719	-14.2286	534.738	0	180	-111.095
493.724	-14.1447	534.834	0	180	-111.052
493.728	-14.0608	534.931	0	180	-111.008
493.733	-13.977	535.027	0	180	-110.964
493.737	-13.8931	535.123	0	180	-110.92
493.742	-13.8092	535.219	0	180	-110.876
493.747	-13.7254	535.315	0	180	-110.832
493.751	-13.6415	535.411	0	180	-110.788
493.756	-13.5576	535.507	0	180	-110.744
493.76	-13.4738	535.604	0	180	-110.7
493.765	-13.3899	535.7	0	180	-110.657
493.769	-13.306	535.796	0	180	-110.613
493.774	-13.2222	535.892	0	180	-110.569
493.778	-13.1383	535.988	0	180	-110.525
493.783	-13.0544	536.084	0	180	-110.481
493.787	-12.9706	536.18	0	180	-110.437
493.792	-12.8867	536.277	0	180	-110.393
493.797	-12.8028	536.373	0	180	-110.349
493.801	-12.719	536.469	0	180	-110.305
493.806	-12.6351	536.565	0	180	-110.262
493.81	-12.5512	536.661	0	180	-110.218
493.815	-12.4674	536.757	0	180	-110.174
493.819	-12.3835	536.853	0	180	-110.13
493.824	-12.2996	536.95	0	180	-110.086
493.828	-12.2158	537.046	0	180	-110.042
493.833	-12.1319	537.142	0	180	-109.998
493.837	-12.0481	537.238	0	180	-109.954
493.842	-11.9642	537.334	0	180	-109.91
493.847	-11.8803	537.43	0	180	-109.867
493.851	-11.7965	537.527	0	180	-109.823
493.856	-11.7126	537.623	0	180	-109.779
493.86	-11.6287	537.719	0	180	-109.735
493.865	-11.5449	537.815	0	180	-109.691
493.869	-11.461	537.911	0	180	-109.647
493.874	-11.3771	538.007	0	180	-109.603
493.878	-11.2933	538.103	0	180	-109.559
493.883	-11.2094	538.2	0	180	-109.515
493.887	-11.1255	538.296	0	180	-109.472
493.892	-11.0417	538.392	0	180	-109.428
493.897	-10.9578	538.488	0	180	-109.384
493.901	-10.8739	538.584	0	180	-109.34
493.906	-10.7901	538.68	0	180	-109.296
493.91	-10.7062	538.776	0	180	-109.252
493.915	-10.6223	538.873	0	180	-109.208
493.919	-10.5385	538.969	0	180	-109.164
493.924	-10.4546	539.065	0	180	-109.12
493.928	-10.3707	539.161	0	180	-109.077
493.933	-10.2869	539.257	0	180	-109.033
493.937	-10.203	539.353	0	180	-108.989
493.942	-10.1191	539.449	0	180	-108.945
493.947	-10.0353	539.546	0	180	-108.901
493.951	-9.9514	539.642	0	180	-108.857
493.956	-9.86753	539.738	0	180	-108.813
493.96	-9.78366	539.834	0	180	-108.769
493.965	-9.6998	539.93	0	180	-108.725
493.969	-9.61593	540.026	0	180	-108.682
493.974	-9.53207	540.123	0	180	-108.638
493.978	-9.4482	540.219	0	180	-108.594
493.983	-9.36433	540.315	0	180	-108.55
493.987	-9.28047	540.411	0	180	-108.506
493.992	-9.1966	540.507	0	180	-108.462
493.997	-9.11273	540.603	0	180	-108.418
494.001	-9.02887	540.699	0	180	-108.374
494.006	-8.945	540.796	0	180	-108.33
494.01	-8.86114	540.892	0	180	-108.287
494.015	-8.77727	540.988	0	180	-108.243
494.019	-8.6934	541.084	0	180	-108.199
494.024	-8.60954	541.18	0	180	-108.155
494.028	-8.52567	541.276	0	180	-108.111
494.033	-8.4418	541.372	0	180	-108.067
494.037	-8.35794	541.469	0	180	-108.023
494.042	-8.27407	541.565	0	180	-107.979
494.047	-8.19021	541.661	0	180	-107.935
494.051	-8.10634	541.757	0	180	-107.892
494.056	-8.02247	541.853	0	180	-107.848
494.06	-7.93861	541.949	0	180	-107.804
494.065	-7.85474	542.045	0	180	-107.76
494.069	-7.77088	542.142	0	180	-107.716
494.074	-7.68701	542.238	0	180	-107.672
494.078	-7.60314	542.334	0	180	-107.628
494.083	-7.51928	542.43	0	180	-107.584
494.087	-7.43541	542.526	0	180	-107.54
494.092	-7.35154	542.622	0	180	-107.497
494.097	-7.26768	542.719	0	180	-107.453
494.101	-7.18381	542.815	0	180	-107.409
494.106	-7.09995	542.911	0	180	-107.365
494.11	-7.01608	543.007	0	180	-107.321
494.115	-6.93221	543.103	0	180	-107.277
494.119	-6.84835	543.199	0	180	-107.233
494.124	-6.76448	543.295	0	180	-107.189
494.128	-6.68061	543.392	0	180	-107.145
494.133	-6.59675	543.488	0	180	-107.102
494.137	-6.51288	543.584	0	180	-107.058
494.142	-6.42902	543.68	0	180	-107.014
494.147	-6.34515	543.776	0	180	-106.97
494.151	-6.26128	543.872	0	180	-106.926
494.156	-6.17742	543.968	0	180	-106.882
494.16	-6.09355	544.065	0	180	-106.838
494.165	-6.00968	544.161	0	180	-106.794
494.169	-5.92582	544.257	0	180	-106.75
494.174	-5.84195	544.353	0	180	-106.707
494.178	-5.75809	544.449	0	180	-106.663
494.183	-5.67422	544.545	0	180	-106.619
494.187	-5.59035	544.641	0	180	-106.575
494.192	-5.50649	544.738	0	180	-106.531
494.197	-5.42262	544.834	0	180	-106.487
494.201	-5.33876	544.93	0	180	-106.443
494.206	-5.25489	545.026	0	180	-106.399
494.21	-5.17102	545.122	0	180	-106.355
494.215	-5.08716	545.218	0	180	-106.312
494.219	-5.00329	545.315	0	180	-106.268
494.224	-4.91942	545.411	0	180	-106.224
494.228	-4.83556	545.507	0	180	-106.18
494.233	-4.75169	545.603	0	180	-106.136
494.237	-4.66783	545.699	0	180	-106.092
494.242	-4.58396	545.795	0	180	-106.048
494.247	-4.50009	545.891	0	180	-106.004
494.251	-4.41623	545.988	0	180	-105.96
494.256	-4.33236	546.084	0	180	-105.917
494.26	-4.24849	546.18	0	180	-105.873
494.265	-4.16463	546.276	0	180	-105.829
494.269	-4.08076	546.372	0	180	-105.785
494.274	-3.9969	546.468	0	180	-105.741
494.278	-3.91303	546.564	0	180	-105.697
494.283	-3.82916	546.661	0	180	-105.653
494.287	-3.7453	546.757	0	180	-105.609
494.292	-3.66143	546.853	0	180	-105.565
494.297	-3.57756	546.949	0	180	-105.522
494.301	-3.4937	547.045	0	180	-105.478
494.306	-3.40983	547.141	0	180	-105.434
494.31	-3.32597	547.237	0	180	-105.39
494.315	-3.2421	547.334	0	180	-105.346
494.319	-3.15823	547.43	0	180	-105.302
494.324	-3.07437	547.526	0	180	-105.258
494.328	-2.9905	547.622	0	180	-105.214
494.333	-2.90664	547.718	0	180	-105.17
494.337	-2.82277	547.814	0	180	-105.127
494.342	-2.7389	547.911	0	180	-105.083
494.347	-2.65504	548.007	0	180	-105.039
494.351	-2.57117	548.103	0	180	-104.995
494.356	-2.4873	548.199	0	180	-104.951
494.36	-2.40344	548.295	0	180	-104.907
494.365	-2.31957	548.391	0	180	-104.863
494.369	-2.23571	548.487	0	180	-104.819
494.374	-2.15184	548.584	0	180	-104.775
494.378	-2.06797	548.68	0	180	-104.732
494.383	-1.98411	548.776	0	180	-104.688
494.387	-1.90024	548.872	0	180	-104.644
494.392	-1.81637	548.968	0	180	-104.6
494.397	-1.73251	549.064	0	180	-104.556
494.401	-1.64864	549.16	0	180	-104.512
494.406	-1.56478	549.257	0	180	-104.468
494.41	-1.48091	549.353	0	180	-104.424
494.415	-1.39704	549.449	0	180	-104.38
494.419	-1.31318	549.545	0	180	-104.337
494.424	-1.22931	549.641	0	180	-104.293
494.428	-1.14545	549.737	0	180	-104.249
494.433	-1.06158	549.833	0	180	-104.205
494.437	-0.977713	549.93	0	180	-104.161
494.442	-0.893846	550.026	0	180	-104.117
494.446	-0.80998	550.122	0	180	-104.073
494.451	-0.726114	550.218	0	180	-104.029
494.456	-0.642248	550.314	0	180	-103.985
494.46	-0.558382	550.41	0	180	-103.942
494.465	-0.474515	550.507	0	180	-103.898
494.469	-0.390649	550.603	0	180	-103.854
494.474	-0.306783	550.699	0	180	-103.81
494.478	-0.222917	550.795	0	180	-103.766
494.483	-0.139051	550.891	0	180	-103.722
494.487	-0.0551845	550.987	0	180	-103.678
494.492	0.0286817	551.083	0	180	-103.634
494.496	0.112548	551.18	0	180	-103.59
494.501	0.196414	551.276	0	180	-103.547
494.506	0.28028	551.372	0	180	-103.503
494.51	0.364147	551.468	0	180	-103.459
494.515	0.448013	551.564	0	180	-103.415
494.519	0.531879	551.66	0	180	-103.371
494.524	0.615745	551.756	0	180	-103.327
494.528	0.699611	551.853	0	180	-103.283
494.533	0.783478	551.949	0	180	-103.239
494.537	0.867344	552.045	0	180	-103.195
494.542	0.95121	552.141	0	180	-103.152
494.546	1.03508	552.237	0	180	-103.108
494.551	1.11894	552.333	0	180	-103.064
494.556	1.20281	552.429	0	180	-103.02
494.56	1.28667	552.526	0	180	-102.976
494.565	1.37054	552.622	0	180	-102.932
494.569	1.45441	552.718	0	180	-102.888
494.574	1.53827	552.814	0	180	-102.844
494.578	1.62214	552.91	0	180	-102.8
494.583	1.70601	553.006	0	180	-102.757
494.587	1.78987	553.103	0	180	-102.713
494.592	1.87374	553.199	0	180	-102.669
494.596	1.9576	553.295	0	180	-102.625
494.601	2.04147	553.391	0	180	-102.581
494.606	2.12534	553.487	0	180	-102.537
494.61	2.2092	553.583	0	180	-102.493
494.615	2.29307	553.679	0	180	-102.449
494.619	2.37694	553.776	0	180	-102.405
494.624	2.4608	553.872	0	180	-102.362
494.628	2.54467	553.968	0	180	-102.318
494.633	2.62853	554.064	0	180	-102.274
494.637	2.7124	554.16	0	180	-102.23
494.642	2.79627	554.256	0	180	-102.186
494.646	2.88013	554.352	0	180	-102.142
494.651	2.964	554.449	0	180	-102.098
494.656	3.04787	554.545	0	180	-102.054
494.66	3.13173	554.641	0	180	-102.01
494.665	3.2156	554.737	0	180	-101.967
494.669	3.29946	554.833	0	180	-101.923
494.674	3.38333	554.929	0	180	-101.879
494.678	3.4672	555.025	0	180	-101.835
494.683	3.55106	555.122	0	180	-101.791
494.687	3.63493	555.218	0	180	-101.747
494.692	3.71879	555.314	0	180	-101.703
494.696	3.80266	555.41	0	180	-101.659
494.701	3.88653	555.506	0	180	-101.615
494.706	3.97039	555.602	0	180	-101.572
494.71	4.05426	555.699	0	180	-101.528
494.715	4.13813	555.795	0	180	-101.484
494.719	4.22199	555.891	0	180	-101.44
494.724	4.30586	555.987	0	180	-101.396
494.728	4.38972	556.083	0	180	-101.352
494.733	4.47359	556.179	0	180	-101.308
494.737	4.55746	556.275	0	180	-101.264
494.742	4.64132	556.372	0	180	-101.22
494.746	4.72519	556.468	0	180	-101.177
494.751	4.80906	556.564	0	180	-101.133
494.756	4.89292	556.66	0	180	-101.089
494.76	4.97679	556.756	0	180	-101.045
494.765	5.06065	556.852	0	180	-101.001
494.769	5.14452	556.948	0	180	-100.957
494.774	5.22839	557.045	0	180	-100.913
494.778	5.31225	557.141	0	180	-100.869
494.783	5.39612	557.237	0	180	-100.825
494.787	5.47998	557.333	0	180	-100.782
494.792	5.56385	557.429	0	180	-100.738
494.796	5.64772	557.525	0	180	-100.694
494.801	5.73158	557.621	0	180	-100.65
494.806	5.81545	557.718	0	180	-100.606
494.81	5.89932	557.814	0	180	-100.562
494.815	5.98318	557.91	0	180	-100.518
494.819	6.06705	558.006	0	180	-100.474
494.824	6.15091	558.102	0	180	-100.43
494.828	6.23478	558.198	0	180	-100.387
494.833	6.31865	558.295	0	180	-100.343
494.837	6.40251	558.391	0	180	-100.299
494.842	6.48638	558.487	0	180	-100.255
494.846	6.57025	558.583	0	180	-100.211
494.851	6.65411	558.679	0	180	-100.167
494.856	6.73798	558.775	0	180	-100.123
494.86	6.82184	558.871	0	180	-100.079
494.865	6.90571	558.968	0	180	-100.035
494.869	6.98958	559.064	0	180	-99.9915
494.874	7.07344	559.16	0	180	-99.9476
494.878	7.15731	559.256	0	180	-99.9037
494.883	7.24118	559.352	0	180	-99.8599
494.887	7.32504	559.448	0	180	-99.816
494.892	7.40891	559.544	0	180	-99.7721
494.896	7.49277	559.641	0	180	-99.7282
494.901	7.57664	559.737	0	180	-99.6843
494.906	7.66051	559.833	0	180	-99.6404
494.91	7.74437	559.929	0	180	-99.5965
494.915	7.82824	560.025	0	180	-99.5526
494.919	7.9121	560.121	0	180	-99.5087
494.924	7.99597	560.217	0	180	-99.4649
494.928	8.07984	560.314	0	180	-99.421
494.933	8.1637	560.41	0	180	-99.3771
494.937	8.24757	560.506	0	180	-99.3332
494.942	8.33144	560.602	0	180	-99.2893
494.946	8.4153	560.698	0	180	-99.2454
494.951	8.49917	560.794	0	180	-99.2015
494.956	8.58303	560.891	0	180	-99.1576
494.96	8.6669	560.987	0	180	-99.1137
494.965	8.75077	561.083	0	180	-99.0699
494.969	8.83463	561.179	0	180	-99.026
494.974	8.9185	561.275	0	180	-98.9821
494.978	9.00237	561.371	0	180	-98.9382
494.983	9.08623	561.467	0	180	-98.8943
494.987	9.1701	561.564	0	180	-98.8504
494.992	9.25396	561.66	0	180	-98.8065
494.996	9.33783	561.756	0	180	-98.7626
495.001	9.4217	561.852	0	180	-98.7187
495.006	9.50556	561.948	0	180	-98.6748
495.01	9.58943	562.044	0	180	-98.631
495.015	9.67329	562.14	0	180	-98.5871
495.019	9.75716	562.237	0	180	-98.5432
495.024	9.84103	562.333	0	180	-98.4993
495.028	9.92489	562.429	0	180	-98.4554
495.033	10.0088	562.525	0	180	-98.4115
495.037	10.0926	562.621	0	180	-98.3676
495.042	10.1765	562.717	0	180	-98.3237
495.046	10.2604	562.813	0	180	-98.2798
495.051	10.3442	562.91	0	180	-98.236
495.056	10.4281	563.006	0	180	-98.1921
495.06	10.512	563.102	0	180	-98.1482
495.065	10.5958	563.198	0	180	-98.1043
495.069	10.6797	563.294	0	180	-98.0604
495.074	10.7636	563.39	0	180	-98.0165
495.078	10.8474	563.487	0	180	-97.9726
495.083	10.9313	563.583	0	180	-97.9287
495.087	11.0152	563.679	0	180	-97.8848
495.092	11.099	563.775	0	180	-97.841
495.096	11.1829	563.871	0	180	-97.7971
495.101	11.2668	563.967	0	180	-97.7532
495.106	11.3506	564.063	0	180	-97.7093
495.11	11.4345	564.16	0	180	-97.6654
495.115	11.5184	564.256	0	180	-97.6215
495.119	11.6022	564.352	0	180	-97.5776
495.124	11.6861	564.448	0	180	-97.5337
495.128	11.77	564.544	0	180	-97.4898
495.133	11.8538	564.64	0	180	-97.446
495.137	11.9377	564.736	0	180	-97.4021
495.142	12.0215	564.833	0	180	-97.3582
495.146	12.1054	564.929	0	180	-97.3143
495.151	12.1893	565.025	0	180	-97.2704
495.156	12.2731	565.121	0	180	-97.2265
495.16	12.357	565.217	0	180	-97.1826
495.165	12.4409	565.313	0	180	-97.1387
495.169	12.5247	565.409	0	180	-97.0948
495.174	12.6086	565.506	0	180	-97.0509
495.178	12.6925	565.602	0	180	-97.0071
495.183	12.7763	565.698	0	180	-96.9632
495.187	12.8602	565.794	0	180	-96.9193
495.192	12.9441	565.89	0	180	-96.8754
495.196	13.0279	565.986	0	180	-96.8315
495.201	13.1118	566.083	0	180	-96.7876
495.206	13.1957	566.179	0	180	-96.7437
495.21	13.2795	566.275	0	180	-96.6998
495.215	13.3634	566.371	0	180	-96.6559
495.219	13.4473	566.467	0	180	-96.6121
495.224	13.5311	566.563	0	180	-96.5682
495.228	13.615	566.659	0	180	-96.5243
495.233	13.6989	566.756	0	180	-96.4804
495.237	13.7827	566.852	0	180	-96.4365
495.242	13.8666	566.948	0	180	-96.3926
495.246	13.9505	567.044	0	180	-96.3487
495.251	14.0343	567.14	0	180	-96.3048
495.256	14.1182	567.236	0	180	-96.2609
495.26	14.2021	567.332	0	180	-96.2171
495.265	14.2859	567.429	0	180	-96.1732
495.269	14.3698	567.525	0	180	-96.1293
495.274	14.4537	567.621	0	180	-96.0854
495.278	14.5375	567.717	0	180	-96.0415
495.283	14.6214	567.813	0	180	-95.9976
495.287	14.7053	567.909	0	180	-95.9537
495.292	14.7891	568.005	0	180	-95.9098
495.296	14.873	568.102	0	180	-95.8659
495.301	14.9569	568.198	0	180	-95.8221
495.306	15.0407	568.294	0	180	-95.7782
495.31	15.1246	568.39	0	180	-95.7343
495.315	15.2085	568.486	0	180	-95.6904
495.319	15.2923	568.582	0	180	-95.6465
495.324	15.3762	568.679	0	180	-95.6026
495.328	15.4601	568.775	0	180	-95.5587
495.333	15.5439	568.871	0	180	-95.5148
495.337	15.6278	568.967	0	180	-95.4709
495.342	15.7117	569.063	0	180	-95.427
495.346	15.7955	569.159	0	180	-95.3832
495.351	15.8794	569.255	0	180	-95.3393
495.356	15.9633	569.352	0	180	-95.2954
495.36	16.0471	569.448	0	180	-95.2515
495.365	16.131	569.544	0	180	-95.2076
495.369	16.2149	569.64	0	180	-95.1637
495.374	16.2987	569.736	0	180	-95.1198
495.378	16.3826	569.832	0	180	-95.0759
495.383	16.4665	569.928	0	180	-95.032
495.387	16.5503	570.025	0	180	-94.9882
495.392	16.6342	570.121	0	180	-94.9443
495.396	16.7181	570.217	0	180	-94.9004
495.401	16.8019	570.313	0	180	-94.8565
495.406	16.8858	570.409	0	180	-94.8126
495.41	16.9697	570.505	0	180	-94.7687
495.415	17.0535	570.601	0	180	-94.7248
495.419	17.1374	570.698	0	180	-94.6809
495.424	17.2213	570.794	0	180	-94.637
495.428	17.3051	570.89	0	180	-94.5932
495.433	17.389	570.986	0	180	-94.5493
495.437	17.4729	571.082	0	180	-94.5054
495.442	17.5567	571.178	0	180	-94.4615
495.446	17.6406	571.275	0	180	-94.4176
495.451	17.7245	571.371	0	180	-94.3737
495.456	17.8083	571.467	0	180	-94.3298
495.46	17.8922	571.563	0	180	-94.2859
495.465	17.976	571.659	0	180	-94.242
495.469	18.0599	571.755	0	180	-94.1982
495.474	18.1438	571.851	0	180	-94.1543
495.478	18.2276	571.948	0	180	-94.1104
495.483	18.3115	572.044	0	180	-94.0665
495.487	18.3954	572.14	0	180	-94.0226
495.492	18.4792	572.236	0	180	-93.9787
495.496	18.5631	572.332	0	180	-93.9348
495.501	18.647	572.428	0	180	-93.8909
495.506	18.7308	572.524	0	180	-93.847
495.51	18.8147	572.621	0	180	-93.8031
495.515	18.8986	572.717	0	180	-93.7593
495.519	18.9824	572.813	0	180	-93.7154
495.524	19.0663	572.909	0	180	-93.6715
495.528	19.1502	573.005	0	180	-93.6276
495.533	19.234	573.101	0	180	-93.5837
495.537	19.3179	573.197	0	180	-93.5398
495.542	19.4018	573.294	0	180	-93.4959
495.546	19.4856	573.39	0	180	-93.452
495.551	19.5695	573.486	0	180	-93.4081
495.556	19.6534	573.582	0	180	-93.3643
495.56	19.7372	573.678	0	180	-93.3204
495.565	19.8211	573.774	0	180	-93.2765
495.569	19.905	573.871	0	180	-93.2326
495.574	19.9888	573.967	0	180	-93.1887
495.578	20.0727	574.063	0	180	-93.1448
495.583	20.1566	574.159	0	180	-93.1009
495.587	20.2404	574.255	0	180	-93.057
495.592	20.3243	574.351	0	180	-93.0131
495.596	20.4082	574.447	0	180	-92.9693
495.601	20.492	574.544	0	180	-92.9254
495.605	20.5759	574.64	0	180	-92.8815
495.61	20.6598	574.736	0	180	-92.8376
495.615	20.7436	574.832	0	180	-92.7937
495.619	20.8275	574.928	0	180	-92.7498
495.624	20.9114	575.024	0	180	-92.7059
495.628	20.9952	575.12	0	180	-92.662
495.633	21.0791	575.217	0	180	-92.6181
495.637	21.163	575.313	0	180	-92.5742
495.642	21.2468	575.409	0	180	-92.5304
495.646	21.3307	575.505	0	180	-92.4865
495.651	21.4146	575.601	0	180	-92.4426
495.655	21.4984	575.697	0	180	-92.3987
495.66	21.5823	575.793	0	180	-92.3548
495.665	21.6662	575.89	0	180	-92.3109
495.669	21.75	575.986	0	180	-92.267
495.674	21.8339	576.082	0	180	-92.2231
495.678	21.9178	576.178	0	180	-92.1792
495.683	22.0016	576.274	0	180	-92.1354
495.687	22.0855	576.37	0	180	-92.0915
495.692	22.1694	576.467	0	180	-92.0476
495.696	22.2532	576.563	0	180	-92.0037
495.701	22.3371	576.659	0	180	-91.9598
495.705	22.421	576.755	0	180	-91.9159
495.71	22.5048	576.851	0	180	-91.872
495.715	22.5887	576.947	0	180	-91.8281
495.719	22.6726	577.043	0	180	-91.7842
495.724	22.7564	577.14	0	180	-91.7404
495.728	22.8403	577.236	0	180	-91.6965
495.733	22.9242	577.332	0	180	-91.6526
495.737	23.008	577.428	0	180	-91.6087
495.742	23.0919	577.524	0	180	-91.5648
495.746	23.1758	577.62	0	180	-91.5209
495.751	23.2596	577.716	0	180	-91.477
495.755	23.3435	577.813	0	180	-91.4331
495.76	23.4274	577.909	0	180	-91.3892
495.765	23.5112	578.005	0	180	-91.3454
495.769	23.5951	578.101	0	180	-91.3015
495.774	23.679	578.197	0	180	-91.2576
495.778	23.7628	578.293	0	180	-91.2137
495.783	23.8467	578.389	0	180	-91.1698
495.787	23.9305	578.486	0	180	-91.1259
495.792	24.0144	578.582	0	180	-91.082
495.796	24.0983	578.678	0	180	-91.0381
495.801	24.1821	578.774	0	180	-90.9942
495.805	24.266	578.87	0	180	-90.9503
495.81	24.3499	578.966	0	180	-90.9065
495.815	24.4337	579.063	0	180	-90.8626
495.819	24.5176	579.159	0	180	-90.8187
495.824	24.6015	579.255	0	180	-90.7748
495.828	24.6853	579.351	0	180	-90.7309
495.833	24.7692	579.447	0	180	-90.687
495.837	24.8531	579.543	0	180	-90.6431
495.842	24.9369	579.639	0	180	-90.5992
495.846	25.0208	579.736	0	180	-90.5553
495.851	25.1047	579.832	0	180	-90.5115
495.855	25.1885	579.928	0	180	-90.4676
495.86	25.2724	580.024	0	180	-90.4237
495.865	25.3563	580.12	0	180	-90.3798
495.869	25.4401	580.216	0	180	-90.3359
495.874	25.524	580.312	0	180	-90.292
495.878	25.6079	580.409	0	180	-90.2481
495.883	25.6917	580.505	0	180	-90.2042
495.887	25.7756	580.601	0	180	-90.1603
495.892	25.8595	580.697	0	180	-90.1165
495.896	25.9433	580.793	0	180	-90.0726
495.901	26.0272	580.889	0	180	-90.0287
495.905	26.1111	580.985	0	180	-89.9848
495.91	26.1949	581.082	0	180	-89.9409
495.915	26.2788	581.178	0	180	-89.897
495.919	26.3627	581.274	0	180	-89.8531
495.924	26.4465	581.37	0	180	-89.8092
495.928	26.5304	581.466	0	180	-89.7653
495.933	26.6143	581.562	0	180	-89.7215
495.937	26.6981	581.659	0	180	-89.6776
495.942	26.782	581.755	0	180	-89.6337
495.946	26.8659	581.851	0	180	-89.5898
495.951	26.9497	581.947	0	180	-89.5459
495.955	27.0336	582.043	0	180	-89.502
495.96	27.1175	582.139	0	180	-89.4581
495.965	27.2013	582.235	0	180	-89.4142
495.969	27.2852	582.332	0	180	-89.3703
495.974	27.3691	582.428	0	180	-89.3264
495.978	27.4529	582.524	0	180	-89.2826
495.983	27.5368	582.62	0	180	-89.2387
495.987	27.6207	582.716	0	180	-89.1948
495.992	27.7045	582.812	0	180	-89.1509
495.996	27.7884	582.908	0	180	-89.107
496.001	27.8723	583.005	0	180	-89.0631
496.005	27.9561	583.101	0	180	-89.0192
496.01	28.04	583.197	0	180	-88.9753
496.015	28.1239	583.293	0	180	-88.9314
496.019	28.2077	583.389	0	180	-88.8876
496.024	28.2916	583.485	0	180	-88.8437
496.028	28.3755	583.581	0	180	-88.7998
496.033	28.4593	583.678	0	180	-88.7559
496.037	28.5432	583.774	0	180	-88.712
496.042	28.6271	583.87	0	180	-88.6681
496.046	28.7109	583.966	0	180	-88.6242
496.051	28.7948	584.062	0	180	-88.5803
496.055	28.8787	584.158	0	180	-88.5364
496.06	28.9625	584.255	0	180	-88.4926
496.065	29.0464	584.351	0	180	-88.4487
496.069	29.1303	584.447	0	180	-88.4048
496.074	29.2141	584.543	0	180	-88.3609
496.078	29.298	584.639	0	180	-88.317
496.083	29.3819	584.735	0	180	-88.2731
496.087	29.4657	584.831	0	180	-88.2292
496.092	29.5496	584.928	0	180	-88.1853
496.096	29.6335	585.024	0	180	-88.1414
496.101	29.7173	585.12	0	180	-88.0976
496.105	29.8012	585.216	0	180	-88.0537
496.11	29.885	585.312	0	180	-88.0098
496.115	29.9689	585.408	0	180	-87.9659
496.119	30.0528	585.504	0	180	-87.922
496.124	30.1366	585.601	0	180	-87.8781
496.128	30.2205	585.697	0	180	-87.8342
496.133	30.3044	585.793	0	180	-87.7903
496.137	30.3882	585.889	0	180	-87.7464
496.142	30.4721	585.985	0	180	-87.7025
496.146	30.556	586.081	0	180	-87.6587
496.151	30.6398	586.177	0	180	-87.6148
496.155	30.7237	586.274	0	180	-87.5709
496.16	30.8076	586.37	0	180	-87.527
496.165	30.8914	586.466	0	180	-87.4831
496.169	30.9753	586.562	0	180	-87.4392
496.174	31.0592	586.658	0	180	-87.3953
496.178	31.143	586.754	0	180	-87.3514
496.183	31.2269	586.851	0	180	-87.3075
496.187	31.3108	586.947	0	180	-87.2637
496.192	31.3946	587.043	0	180	-87.2198
496.196	31.4785	587.139	0	180	-87.1759
496.201	31.5624	587.235	0	180	-87.132
496.205	31.6462	587.331	0	180	-87.0881
496.21	31.7301	587.427	0	180	-87.0442
496.215	31.814	587.524	0	180	-87.0003
496.219	31.8978	587.62	0	180	-86.9564
496.224	31.9817	587.716	0	180	-86.9125
496.228	32.0656	587.81	0	180	-86.8687
496.233	32.1494	587.904	0	180	-86.8248
496.237	32.2333	587.997	0	180	-86.7809
496.242	32.3172	588.089	0	180	-86.737
496.246	32.401	588.18	0	180	-86.6931
496.251	32.4849	588.27	0	180	-86.6492
496.255	32.5688	588.359	0	180	-86.6053
496.26	32.6526	588.447	0	180	-86.5614
496.265	32.7365	588.534	0	180	-86.5175
496.269	32.8204	588.62	0	180	-86.4737
496.274	32.9042	588.705	0	180	-86.4298
496.278	32.9881	588.788	0	180	-86.3859
496.283	33.072	588.871	0	180	-86.342
496.287	33.1558	588.953	0	180	-86.2981
496.292	33.2397	589.034	0	180	-86.2542
496.296	33.3236	589.114	0	180	-86.2103
496.301	33.4074	589.193	0	180	-86.1664
496.305	33.4913	589.271	0	180	-86.1225
496.31	33.5752	589.348	0	180	-86.0786
496.315	33.659	589.424	0	180	-86.0348
496.319	33.7429	589.499	0	180	-85.9909
496.324	33.8268	589.572	0	180	-85.947
496.328	33.9106	589.645	0	180	-85.9031
496.333	33.9945	589.717	0	180	-85.8592
496.337	34.0784	589.788	0	180	-85.8153
496.342	34.1622	589.858	0	180	-85.7714
496.346	34.2461	589.927	0	180	-85.7275
496.351	34.33	589.995	0	180	-85.6836
496.355	34.4138	590.062	0	180	-85.6398
496.36	34.4977	590.128	0	180	-85.5959
496.365	34.5816	590.193	0	180	-85.552
496.369	34.6654	590.257	0	180	-85.5081
496.374	34.7493	590.319	0	180	-85.4642
496.378	34.8332	590.381	0	180	-85.4203
496.383	34.917	590.442	0	180	-85.3764
496.387	35.0009	590.502	0	180	-85.3325
496.392	35.0848	590.561	0	180	-85.2886
496.396	35.1686	590.619	0	180	-85.2448
496.401	35.2525	590.676	0	180	-85.2009
496.405	35.3364	590.732	0	180	-85.157
496.41	35.4202	590.787	0	180	-85.1131
496.415	35.5041	590.841	0	180	-85.0692
496.419	35.588	590.894	0	180	-85.0253
496.424	35.6718	590.945	0	180	-84.9814
496.428	35.7557	590.996	0	180	-84.9375
496.433	35.8396	591.046	0	180	-84.8936
496.437	35.9234	591.095	0	180	-84.8497
496.442	36.0073	591.143	0	180	-84.8059
496.446	36.0911	591.19	0	180	-84.762
496.451	36.175	591.236	0	180	-84.7181
496.455	36.2589	591.281	0	180	-84.6742
496.46	36.3427	591.325	0	180	-84.6303
496.465	36.4266	591.368	0	180	-84.5864
496.469	36.5105	591.409	0	180	-84.5425
496.474	36.5943	591.45	0	180	-84.4986
496.478	36.6782	591.49	0	180	-84.4547
496.483	36.7621	591.529	0	180	-84.4109
496.487	36.8459	591.567	0	180	-84.367
496.492	36.9298	591.604	0	180	-84.3231
496.496	37.0137	591.64	0	180	-84.2792
496.501	37.0975	591.675	0	180	-84.2353
496.505	37.1814	591.709	0	180	-84.1914
496.51	37.2653	591.742	0	180	-84.1475
496.515	37.3491	591.774	0	180	-84.1036
496.519	37.433	591.804	0	180	-84.0597
496.524	37.5169	591.834	0	180	-84.0159
496.528	37.6007	591.863	0	180	-83.972
496.533	37.6846	591.891	0	180	-83.9281
496.537	37.7685	591.918	0	180	-83.8842
496.542	37.8523	591.944	0	180	-83.8403
496.546	37.9362	591.969	0	180	-83.7964
496.551	38.0201	591.993	0	180	-83.7525
496.555	38.1039	592.016	0	180	-83.7089
496.56	38.1878	592.038	0	180	-83.6663
496.565	38.2717	592.058	0	180	-83.6247
496.569	38.3554	592.078	0	180	-83.5841
496.574	38.4382	592.097	0	180	-83.5444
496.578	38.5199	592.115	0	180	-83.5058
496.583	38.6007	592.132	0	180	-83.4682
496.587	38.6805	592.148	0	180	-83.4316
496.592	38.7593	592.163	0	180	-83.3959
496.596	38.8371	592.177	0	180	-83.3613
496.6	38.9139	592.19	0	180	-83.3277
496.604	38.9897	592.202	0	180	-83.2951
496.608	39.0645	592.213	0	180	-83.2635
496.611	39.1383	592.222	0	180	-83.2328
496.615	39.2111	592.231	0	180	-83.2032
496.619	39.2828	592.239	0	180	-83.1746
496.623	39.3537	592.246	0	180	-83.147
496.627	39.4244	592.252	0	180	-83.1203
496.63	39.4951	592.257	0	180	-83.0947
496.634	39.5659	592.261	0	180	-83.0701
496.638	39.6366	592.264	0	180	-83.0457
496.642	39.7073	592.266	0	180	-83.0214
496.646	39.778	592.267	0	180	-82.997
496.649	39.8487	592.266	0	180	-82.9726
496.653	39.9194	592.265	0	180	-82.9483
496.657	39.9901	592.263	0	180	-82.9239
496.661	40.0608	592.26	0	180	-82.8996
496.665	40.1316	592.256	0	180	-82.8752
496.668	40.2023	592.251	0	180	-82.8509
496.672	40.273	592.245	0	180	-82.8265
496.676	40.3437	592.238	0	180	-82.8022
496.68	40.4144	592.23	0	180	-82.7778
496.683	40.4851	592.221	0	180	-82.7534
496.687	40.5558	592.211	0	180	-82.7291
496.691	40.6266	592.199	0	180	-82.7047
496.695	40.6973	592.187	0	180	-82.6804
496.699	40.768	592.174	0	180	-82.656
496.702	40.8387	592.16	0	180	-82.6317
496.706	40.9094	592.145	0	180	-82.6073
496.71	40.9801	592.129	0	180	-82.583
496.714	41.0508	592.112	0	180	-82.5586
496.718	41.1215	592.094	0	180	-82.5342
496.721	41.1923	592.075	0	180	-82.5099
496.725	41.263	592.055	0	180	-82.4855
496.729	41.3337	592.033	0	180	-82.4612
496.733	41.4044	592.011	0	180	-82.4368
496.737	41.4751	591.988	0	180	-82.4125
496.74	41.5458	591.964	0	180	-82.3881
496.744	41.6165	591.939	0	180	-82.3638
496.748	41.6872	591.913	0	180	-82.3394
496.752	41.758	591.886	0	180	-82.315
496.756	41.8287	591.858	0	180	-82.2907
496.759	41.8994	591.829	0	180	-82.2663
496.763	41.9701	591.799	0	180	-82.242
496.767	42.0408	591.768	0	180	-82.2176
496.771	42.1115	591.735	0	180	-82.1933
496.774	42.1822	591.702	0	180	-82.1689
496.778	42.2529	591.668	0	180	-82.1446
496.782	42.3237	591.633	0	180	-82.1202
496.786	42.3944	591.597	0	180	-82.0958
496.79	42.4651	591.56	0	180	-82.0715
496.793	42.5358	591.522	0	180	-82.0471
496.797	42.6065	591.483	0	180	-82.0228
496.801	42.6772	591.443	0	180	-81.9984
496.805	42.7479	591.402	0	180	-81.9741
496.809	42.8186	591.36	0	180	-81.9497
496.812	42.8894	591.316	0	180	-81.9254
496.816	42.9601	591.272	0	180	-81.901
496.82	43.0308	591.227	0	180	-81.8766
496.824	43.1015	591.181	0	180	-81.8523
496.828	43.1722	591.134	0	180	-81.8279
496.831	43.2429	591.086	0	180	-81.8036
496.835	43.3136	591.037	0	180	-81.7792
496.839	43.3843	590.987	0	180	-81.7549
496.843	43.4551	590.936	0	180	-81.7305
496.846	43.5258	590.884	0	180	-81.7061
496.85	43.5965	590.83	0	180	-81.6818
496.854	43.6672	590.776	0	180	-81.6574
496.858	43.7379	590.721	0	180	-81.6331
496.862	43.8086	590.665	0	180	-81.6087
496.865	43.8793	590.608	0	180	-81.5844
496.869	43.95	590.55	0	180	-81.56
496.873	44.0208	590.491	0	180	-81.5357
496.877	44.0915	590.431	0	180	-81.5113
496.881	44.1622	590.37	0	180	-81.4869
496.884	44.2329	590.308	0	180	-81.4626
496.888	44.3036	590.245	0	180	-81.4382
496.892	44.3743	590.18	0	180	-81.4139
496.896	44.445	590.115	0	180	-81.3895
496.9	44.5157	590.049	0	180	-81.3652
496.903	44.5865	589.982	0	180	-81.3408
496.907	44.6572	589.914	0	180	-81.3165
496.911	44.7279	589.845	0	180	-81.2921
496.915	44.7986	589.776	0	180	-81.2677
496.918	44.8693	589.706	0	180	-81.2434
496.922	44.94	589.637	0	180	-81.219
496.926	45.0107	589.568	0	180	-81.1947
496.93	45.0814	589.498	0	180	-81.1703
496.934	45.1522	589.429	0	180	-81.146
496.937	45.2229	589.36	0	180	-81.1216
496.941	45.2936	589.29	0	180	-81.0973
496.945	45.3643	589.221	0	180	-81.0729
496.949	45.435	589.152	0	180	-81.0485
496.953	45.5057	589.082	0	180	-81.0242
496.956	45.5764	589.013	0	180	-80.9998
496.96	45.6472	588.944	0	180	-80.9755
496.964	45.7179	588.874	0	180	-80.9511
496.968	45.7886	588.805	0	180	-80.9268
496.972	45.8593	588.736	0	180	-80.9024
496.975	45.93	588.666	0	180	-80.8781
496.979	46.0007	588.597	0	180	-80.8537
496.983	46.0714	588.528	0	180	-80.8293
496.987	46.1421	588.458	0	180	-80.805
496.99	46.2129	588.389	0	180	-80.7806
496.994	46.2836	588.32	0	180	-80.7563
496.998	46.3543	588.25	0	180	-80.7319
497.002	46.425	588.181	0	180	-80.7076
497.006	46.4957	588.112	0	180	-80.6832
497.009	46.5664	588.042	0	180	-80.6589
497.013	46.6371	587.973	0	180	-80.6345
497.017	46.7078	587.904	0	180	-80.6101
497.021	46.7786	587.834	0	180	-80.5858
497.025	46.8493	587.765	0	180	-80.5614
497.028	46.92	587.696	0	180	-80.5371
497.032	46.9907	587.626	0	180	-80.5127
497.036	47.0614	587.557	0	180	-80.4884
497.04	47.1321	587.487	0	180	-80.464
497.044	47.2028	587.418	0	180	-80.4397
497.047	47.2735	587.349	0	180	-80.4153
497.051	47.3443	587.279	0	180	-80.3909
497.055	47.415	587.21	0	180	-80.3666
497.059	47.4857	587.141	0	180	-80.3422
497.062	47.5564	587.071	0	180	-80.3179
497.066	47.6271	587.002	0	180	-80.2935
497.07	47.6978	586.933	0	180	-80.2692
497.074	47.7685	586.863	0	180	-80.2448
497.078	47.8392	586.794	0	180	-80.2204
497.081	47.91	586.725	0	180	-80.1961
497.085	47.9807	586.655	0	180	-80.1717
497.089	48.0514	586.586	0	180	-80.1474
497.093	48.1221	586.517	0	180	-80.123
497.097	48.1928	586.447	0	180	-80.0987
497.1	48.2635	586.378	0	180	-80.0743
497.104	48.3342	586.309	0	180	-80.05
497.108	48.4049	586.239	0	180	-80.0256
497.112	48.4757	586.17	0	180	-80.0012
497.116	48.5464	586.101	0	180	-79.9769
497.119	48.6171	586.031	0	180	-79.9525
497.123	48.6878	585.962	0	180	-79.9282
497.127	48.7585	585.893	0	180	-79.9038
497.131	48.8292	585.823	0	180	-79.8795
497.134	48.8999	585.754	0	180	-79.8551
497.138	48.9706	585.685	0	180	-79.8308
497.142	49.0414	585.615	0	180	-79.8064
497.146	49.1121	585.546	0	180	-79.782
497.15	49.1828	585.477	0	180	-79.7577
497.153	49.2535	585.407	0	180	-79.7333
497.157	49.3242	585.338	0	180	-79.709
497.161	49.3949	585.269	0	180	-79.6846
497.165	49.4656	585.199	0	180	-79.6603
497.169	49.5363	585.13	0	180	-79.6359
497.172	49.6071	585.061	0	180	-79.6116
497.176	49.6778	584.991	0	180	-79.5872
497.18	49.7485	584.922	0	180	-79.5628
497.184	49.8192	584.853	0	180	-79.5385
497.188	49.8899	584.783	0	180	-79.5141
497.191	49.9606	584.714	0	180	-79.4898
497.195	50.0313	584.645	0	180	-79.4654
497.199	50.102	584.575	0	180	-79.4411
497.203	50.1728	584.506	0	180	-79.4167
497.206	50.2435	584.437	0	180	-79.3924
497.21	50.3142	584.367	0	180	-79.368
497.214	50.3849	584.298	0	180	-79.3436
497.218	50.4556	584.229	0	180	-79.3193
497.222	50.5263	584.159	0	180	-79.2949
497.225	50.597	584.09	0	180	-79.2706
497.229	50.6678	584.021	0	180	-79.2462
497.233	50.7385	583.951	0	180	-79.2219
497.237	50.8092	583.882	0	180	-79.1975
497.241	50.8799	583.813	0	180	-79.1732
497.244	50.9506	583.743	0	180	-79.1488
497.248	51.0213	583.674	0	180	-79.1244
497.252	51.092	583.605	0	180	-79.1001
497.256	51.1627	583.535	0	180	-79.0757
497.26	51.2335	583.466	0	180	-79.0514
497.263	51.3042	583.397	0	180	-79.027
497.267	51.3749	583.327	0	180	-79.0027
497.271	51.4456	583.258	0	180	-78.9783
497.275	51.5163	583.189	0	180	-78.954
497.279	51.587	583.119	0	180	-78.9296
497.282	51.6577	583.05	0	180	-78.9052
497.286	51.7284	582.981	0	180	-78.8809
497.29	51.7992	582.911	0	180	-78.8565
497.294	51.8699	582.842	0	180	-78.8322
497.297	51.9406	582.773	0	180	-78.8078
497.301	52.0113	582.703	0	180	-78.7835
497.305	52.082	582.634	0	180	-78.7591
497.309	52.1527	582.565	0	180	-78.7348
497.313	52.2234	582.495	0	180	-78.7104
497.316	52.2941	582.426	0	180	-78.686
497.32	52.3649	582.357	0	180	-78.6617
497.324	52.4356	582.287	0	180	-78.6373
497.328	52.5063	582.218	0	180	-78.613
497.332	52.577	582.149	0	180	-78.5886
497.335	52.6477	582.079	0	180	-78.5643
497.339	52.7184	582.01	0	180	-78.5399
497.343	52.7891	581.94	0	180	-78.5155
497.347	52.8598	581.871	0	180	-78.4912
497.351	52.9306	581.802	0	180	-78.4668
497.354	53.0013	581.732	0	180	-78.4425
497.358	53.072	581.663	0	180	-78.4181
497.362	53.1427	581.594	0	180	-78.3938
497.366	53.2134	581.524	0	180	-78.3694
497.369	53.2841	581.455	0	180	-78.3451
497.373	53.3548	581.386	0	180	-78.3207
497.377	53.4255	581.316	0	180	-78.2963
497.381	53.4963	581.247	0	180	-78.272
497.385	53.567	581.178	0	180	-78.2476
497.388	53.6377	581.108	0	180	-78.2233
497.392	53.7084	581.039	0	180	-78.1989
497.396	53.7791	580.97	0	180	-78.1746
497.4	53.8498	580.9	0	180	-78.1502
497.404	53.9205	580.831	0	180	-78.1259
497.407	53.9912	580.762	0	180	-78.1015
497.411	54.062	580.692	0	180	-78.0771
497.415	54.1327	580.623	0	180	-78.0528
497.419	54.2034	580.554	0	180	-78.0284
497.423	54.2741	580.484	0	180	-78.0041
497.426	54.3448	580.415	0	180	-77.9797
497.43	54.4155	580.346	0	180	-77.9554
497.434	54.4862	580.276	0	180	-77.931
497.438	54.5569	580.207	0	180	-77.9067
497.441	54.6277	580.138	0	180	-77.8823
497.445	54.6984	580.068	0	180	-77.8579
497.449	54.7691	579.999	0	180	-77.8336
497.453	54.8398	579.93	0	180	-77.8092
497.457	54.9105	579.86	0	180	-77.7849
497.46	54.9812	579.791	0	180	-77.7605
497.464	55.0519	579.722	0	180	-77.7362
497.468	55.1226	579.652	0	180	-77.7118
497.472	55.1934	579.583	0	180	-77.6875
497.476	55.2641	579.514	0	180	-77.6631
497.479	55.3348	579.444	0	180	-77.6387
497.483	55.4055	579.375	0	180	-77.6144
497.487	55.4762	579.306	0	180	-77.59
497.491	55.5469	579.236	0	180	-77.5657
497.495	55.6176	579.167	0	180	-77.5413
497.498	55.6884	579.098	0	180	-77.517
497.502	55.7591	579.028	0	180	-77.4926
497.506	55.8298	578.959	0	180	-77.4683
497.51	55.9005	578.89	0	180	-77.4439
497.513	55.9712	578.82	0	180	-77.4195
497.517	56.0419	578.751	0	180	-77.3952
497.521	56.1126	578.682	0	180	-77.3708
497.525	56.1833	578.612	0	180	-77.3465
497.529	56.2541	578.543	0	180	-77.3221
497.532	56.3248	578.474	0	180	-77.2978
497.536	56.3955	578.404	0	180	-77.2734
497.54	56.4662	578.335	0	180	-77.2491
497.544	56.5369	578.266	0	180	-77.2247
497.548	56.6076	578.196	0	180	-77.2003
497.551	56.6783	578.127	0	180	-77.176
497.555	56.749	578.058	0	180	-77.1516
497.559	56.8198	577.988	0	180	-77.1273
497.563	56.8905	577.919	0	180	-77.1029
497.567	56.9612	577.85	0	180	-77.0786
497.57	57.0319	577.78	0	180	-77.0542
497.574	57.1026	577.711	0	180	-77.0298
497.578	57.1733	577.642	0	180	-77.0055
497.582	57.244	577.572	0	180	-76.9811
497.585	57.3147	577.503	0	180	-76.9568
497.589	57.3855	577.434	0	180	-76.9324
497.593	57.4562	577.364	0	180	-76.9081
497.597	57.5269	577.295	0	180	-76.8837
497.601	57.5976	577.226	0	180	-76.8594
497.604	57.6683	577.156	0	180	-76.835
497.608	57.739	577.087	0	180	-76.8106
497.612	57.8097	577.018	0	180	-76.7863
497.616	57.8804	576.948	0	180	-76.7619
497.62	57.9512	576.879	0	180	-76.7376
497.623	58.0219	576.81	0	180	-76.7132
497.627	58.0926	576.74	0	180	-76.6889
497.631	58.1633	576.671	0	180	-76.6645
497.635	58.234	576.601	0	180	-76.6402
497.639	58.3047	576.532	0	180	-76.6158
497.642	58.3754	576.463	0	180	-76.5914
497.646	58.4461	576.393	0	180	-76.5671
497.65	58.5169	576.324	0	180	-76.5427
497.654	58.5876	576.255	0	180	-76.5184
497.657	58.6583	576.185	0	180	-76.494
497.661	58.729	576.116	0	180	-76.4697
497.665	58.7997	576.047	0	180	-76.4453
497.669	58.8704	575.977	0	180	-76.421
497.673	58.9411	575.908	0	180	-76.3966
497.676	59.0118	575.839	0	180	-76.3722
497.68	59.0826	575.769	0	180	-76.3479
497.684	59.1533	575.7	0	180	-76.3235
497.688	59.224	575.631	0	180	-76.2992
497.692	59.2947	575.561	0	180	-76.2748
497.695	59.3654	575.492	0	180	-76.2505
497.699	59.4361	575.423	0	180	-76.2261
497.703	59.5068	575.353	0	180	-76.2018
497.707	59.5775	575.284	0	180	-76.1774
497.711	59.6483	575.215	0	180	-76.153
497.714	59.719	575.145	0	180	-76.1287
497.718	59.7897	575.076	0	180	-76.1043
497.722	59.8604	575.007	0	180	-76.08
497.726	59.9311	574.937	0	180	-76.0556
497.729	60.0018	574.868	0	180	-76.0313
497.733	60.0725	574.799	0	180	-76.0069
497.737	60.1432	574.729	0	180	-75.9826
497.741	60.214	574.66	0	180	-75.9582
497.745	60.2847	574.591	0	180	-75.9338
497.748	60.3554	574.521	0	180	-75.9095
497.752	60.4261	574.452	0	180	-75.8851
497.756	60.4968	574.383	0	180	-75.8608
497.76	60.5675	574.313	0	180	-75.8364
497.764	60.6382	574.244	0	180	-75.8121
497.767	60.709	574.175	0	180	-75.7877
497.771	60.7797	574.105	0	180	-75.7634
497.775	60.8504	574.036	0	180	-75.739
497.779	60.9211	573.967	0	180	-75.7146
497.783	60.9918	573.897	0	180	-75.6903
497.786	61.0625	573.828	0	180	-75.6659
497.79	61.1332	573.759	0	180	-75.6416
497.794	61.2039	573.689	0	180	-75.6172
497.798	61.2747	573.62	0	180	-75.5929
497.801	61.3454	573.551	0	180	-75.5685
497.805	61.4161	573.481	0	180	-75.5441
497.809	61.4868	573.412	0	180	-75.5198
497.813	61.5575	573.343	0	180	-75.4954
497.817	61.6282	573.273	0	180	-75.4711
497.82	61.6989	573.204	0	180	-75.4467
497.824	61.7696	573.135	0	180	-75.4224
497.828	61.8404	573.065	0	180	-75.398
497.832	61.9111	572.996	0	180	-75.3737
497.836	61.9818	572.927	0	180	-75.3493
497.839	62.0525	572.857	0	180	-75.3249
497.843	62.1232	572.788	0	180	-75.3006
497.847	62.1939	572.719	0	180	-75.2762
497.851	62.2646	572.649	0	180	-75.2519
497.855	62.3353	572.58	0	180	-75.2275
497.858	62.4061	572.511	0	180	-75.2032
497.862	62.4768	572.441	0	180	-75.1788
497.866	62.5475	572.372	0	180	-75.1545
497.87	62.6182	572.303	0	180	-75.1301
497.874	62.6889	572.233	0	180	-75.1057
497.877	62.7596	572.164	0	180	-75.0814
497.881	62.8303	572.095	0	180	-75.057
497.885	62.901	572.025	0	180	-75.0327
497.889	62.9718	571.956	0	180	-75.0083
497.892	63.0425	571.887	0	180	-74.984
497.896	63.1132	571.817	0	180	-74.9596
497.9	63.1839	571.748	0	180	-74.9353
497.904	63.2546	571.679	0	180	-74.9109
497.908	63.3253	571.609	0	180	-74.8865
497.911	63.396	571.54	0	180	-74.8622
497.915	63.4667	571.471	0	180	-74.8378
497.919	63.5375	571.401	0	180	-74.8135
497.923	63.6082	571.332	0	180	-74.7891
497.927	63.6789	571.262	0	180	-74.7648
497.93	63.7496	571.193	0	180	-74.7404
497.934	63.8203	571.124	0	180	-74.7161
497.938	63.891	571.054	0	180	-74.6917
497.942	63.9617	570.985	0	180	-74.6673
497.946	64.0324	570.916	0	180	-74.643
497.949	64.1032	570.846	0	180	-74.6186
497.953	64.1739	570.777	0	180	-74.5943
497.957	64.2446	570.708	0	180	-74.5699
497.961	64.3153	570.638	0	180	-74.5456
497.964	64.386	570.569	0	180	-74.5212
497.968	64.4567	570.5	0	180	-74.4969
497.972	64.5274	570.43	0	180	-74.4725
497.976	64.5981	570.361	0	180	-74.4481
497.98	64.6689	570.292	0	180	-74.4238
497.983	64.7396	570.222	0	180	-74.3994
497.987	64.8103	570.153	0	180	-74.3751
497.991	64.881	570.084	0	180	-74.3507
497.995	64.9517	570.014	0	180	-74.3264
497.999	65.0224	569.945	0	180	-74.302
498.002	65.0931	569.876	0	180	-74.2777
498.006	65.1638	569.806	0	180	-74.2533
498.01	65.2346	569.737	0	180	-74.2289
498.014	65.3053	569.668	0	180	-74.2046
498.018	65.376	569.598	0	180	-74.1802
498.021	65.4467	569.529	0	180	-74.1559
498.025	65.5174	569.46	0	180	-74.1315
498.029	65.5881	569.39	0	180	-74.1072
498.033	65.6588	569.321	0	180	-74.0828
498.036	65.7296	569.252	0	180	-74.0584
498.04	65.8003	569.182	0	180	-74.0341
498.044	65.871	569.113	0	180	-74.0097
498.048	65.9417	569.044	0	180	-73.9854
498.052	66.0124	568.974	0	180	-73.961
498.055	66.0831	568.905	0	180	-73.9367
498.059	66.1538	568.836	0	180	-73.9123
498.063	66.2245	568.766	0	180	-73.888
498.067	66.2953	568.697	0	180	-73.8636
498.071	66.366	568.628	0	180	-73.8392
498.074	66.4367	568.558	0	180	-73.8149
498.078	66.5074	568.489	0	180	-73.7905
498.082	66.5781	568.42	0	180	-73.7662
498.086	66.6488	568.35	0	180	-73.7418
498.09	66.7195	568.281	0	180	-73.7175
498.093	66.7902	568.212	0	180	-73.6931
498.097	66.861	568.142	0	180	-73.6688
498.101	66.9317	568.073	0	180	-73.6444
498.105	67.0024	568.004	0	180	-73.62
498.108	67.0731	567.934	0	180	-73.5957
498.112	67.1438	567.865	0	180	-73.5713
498.116	67.2145	567.796	0	180	-73.547
498.12	67.2852	567.726	0	180	-73.5226
498.124	67.3559	567.657	0	180	-73.4983
498.127	67.4267	567.588	0	180	-73.4739
498.131	67.4974	567.518	0	180	-73.4496
498.135	67.5681	567.449	0	180	-73.4252
498.139	67.6388	567.38	0	180	-73.4008
498.143	67.7095	567.31	0	180	-73.3765
498.146	67.7802	567.241	0	180	-73.3521
498.15	67.8509	567.172	0	180	-73.3278
498.154	67.9216	567.102	0	180	-73.3034
498.158	67.9924	567.033	0	180	-73.2791
498.162	68.0631	566.964	0	180	-73.2547
498.165	68.1338	566.894	0	180	-73.2304
498.169	68.2045	566.825	0	180	-73.206
498.173	68.2752	566.756	0	180	-73.1816
498.177	68.3459	566.686	0	180	-73.1573
498.18	68.4166	566.617	0	180	-73.1329
498.184	68.4873	566.548	0	180	-73.1086
498.188	68.5581	566.478	0	180	-73.0842
498.192	68.6288	566.409	0	180	-73.0599
498.196	68.6995	566.34	0	180	-73.0355
498.199	68.7702	566.27	0	180	-73.0112
498.203	68.8409	566.201	0	180	-72.9868
498.207	68.9116	566.132	0	180	-72.9624
498.211	68.9823	566.062	0	180	-72.9381
498.215	69.053	565.993	0	180	-72.9137
498.218	69.1238	565.924	0	180	-72.8894
498.222	69.1945	565.854	0	180	-72.865
498.226	69.2652	565.785	0	180	-72.8407
498.23	69.3359	565.715	0	180	-72.8163
498.234	69.4066	565.646	0	180	-72.792
498.237	69.4773	565.577	0	180	-72.7676
498.241	69.548	565.507	0	180	-72.7432
498.245	69.6187	565.438	0	180	-72.7189
498.249	69.6895	565.369	0	180	-72.6945
498.252	69.7602	565.299	0	180	-72.6702
498.256	69.8309	565.23	0	180	-72.6458
498.26	69.9016	565.161	0	180	-72.6215
498.264	69.9723	565.091	0	180	-72.5971
498.268	70.043	565.022	0	180	-72.5727
498.271	70.1137	564.953	0	180	-72.5484
498.275	70.1844	564.883	0	180	-72.524
498.279	70.2552	564.814	0	180	-72.4997
498.283	70.3259	564.745	0	180	-72.4753
498.287	70.3966	564.675	0	180	-72.451
498.29	70.4673	564.606	0	180	-72.4266
498.294	70.538	564.537	0	180	-72.4023
498.298	70.6087	564.467	0	180	-72.3779
498.302	70.6794	564.398	0	180	-72.3535
498.306	70.7501	564.329	0	180	-72.3292
498.309	70.8209	564.259	0	180	-72.3048
498.313	70.8916	564.19	0	180	-72.2805
498.317	70.9623	564.121	0	180	-72.2561
498.321	71.033	564.051	0	180	-72.2318
498.324	71.1037	563.982	0	180	-72.2074
498.328	71.1744	563.913	0	180	-72.1831
498.332	71.2451	563.843	0	180	-72.1587
498.336	71.3159	563.774	0	180	-72.1343
498.34	71.3866	563.705	0	180	-72.11
498.343	71.4573	563.635	0	180	-72.0856
498.347	71.528	563.566	0	180	-72.0613
498.351	71.5987	563.497	0	180	-72.0369
498.355	71.6694	563.427	0	180	-72.0126
498.359	71.7401	563.358	0	180	-71.9882
498.362	71.8108	563.289	0	180	-71.9639
498.366	71.8816	563.219	0	180	-71.9395
498.37	71.9523	563.15	0	180	-71.9151
498.374	72.023	563.081	0	180	-71.8908
498.378	72.0937	563.011	0	180	-71.8664
498.381	72.1644	562.942	0	180	-71.8421
498.385	72.2351	562.873	0	180	-71.8177
498.389	72.3058	562.803	0	180	-71.7934
498.393	72.3765	562.734	0	180	-71.769
498.397	72.4473	562.665	0	180	-71.7447
498.4	72.518	562.595	0	180	-71.7203
498.404	72.5887	562.526	0	180	-71.6959
498.408	72.6594	562.457	0	180	-71.6716
498.412	72.7301	562.387	0	180	-71.6472
498.415	72.8008	562.318	0	180	-71.6229
498.419	72.8715	562.249	0	180	-71.5985
498.423	72.9422	562.179	0	180	-71.5742
498.427	73.013	562.11	0	180	-71.5498
498.431	73.0837	562.041	0	180	-71.5255
498.434	73.1544	561.971	0	180	-71.5011
498.438	73.2251	561.902	0	180	-71.4767
498.442	73.2958	561.833	0	180	-71.4524
498.446	73.3665	561.763	0	180	-71.428
498.45	73.4372	561.694	0	180	-71.4037
498.453	73.5079	561.625	0	180	-71.3793
498.457	73.5787	561.555	0	180	-71.355
498.461	73.6494	561.486	0	180	-71.3306
498.465	73.7201	561.417	0	180	-71.3063
498.469	73.7908	561.347	0	180	-71.2819
498.472	73.8615	561.278	0	180	-71.2575
498.476	73.9322	561.209	0	180	-71.2332
498.48	74.0029	561.139	0	180	-71.2088
498.484	74.0736	561.07	0	180	-71.1845
498.487	74.1444	561.001	0	180	-71.1601
498.491	74.2151	560.931	0	180	-71.1358
498.495	74.2858	560.862	0	180	-71.1114
498.499	74.3565	560.793	0	180	-71.0871
498.503	74.4272	560.723	0	180	-71.0627
498.506	74.4979	560.654	0	180	-71.0383
498.51	74.5686	560.585	0	180	-71.014
498.514	74.6393	560.515	0	180	-70.9896
498.518	74.7101	560.446	0	180	-70.9653
498.522	74.7808	560.376	0	180	-70.9409
498.525	74.8515	560.307	0	180	-70.9166
498.529	74.9222	560.238	0	180	-70.8922
498.533	74.9929	560.168	0	180	-70.8678
498.537	75.0636	560.099	0	180	-70.8435
498.541	75.1343	560.03	0	180	-70.8191
498.544	75.205	559.96	0	180	-70.7948
498.548	75.2758	559.891	0	180	-70.7704
498.552	75.3465	559.822	0	180	-70.7461
498.556	75.4172	559.752	0	180	-70.7217
498.559	75.4879	559.683	0	180	-70.6974
498.563	75.5586	559.614	0	180	-70.673
498.567	75.6293	559.544	0	180	-70.6486
498.571	75.7	559.475	0	180	-70.6243
498.575	75.7707	559.406	0	180	-70.5999
498.578	75.8415	559.336	0	180	-70.5756
498.582	75.9122	559.267	0	180	-70.5512
498.586	75.9829	559.198	0	180	-70.5269
498.59	76.0536	559.128	0	180	-70.5025
498.594	76.1243	559.059	0	180	-70.4782
498.597	76.195	558.99	0	180	-70.4538
498.601	76.2657	558.92	0	180	-70.4294
498.605	76.3365	558.851	0	180	-70.4051
498.609	76.4072	558.782	0	180	-70.3807
498.613	76.4779	558.712	0	180	-70.3564
498.616	76.5486	558.643	0	180	-70.332
498.62	76.6193	558.574	0	180	-70.3077
498.624	76.69	558.504	0	180	-70.2833
498.628	76.7607	558.435	0	180	-70.259
498.631	76.8314	558.366	0	180	-70.2346
498.635	76.9022	558.296	0	180	-70.2102
498.639	76.9729	558.227	0	180	-70.1859
498.643	77.0436	558.158	0	180	-70.1615
498.647	77.1143	558.088	0	180	-70.1372
498.65	77.185	558.019	0	180	-70.1128
498.654	77.2557	557.95	0	180	-70.0885
498.658	77.3264	557.88	0	180	-70.0641
498.662	77.3971	557.811	0	180	-70.0398
498.666	77.4679	557.742	0	180	-70.0154
498.669	77.5386	557.672	0	180	-69.991
498.673	77.6093	557.603	0	180	-69.9667
498.677	77.68	557.534	0	180	-69.9423
498.681	77.7507	557.464	0	180	-69.918
498.685	77.8214	557.395	0	180	-69.8936
498.688	77.8921	557.326	0	180	-69.8693
498.692	77.9628	557.256	0	180	-69.8449
498.696	78.0336	557.187	0	180	-69.8206
498.7	78.1043	557.118	0	180	-69.7962
498.703	78.175	557.048	0	180	-69.7718
498.707	78.2457	556.979	0	180	-69.7475
498.711	78.3164	556.91	0	180	-69.7231
498.715	78.3871	556.84	0	180	-69.6988
498.719	78.4578	556.771	0	180	-69.6744
498.722	78.5285	556.702	0	180	-69.6501
498.726	78.5993	556.632	0	180	-69.6257
498.73	78.67	556.563	0	180	-69.6014
498.734	78.7407	556.494	0	180	-69.577
498.738	78.8114	556.424	0	180	-69.5526
498.741	78.8821	556.355	0	180	-69.5283
498.745	78.9528	556.286	0	180	-69.5039
498.749	79.0235	556.216	0	180	-69.4796
498.753	79.0942	556.147	0	180	-69.4552
498.757	79.165	556.078	0	180	-69.4309
498.76	79.2357	556.008	0	180	-69.4065
498.764	79.3064	555.939	0	180	-69.3821
498.768	79.3771	555.87	0	180	-69.3578
498.772	79.4478	555.8	0	180	-69.3334
498.775	79.5185	555.731	0	180	-69.3091
498.779	79.5892	555.662	0	180	-69.2847
498.783	79.6599	555.592	0	180	-69.2604
498.787	79.7307	555.523	0	180	-69.236
498.791	79.8014	555.454	0	180	-69.2117
498.794	79.8721	555.384	0	180	-69.1873
498.798	79.9428	555.315	0	180	-69.1629
498.802	80.0135	555.246	0	180	-69.1386
498.806	80.0842	555.176	0	180	-69.1142
498.81	80.1549	555.107	0	180	-69.0899
498.813	80.2256	555.037	0	180	-69.0655
498.817	80.2964	554.968	0	180	-69.0412
498.821	80.3671	554.899	0	180	-69.0168
498.825	80.4378	554.829	0	180	-68.9925
498.829	80.5085	554.76	0	180	-68.9681
498.832	80.5792	554.691	0	180	-68.9437
498.836	80.6499	554.621	0	180	-68.9194
498.84	80.7206	554.552	0	180	-68.895
498.844	80.7913	554.483	0	180	-68.8707
498.847	80.8621	554.413	0	180	-68.8463
498.851	80.9328	554.344	0	180	-68.822
498.855	81.0035	554.275	0	180	-68.7976
498.859	81.0742	554.205	0	180	-68.7733
498.863	81.1449	554.136	0	180	-68.7489
498.866	81.2156	554.067	0	180	-68.7245
498.87	81.2863	553.997	0	180	-68.7002
498.874	81.3571	553.928	0	180	-68.6758
498.878	81.4278	553.859	0	180	-68.6515
498.882	81.4985	553.789	0	180	-68.6271
498.885	81.5692	553.72	0	180	-68.6028
498.889	81.6399	553.651	0	180	-68.5784
498.893	81.7106	553.581	0	180	-68.5541
498.897	81.7813	553.512	0	180	-68.5297
498.901	81.852	553.443	0	180	-68.5053
498.904	81.9228	553.373	0	180	-68.481
498.908	81.9935	553.304	0	180	-68.4566
498.912	82.0642	553.235	0	180	-68.4323
498.916	82.1349	553.165	0	180	-68.4079
498.919	82.2056	553.096	0	180	-68.3836
498.923	82.2763	553.027	0	180	-68.3592
498.927	82.347	552.957	0	180	-68.3349
498.931	82.4177	552.888	0	180	-68.3105
498.935	82.4885	552.819	0	180	-68.2861
498.938	82.5592	552.749	0	180	-68.2618
498.942	82.6299	552.68	0	180	-68.2374
498.946	82.7006	552.611	0	180	-68.2131
498.95	82.7713	552.541	0	180	-68.1887
498.954	82.842	552.472	0	180	-68.1644
498.957	82.9127	552.403	0	180	-68.14
498.961	82.9834	552.333	0	180	-68.1157
498.965	83.0542	552.264	0	180	-68.0913
498.969	83.1249	552.195	0	180	-68.0669
498.973	83.1956	552.125	0	180	-68.0426
498.976	83.2663	552.056	0	180	-68.0182
498.98	83.337	551.987	0	180	-67.9939
498.984	83.4077	551.917	0	180	-67.9695
498.988	83.4784	551.848	0	180	-67.9452
498.992	83.5491	551.779	0	180	-67.9208
498.995	83.6199	551.709	0	180	-67.8964
498.999	83.6906	551.64	0	180	-67.8721
499.003	83.7613	551.571	0	180	-67.8477
499.007	83.832	551.501	0	180	-67.8234
499.01	83.9027	551.432	0	180	-67.799
499.014	83.9734	551.363	0	180	-67.7747
499.018	84.0441	551.293	0	180	-67.7503
499.022	84.1148	551.224	0	180	-67.726
499.026	84.1856	551.155	0	180	-67.7016
499.029	84.2563	551.085	0	180	-67.6772
499.033	84.327	551.016	0	180	-67.6529
499.037	84.3977	550.947	0	180	-67.6285
499.041	84.4684	550.877	0	180	-67.6042
499.045	84.5391	550.808	0	180	-67.5798
499.048	84.6098	550.739	0	180	-67.5555
499.052	84.6805	550.669	0	180	-67.5311
499.056	84.7513	550.6	0	180	-67.5068
499.06	84.822	550.531	0	180	-67.4824
499.064	84.8927	550.461	0	180	-67.458
499.067	84.9634	550.392	0	180	-67.4337
499.071	85.0341	550.323	0	180	-67.4093
499.075	85.1048	550.253	0	180	-67.385
499.079	85.1755	550.184	0	180	-67.3606
499.082	85.2462	550.115	0	180	-67.3363
499.086	85.317	550.045	0	180	-67.3119
499.09	85.3877	549.976	0	180	-67.2876
499.094	85.4584	549.907	0	180	-67.2632
499.098	85.5291	549.837	0	180	-67.2388
499.101	85.5998	549.768	0	180	-67.2145
499.105	85.6705	549.698	0	180	-67.1901
499.109	85.7412	549.629	0	180	-67.1658
499.113	85.8119	549.56	0	180	-67.1414
499.117	85.8827	549.49	0	180	-67.1171
499.12	85.9534	549.421	0	180	-67.0927
499.124	86.0241	549.352	0	180	-67.0684
499.128	86.0948	549.282	0	180	-67.044
499.132	86.1655	549.213	0	180	-67.0196
499.136	86.2362	549.144	0	180	-66.9953
499.139	86.3069	549.074	0	180	-66.9709
499.143	86.3777	549.005	0	180	-66.9466
499.147	86.4484	548.936	0	180	-66.9222
499.151	86.5191	548.866	0	180	-66.8979
499.154	86.5898	548.797	0	180	-66.8735
499.158	86.6605	548.728	0	180	-66.8492
499.162	86.7312	548.658	0	180	-66.8248
499.166	86.8019	548.589	0	180	-66.8004
499.17	86.8726	548.52	0	180	-66.7761
499.173	86.9434	548.45	0	180	-66.7517
499.177	87.0141	548.381	0	180	-66.7274
499.181	87.0848	548.312	0	180	-66.703
499.185	87.1555	548.242	0	180	-66.6787
499.189	87.2262	548.173	0	180	-66.6543
499.192	87.2969	548.104	0	180	-66.63
499.196	87.3676	548.034	0	180	-66.6056
499.2	87.4383	547.965	0	180	-66.5812
499.204	87.5091	547.896	0	180	-66.5569
499.208	87.5798	547.826	0	180	-66.5325
499.211	87.6505	547.757	0	180	-66.5082
499.215	87.7212	547.688	0	180	-66.4838
499.219	87.7919	547.618	0	180	-66.4595
499.223	87.8626	547.549	0	180	-66.4351
499.226	87.9333	547.48	0	180	-66.4107
499.23	88.004	547.41	0	180	-66.3864
499.234	88.0748	547.341	0	180	-66.362
499.238	88.1455	547.272	0	180	-66.3377
499.242	88.2162	547.202	0	180	-66.3133
499.245	88.2869	547.133	0	180	-66.289
499.249	88.3576	547.064	0	180	-66.2646
499.253	88.4283	546.994	0	180	-66.2403
499.257	88.499	546.925	0	180	-66.2159
499.261	88.5697	546.856	0	180	-66.1915
499.264	88.6405	546.786	0	180	-66.1672
499.268	88.7112	546.717	0	180	-66.1428
499.272	88.7819	546.648	0	180	-66.1185
499.276	88.8526	546.578	0	180	-66.0941
499.28	88.9233	546.509	0	180	-66.0698
499.283	88.994	546.44	0	180	-66.0454
499.287	89.0647	546.37	0	180	-66.0211
499.291	89.1354	546.301	0	180	-65.9967
499.295	89.2062	546.232	0	180	-65.9723
499.298	89.2769	546.162	0	180	-65.948
499.302	89.3476	546.093	0	180	-65.9236
499.306	89.4183	546.024	0	180	-65.8993
499.31	89.489	545.954	0	180	-65.8749
499.314	89.5597	545.885	0	180	-65.8506
499.317	89.6304	545.816	0	180	-65.8262
499.321	89.7011	545.746	0	180	-65.8019
499.325	89.7719	545.677	0	180	-65.7775
499.329	89.8426	545.608	0	180	-65.7531
499.333	89.9133	545.538	0	180	-65.7288
499.336	89.984	545.469	0	180	-65.7044
499.34	90.0547	545.4	0	180	-65.6801
499.344	90.1254	545.33	0	180	-65.6557
499.348	90.1961	545.261	0	180	-65.6314
499.352	90.2668	545.192	0	180	-65.607
499.355	90.3376	545.122	0	180	-65.5827
499.359	90.4083	545.053	0	180	-65.5583
499.363	90.479	544.984	0	180	-65.5339
499.367	90.5497	544.914	0	180	-65.5096
499.37	90.6204	544.845	0	180	-65.4852
499.374	90.6911	544.776	0	180	-65.4609
499.378	90.7618	544.706	0	180	-65.4365
499.382	90.8325	544.637	0	180	-65.4122
499.386	90.9033	544.568	0	180	-65.3878
499.389	90.974	544.498	0	180	-65.3635
499.393	91.0447	544.429	0	180	-65.3391
499.397	91.1154	544.36	0	180	-65.3147
499.401	91.1861	544.29	0	180	-65.2904
499.405	91.2568	544.221	0	180	-65.266
499.408	91.3275	544.151	0	180	-65.2417
499.412	91.3983	544.082	0	180	-65.2173
499.416	91.469	544.013	0	180	-65.193
499.42	91.5397	543.943	0	180	-65.1686
499.424	91.6104	543.874	0	180	-65.1443
499.427	91.6811	543.805	0	180	-65.1199
499.431	91.7518	543.735	0	180	-65.0955
499.435	91.8225	543.666	0	180	-65.0712
499.439	91.8932	543.597	0	180	-65.0468
499.442	91.964	543.527	0	180	-65.0225
499.446	92.0347	543.458	0	180	-64.9981
499.45	92.1054	543.389	0	180	-64.9738
499.454	92.1761	543.319	0	180	-64.9494
499.458	92.2468	543.25	0	180	-64.9251
499.461	92.3175	543.181	0	180	-64.9007
499.465	92.3882	543.111	0	180	-64.8763
499.469	92.4589	543.042	0	180	-64.852
499.473	92.5297	542.973	0	180	-64.8276
499.477	92.6004	542.903	0	180	-64.8033
499.48	92.6711	542.834	0	180	-64.7789
499.484	92.7418	542.765	0	180	-64.7546
499.488	92.8125	542.695	0	180	-64.7302
499.492	92.8832	542.626	0	180	-64.7058
499.496	92.9539	542.557	0	180	-64.6815
499.499	93.0246	542.487	0	180	-64.6571
499.503	93.0954	542.418	0	180	-64.6328
499.507	93.1661	542.349	0	180	-64.6084
499.511	93.2368	542.279	0	180	-64.5841
499.515	93.3075	542.21	0	180	-64.5597
499.518	93.3782	542.141	0	180	-64.5354
499.522	93.4489	542.071	0	180	-64.511
499.526	93.5196	542.002	0	180	-64.4866
499.53	93.5903	541.933	0	180	-64.4623
499.533	93.6611	541.863	0	180	-64.4379
499.537	93.7318	541.794	0	180	-64.4136
499.541	93.8025	541.725	0	180	-64.3892
499.545	93.8732	541.655	0	180	-64.3649
499.549	93.9439	541.586	0	180	-64.3405
499.552	94.0146	541.517	0	180	-64.3162
499.556	94.0853	541.447	0	180	-64.2918
499.56	94.156	541.378	0	180	-64.2674
499.564	94.2268	541.309	0	180	-64.2431
499.568	94.2975	541.239	0	180	-64.2187
499.571	94.3682	541.17	0	180	-64.1944
499.575	94.4389	541.101	0	180	-64.17
499.579	94.5096	541.031	0	180	-64.1457
499.583	94.5803	540.962	0	180	-64.1213
499.587	94.651	540.893	0	180	-64.097
499.59	94.7217	540.823	0	180	-64.0726
499.594	94.7925	540.754	0	180	-64.0482
499.598	94.8632	540.685	0	180	-64.0239
499.602	94.9339	540.615	0	180	-63.9995
499.605	95.0046	540.546	0	180	-63.9752
499.609	95.0753	540.477	0	180	-63.9508
499.613	95.146	540.407	0	180	-63.9265
499.617	95.2167	540.338	0	180	-63.9021
499.621	95.2874	540.269	0	180	-63.8778
499.624	95.3582	540.199	0	180	-63.8534
499.628	95.4289	540.13	0	180	-63.829
499.632	95.4996	540.061	0	180	-63.8047
499.636	95.5703	539.991	0	180	-63.7803
499.64	95.641	539.922	0	180	-63.756
499.643	95.7117	539.853	0	180	-63.7316
499.647	95.7824	539.783	0	180	-63.7073
499.651	95.8531	539.714	0	180	-63.6829
499.655	95.9239	539.645	0	180	-63.6586
499.659	95.9946	539.575	0	180	-63.6342
499.662	96.0653	539.506	0	180	-63.6098
499.666	96.136	539.437	0	180	-63.5855
499.67	96.2067	539.367	0	180	-63.5611
499.674	96.2774	539.298	0	180	-63.5368
499.677	96.3481	539.229	0	180	-63.5124
499.681	96.4189	539.159	0	180	-63.4881
499.685	96.4896	539.09	0	180	-63.4637
499.689	96.5603	539.021	0	180	-63.4394
499.693	96.631	538.951	0	180	-63.415
499.696	96.7017	538.882	0	180	-63.3906
499.7	96.7724	538.812	0	180	-63.3663
499.704	96.8431	538.743	0	180	-63.3419
499.708	96.9138	538.674	0	180	-63.3176
499.712	96.9846	538.604	0	180	-63.2932
499.715	97.0553	538.535	0	180	-63.2689
499.719	97.126	538.466	0	180	-63.2445
499.723	97.1967	538.396	0	180	-63.2201
499.727	97.2674	538.327	0	180	-63.1958
499.731	97.3381	538.258	0	180	-63.1714
499.734	97.4088	538.188	0	180	-63.1471
499.738	97.4795	538.119	0	180	-63.1227
499.742	97.55	538.05	0	180	-63.0984
499.746	97.6195	537.98	0	180	-63.074
499.749	97.688	537.912	0	180	-63.0497
499.753	97.7555	537.844	0	180	-63.0253
499.757	97.822	537.778	0	180	-63.0009
499.761	97.8875	537.712	0	180	-62.9766
499.765	97.952	537.648	0	180	-62.9522
499.768	98.0155	537.584	0	180	-62.9279
499.772	98.078	537.522	0	180	-62.9035
499.776	98.1395	537.46	0	180	-62.8792
499.78	98.2	537.4	0	180	-62.8548
499.784	98.2595	537.341	0	180	-62.8305
499.787	98.318	537.282	0	180	-62.8061
499.791	98.3755	537.224	0	180	-62.7817
499.795	98.432	537.168	0	180	-62.7574
499.799	98.4875	537.112	0	180	-62.733
499.803	98.542	537.058	0	180	-62.7087
499.806	98.5955	537.004	0	180	-62.6843
499.81	98.648	536.952	0	180	-62.66
499.814	98.6995	536.9	0	180	-62.6356
499.818	98.75	536.85	0	180	-62.6113
499.821	98.7995	536.8	0	180	-62.5869
499.825	98.848	536.752	0	180	-62.5625
499.829	98.8955	536.704	0	180	-62.5382
499.833	98.942	536.658	0	180	-62.5138
499.837	98.9875	536.612	0	180	-62.4895
499.84	99.032	536.568	0	180	-62.4651
499.844	99.0755	536.524	0	180	-62.4408
499.848	99.118	536.482	0	180	-62.4164
499.852	99.1595	536.441	0	180	-62.3921
499.856	99.2	536.4	0	180	-62.3677
499.859	99.2395	536.36	0	180	-62.3433
499.863	99.278	536.322	0	180	-62.319
499.867	99.3155	536.284	0	180	-62.2946
499.871	99.352	536.248	0	180	-62.2703
499.875	99.3875	536.212	0	180	-62.2459
499.878	99.422	536.178	0	180	-62.2216
499.882	99.4555	536.144	0	180	-62.1972
499.886	99.488	536.112	0	180	-62.1729
499.89	99.5195	536.08	0	180	-62.1485
499.893	99.55	536.05	0	180	-62.1241
499.897	99.5795	536.02	0	180	-62.0998
499.901	99.608	535.992	0	180	-62.0754
499.905	99.6355	535.964	0	180	-62.0511
499.909	99.662	535.938	0	180	-62.0267
499.912	99.6875	535.912	0	180	-62.0024
499.916	99.712	535.888	0	180	-61.9781
499.92	99.7355	535.865	0	180	-61.9546
499.924	99.758	535.842	0	180	-61.9321
499.928	99.7795	535.82	0	180	-61.9106
499.931	99.8	535.8	0	180	-61.8901
499.935	99.8195	535.78	0	180	-61.8706
499.939	99.838	535.762	0	180	-61.8521
499.943	99.8555	535.744	0	180	-61.8346
499.947	99.872	535.728	0	180	-61.8181
499.95	99.8875	535.712	0	180	-61.8026
499.954	99.902	535.698	0	180	-61.7881
499.958	99.9155	535.684	0	180	-61.7746
499.962	99.928	535.672	0	180	-61.7621
499.965	99.9395	535.66	0	180	-61.7506
499.969	99.95	535.65	0	180	-61.7401
499.973	99.9595	535.64	0	180	-61.7306
499.977	99.968	535.632	0	180	-61.7221
499.981	99.9755	535.624	0	180	-61.7146
499.984	99.982	535.618	0	180	-61.7081
499.988	99.9875	535.612	0	180	-61.7026
499.992	99.992	535.608	0	180	-61.6981
499.995	99.9955	535.604	0	180	-61.6946
499.998	99.998	535.602	0	180	-61.6921
500	99.9995	535.6	0	180	-61.6906
500	71.4765	1.41065e-311	0	180	-61.6901
