500	100	535.6	0	180	-61.6901
500	99.9995	535.6	0	180	-61.6906
500.002	99.998	535.602	0	180	-61.6921
500.004	99.9955	535.604	0	180	-61.6946
500.008	99.992	535.608	0	180	-61.6981
500.012	99.9875	535.612	0	180	-61.702
500.018	99.982	535.618	0	180	-61.7059
500.024	99.9755	535.624	0	180	-61.7098
500.032	99.968	535.632	0	180	-61.7137
500.041	99.9595	535.64	0	180	-61.7176
500.05	99.95	535.65	0	180	-61.7215
500.061	99.9395	535.66	0	180	-61.7254
500.072	99.928	535.672	0	180	-61.7293
500.085	99.9155	535.684	0	180	-61.7332
500.098	99.902	535.698	0	180	-61.7371
500.112	99.8875	535.712	0	180	-61.741
500.128	99.872	535.728	0	180	-61.7449
500.144	99.8555	535.744	0	180	-61.7488
500.162	99.838	535.762	0	180	-61.7527
500.181	99.8195	535.78	0	180	-61.7566
500.2	99.8	535.8	0	180	-61.7605
500.22	99.7795	535.82	0	180	-61.7644
500.242	99.758	535.842	0	180	-61.7683
500.264	99.7355	535.864	0	180	-61.7722
500.288	99.712	535.888	0	180	-61.7761
500.313	99.6875	535.912	0	180	-61.78
500.338	99.662	535.938	0	180	-61.7839
500.364	99.6355	535.964	0	180	-61.7878
500.392	99.608	535.992	0	180	-61.7917
500.421	99.5795	536.02	0	180	-61.7957
500.45	99.55	536.05	0	180	-61.7996
500.481	99.5195	536.08	0	180	-61.8035
500.512	99.488	536.112	0	180	-61.8074
500.544	99.4555	536.144	0	180	-61.8113
500.578	99.422	536.178	0	180	-61.8152
500.613	99.3875	536.212	0	180	-61.8191
500.648	99.352	536.248	0	180	-61.823
500.684	99.3155	536.284	0	180	-61.8269
500.722	99.278	536.322	0	180	-61.8308
500.761	99.2395	536.36	0	180	-61.8347
500.8	99.2	536.4	0	180	-61.8386
500.841	99.1595	536.44	0	180	-61.8425
500.882	99.118	536.479	0	180	-61.8464
500.924	99.0755	536.519	0	180	-61.8503
500.968	99.032	536.559	0	180	-61.8542
501.012	98.9875	536.599	0	180	-61.8581
501.058	98.942	536.638	0	180	-61.862
501.104	98.8955	536.678	0	180	-61.8659
501.152	98.848	536.718	0	180	-61.8698
501.201	98.7995	536.758	0	180	-61.8737
501.25	98.75	536.797	0	180	-61.8776
501.301	98.6995	536.837	0	180	-61.8815
501.352	98.648	536.877	0	180	-61.8854
501.405	98.5955	536.917	0	180	-61.8893
501.458	98.542	536.956	0	180	-61.8932
501.513	98.4875	536.996	0	180	-61.8971
501.568	98.432	537.036	0	180	-61.901
501.625	98.3755	537.076	0	180	-61.9049
501.682	98.318	537.115	0	180	-61.9089
501.741	98.2595	537.155	0	180	-61.9128
501.8	98.2	537.195	0	180	-61.9167
501.861	98.1395	537.235	0	180	-61.9206
501.922	98.078	537.274	0	180	-61.9245
501.985	98.0155	537.314	0	180	-61.9284
502.048	97.952	537.354	0	180	-61.9323
502.112	97.8875	537.394	0	180	-61.9362
502.178	97.822	537.433	0	180	-61.9401
502.244	97.7555	537.473	0	180	-61.944
502.312	97.688	537.513	0	180	-61.9479
502.38	97.6195	537.553	0	180	-61.9518
502.45	97.55	537.592	0	180	-61.9557
502.52	97.48	537.632	0	180	-61.9596
502.591	97.4101	537.672	0	180	-61.9635
502.661	97.3401	537.712	0	180	-61.9674
502.732	97.2701	537.751	0	180	-61.9713
502.802	97.2001	537.791	0	180	-61.9752
502.873	97.1302	537.831	0	180	-61.9791
502.943	97.0602	537.871	0	180	-61.983
503.014	96.9902	537.91	0	180	-61.9869
503.084	96.9202	537.95	0	180	-61.9908
503.154	96.8503	537.99	0	180	-61.9947
503.225	96.7803	538.03	0	180	-61.9986
503.295	96.7103	538.069	0	180	-62.0025
503.366	96.6404	538.109	0	180	-62.0064
503.436	96.5704	538.149	0	180	-62.0103
503.507	96.5004	538.189	0	180	-62.0142
503.577	96.4304	538.228	0	180	-62.0181
503.648	96.3605	538.268	0	180	-62.0221
503.718	96.2905	538.308	0	180	-62.026
503.789	96.2205	538.348	0	180	-62.0299
503.859	96.1506	538.387	0	180	-62.0338
503.929	96.0806	538.427	0	180	-62.0377
504	96.0106	538.467	0	180	-62.0416
504.07	95.9406	538.507	0	180	-62.0455
504.141	95.8707	538.546	0	180	-62.0494
504.211	95.8007	538.586	0	180	-62.0533
504.282	95.7307	538.626	0	180	-62.0572
504.352	95.6607	538.666	0	180	-62.0611
504.423	95.5908	538.705	0	180	-62.065
504.493	95.5208	538.745	0	180	-62.0689
504.564	95.4508	538.785	0	180	-62.0728
504.634	95.3809	538.825	0	180	-62.0767
504.704	95.3109	538.864	0	180	-62.0806
504.775	95.2409	538.904	0	180	-62.0845
504.845	95.1709	538.944	0	180	-62.0884
504.916	95.101	538.984	0	180	-62.0923
504.986	95.031	539.023	0	180	-62.0962
505.057	94.961	539.063	0	180	-62.1001
505.127	94.8911	539.103	0	180	-62.104
505.198	94.8211	539.143	0	180	-62.1079
505.268	94.7511	539.182	0	180	-62.1118
505.339	94.6811	539.222	0	180	-62.1157
505.409	94.6112	539.262	0	180	-62.1196
505.479	94.5412	539.302	0	180	-62.1235
505.55	94.4712	539.341	0	180	-62.1274
505.62	94.4012	539.381	0	180	-62.1313
505.691	94.3313	539.421	0	180	-62.1353
505.761	94.2613	539.461	0	180	-62.1392
505.832	94.1913	539.5	0	180	-62.1431
505.902	94.1214	539.54	0	180	-62.147
505.973	94.0514	539.58	0	180	-62.1509
506.043	93.9814	539.619	0	180	-62.1548
506.114	93.9114	539.659	0	180	-62.1587
506.184	93.8415	539.699	0	180	-62.1626
506.254	93.7715	539.739	0	180	-62.1665
506.325	93.7015	539.778	0	180	-62.1704
506.395	93.6316	539.818	0	180	-62.1743
506.466	93.5616	539.858	0	180	-62.1782
506.536	93.4916	539.898	0	180	-62.1821
506.607	93.4216	539.937	0	180	-62.186
506.677	93.3517	539.977	0	180	-62.1899
506.748	93.2817	540.017	0	180	-62.1938
506.818	93.2117	540.057	0	180	-62.1977
506.889	93.1417	540.096	0	180	-62.2016
506.959	93.0718	540.136	0	180	-62.2055
507.029	93.0018	540.176	0	180	-62.2094
507.1	92.9318	540.216	0	180	-62.2133
507.17	92.8619	540.255	0	180	-62.2172
507.241	92.7919	540.295	0	180	-62.2211
507.311	92.7219	540.335	0	180	-62.225
507.382	92.6519	540.375	0	180	-62.2289
507.452	92.582	540.414	0	180	-62.2328
507.523	92.512	540.454	0	180	-62.2367
507.593	92.442	540.494	0	180	-62.2406
507.663	92.3721	540.534	0	180	-62.2445
507.734	92.3021	540.573	0	180	-62.2485
507.804	92.2321	540.613	0	180	-62.2524
507.875	92.1621	540.653	0	180	-62.2563
507.945	92.0922	540.693	0	180	-62.2602
508.016	92.0222	540.732	0	180	-62.2641
508.086	91.9522	540.772	0	180	-62.268
508.157	91.8822	540.812	0	180	-62.2719
508.227	91.8123	540.852	0	180	-62.2758
508.298	91.7423	540.891	0	180	-62.2797
508.368	91.6723	540.931	0	180	-62.2836
508.438	91.6024	540.971	0	180	-62.2875
508.509	91.5324	541.011	0	180	-62.2914
508.579	91.4624	541.05	0	180	-62.2953
508.65	91.3924	541.09	0	180	-62.2992
508.72	91.3225	541.13	0	180	-62.3031
508.791	91.2525	541.17	0	180	-62.307
508.861	91.1825	541.209	0	180	-62.3109
508.932	91.1125	541.249	0	180	-62.3148
509.002	91.0426	541.289	0	180	-62.3187
509.073	90.9726	541.329	0	180	-62.3226
509.143	90.9026	541.368	0	180	-62.3265
509.213	90.8327	541.408	0	180	-62.3304
509.284	90.7627	541.448	0	180	-62.3343
509.354	90.6927	541.488	0	180	-62.3382
509.425	90.6227	541.527	0	180	-62.3421
509.495	90.5528	541.567	0	180	-62.346
509.566	90.4828	541.607	0	180	-62.3499
509.636	90.4128	541.647	0	180	-62.3538
509.707	90.3429	541.686	0	180	-62.3578
509.777	90.2729	541.726	0	180	-62.3617
509.848	90.2029	541.766	0	180	-62.3656
509.918	90.1329	541.806	0	180	-62.3695
509.988	90.063	541.845	0	180	-62.3734
510.059	89.993	541.885	0	180	-62.3773
510.129	89.923	541.925	0	180	-62.3812
510.2	89.853	541.965	0	180	-62.3851
510.27	89.7831	542.004	0	180	-62.389
510.341	89.7131	542.044	0	180	-62.3929
510.411	89.6431	542.084	0	180	-62.3968
510.482	89.5732	542.124	0	180	-62.4007
510.552	89.5032	542.163	0	180	-62.4046
510.623	89.4332	542.203	0	180	-62.4085
510.693	89.3632	542.243	0	180	-62.4124
510.763	89.2933	542.283	0	180	-62.4163
510.834	89.2233	542.322	0	180	-62.4202
510.904	89.1533	542.362	0	180	-62.4241
510.975	89.0834	542.402	0	180	-62.428
511.045	89.0134	542.442	0	180	-62.4319
511.116	88.9434	542.481	0	180	-62.4358
511.186	88.8734	542.521	0	180	-62.4397
511.257	88.8035	542.561	0	180	-62.4436
511.327	88.7335	542.601	0	180	-62.4475
511.398	88.6635	542.64	0	180	-62.4514
511.468	88.5935	542.68	0	180	-62.4553
511.538	88.5236	542.72	0	180	-62.4592
511.609	88.4536	542.76	0	180	-62.4631
511.679	88.3836	542.799	0	180	-62.467
511.75	88.3137	542.839	0	180	-62.471
511.82	88.2437	542.879	0	180	-62.4749
511.891	88.1737	542.919	0	180	-62.4788
511.961	88.1037	542.958	0	180	-62.4827
512.032	88.0338	542.998	0	180	-62.4866
512.102	87.9638	543.038	0	180	-62.4905
512.173	87.8938	543.078	0	180	-62.4944
512.243	87.8239	543.117	0	180	-62.4983
512.313	87.7539	543.157	0	180	-62.5022
512.384	87.6839	543.197	0	180	-62.5061
512.454	87.6139	543.236	0	180	-62.51
512.525	87.544	543.276	0	180	-62.5139
512.595	87.474	543.316	0	180	-62.5178
512.666	87.404	543.356	0	180	-62.5217
512.736	87.334	543.395	0	180	-62.5256
512.807	87.2641	543.435	0	180	-62.5295
512.877	87.1941	543.475	0	180	-62.5334
512.948	87.1241	543.515	0	180	-62.5373
513.018	87.0542	543.554	0	180	-62.5412
513.088	86.9842	543.594	0	180	-62.5451
513.159	86.9142	543.634	0	180	-62.549
513.229	86.8442	543.674	0	180	-62.5529
513.3	86.7743	543.713	0	180	-62.5568
513.37	86.7043	543.753	0	180	-62.5607
513.441	86.6343	543.793	0	180	-62.5646
513.511	86.5643	543.833	0	180	-62.5685
513.582	86.4944	543.872	0	180	-62.5724
513.652	86.4244	543.912	0	180	-62.5763
513.723	86.3544	543.952	0	180	-62.5802
513.793	86.2845	543.992	0	180	-62.5842
513.863	86.2145	544.031	0	180	-62.5881
513.934	86.1445	544.071	0	180	-62.592
514.004	86.0745	544.111	0	180	-62.5959
514.075	86.0046	544.151	0	180	-62.5998
514.145	85.9346	544.19	0	180	-62.6037
514.216	85.8646	544.23	0	180	-62.6076
514.286	85.7947	544.27	0	180	-62.6115
514.357	85.7247	544.31	0	180	-62.6154
514.427	85.6547	544.349	0	180	-62.6193
514.498	85.5847	544.389	0	180	-62.6232
514.568	85.5148	544.429	0	180	-62.6271
514.638	85.4448	544.469	0	180	-62.631
514.709	85.3748	544.508	0	180	-62.6349
514.779	85.3048	544.548	0	180	-62.6388
514.85	85.2349	544.588	0	180	-62.6427
514.92	85.1649	544.628	0	180	-62.6466
514.991	85.0949	544.667	0	180	-62.6505
515.061	85.025	544.707	0	180	-62.6544
515.132	84.955	544.747	0	180	-62.6583
515.202	84.885	544.787	0	180	-62.6622
515.273	84.815	544.826	0	180	-62.6661
515.343	84.7451	544.866	0	180	-62.67
515.413	84.6751	544.906	0	180	-62.6739
515.484	84.6051	544.946	0	180	-62.6778
515.554	84.5352	544.985	0	180	-62.6817
515.625	84.4652	545.025	0	180	-62.6856
515.695	84.3952	545.065	0	180	-62.6895
515.766	84.3252	545.105	0	180	-62.6934
515.836	84.2553	545.144	0	180	-62.6974
515.907	84.1853	545.184	0	180	-62.7013
515.977	84.1153	545.224	0	180	-62.7052
516.048	84.0453	545.264	0	180	-62.7091
516.118	83.9754	545.303	0	180	-62.713
516.188	83.9054	545.343	0	180	-62.7169
516.259	83.8354	545.383	0	180	-62.7208
516.329	83.7655	545.423	0	180	-62.7247
516.4	83.6955	545.462	0	180	-62.7286
516.47	83.6255	545.502	0	180	-62.7325
516.541	83.5555	545.542	0	180	-62.7364
516.611	83.4856	545.582	0	180	-62.7403
516.682	83.4156	545.621	0	180	-62.7442
516.752	83.3456	545.661	0	180	-62.7481
516.823	83.2757	545.701	0	180	-62.752
516.893	83.2057	545.741	0	180	-62.7559
516.963	83.1357	545.78	0	180	-62.7598
517.034	83.0657	545.82	0	180	-62.7637
517.104	82.9958	545.86	0	180	-62.7676
517.175	82.9258	545.9	0	180	-62.7715
517.245	82.8558	545.939	0	180	-62.7754
517.316	82.7858	545.979	0	180	-62.7793
517.386	82.7159	546.019	0	180	-62.7832
517.457	82.6459	546.059	0	180	-62.7871
517.527	82.5759	546.098	0	180	-62.791
517.598	82.506	546.138	0	180	-62.7949
517.668	82.436	546.178	0	180	-62.7988
517.738	82.366	546.218	0	180	-62.8027
517.809	82.296	546.257	0	180	-62.8066
517.879	82.2261	546.297	0	180	-62.8106
517.95	82.1561	546.337	0	180	-62.8145
518.02	82.0861	546.377	0	180	-62.8184
518.091	82.0161	546.416	0	180	-62.8223
518.161	81.9462	546.456	0	180	-62.8262
518.232	81.8762	546.496	0	180	-62.8301
518.302	81.8062	546.536	0	180	-62.834
518.373	81.7363	546.575	0	180	-62.8379
518.443	81.6663	546.615	0	180	-62.8418
518.513	81.5963	546.655	0	180	-62.8457
518.584	81.5263	546.695	0	180	-62.8496
518.654	81.4564	546.734	0	180	-62.8535
518.725	81.3864	546.774	0	180	-62.8574
518.795	81.3164	546.814	0	180	-62.8613
518.866	81.2465	546.853	0	180	-62.8652
518.936	81.1765	546.893	0	180	-62.8691
519.007	81.1065	546.933	0	180	-62.873
519.077	81.0365	546.973	0	180	-62.8769
519.148	80.9666	547.012	0	180	-62.8808
519.218	80.8966	547.052	0	180	-62.8847
519.288	80.8266	547.092	0	180	-62.8886
519.359	80.7566	547.132	0	180	-62.8925
519.429	80.6867	547.171	0	180	-62.8964
519.5	80.6167	547.211	0	180	-62.9003
519.57	80.5467	547.251	0	180	-62.9042
519.641	80.4768	547.291	0	180	-62.9081
519.711	80.4068	547.33	0	180	-62.912
519.782	80.3368	547.37	0	180	-62.9159
519.852	80.2668	547.41	0	180	-62.9198
519.922	80.1969	547.45	0	180	-62.9238
519.993	80.1269	547.489	0	180	-62.9277
520.063	80.0569	547.529	0	180	-62.9316
520.134	79.987	547.569	0	180	-62.9355
520.204	79.917	547.609	0	180	-62.9394
520.275	79.847	547.648	0	180	-62.9433
520.345	79.777	547.688	0	180	-62.9472
520.416	79.7071	547.728	0	180	-62.9511
520.486	79.6371	547.768	0	180	-62.955
520.557	79.5671	547.807	0	180	-62.9589
520.627	79.4971	547.847	0	180	-62.9628
520.697	79.4272	547.887	0	180	-62.9667
520.768	79.3572	547.927	0	180	-62.9706
520.838	79.2872	547.966	0	180	-62.9745
520.909	79.2173	548.006	0	180	-62.9784
520.979	79.1473	548.046	0	180	-62.9823
521.05	79.0773	548.086	0	180	-62.9862
521.12	79.0073	548.125	0	180	-62.9901
521.191	78.9374	548.165	0	180	-62.994
521.261	78.8674	548.205	0	180	-62.9979
521.332	78.7974	548.245	0	180	-63.0018
521.402	78.7275	548.284	0	180	-63.0057
521.472	78.6575	548.324	0	180	-63.0096
521.543	78.5875	548.364	0	180	-63.0135
521.613	78.5175	548.404	0	180	-63.0174
521.684	78.4476	548.443	0	180	-63.0213
521.754	78.3776	548.483	0	180	-63.0252
521.825	78.3076	548.523	0	180	-63.0291
521.895	78.2376	548.563	0	180	-63.033
521.966	78.1677	548.602	0	180	-63.037
522.036	78.0977	548.642	0	180	-63.0409
522.107	78.0277	548.682	0	180	-63.0448
522.177	77.9578	548.722	0	180	-63.0487
522.247	77.8878	548.761	0	180	-63.0526
522.318	77.8178	548.801	0	180	-63.0565
522.388	77.7478	548.841	0	180	-63.0604
522.459	77.6779	548.881	0	180	-63.0643
522.529	77.6079	548.92	0	180	-63.0682
522.6	77.5379	548.96	0	180	-63.0721
522.67	77.4679	549	0	180	-63.076
522.741	77.398	549.04	0	180	-63.0799
522.811	77.328	549.079	0	180	-63.0838
522.882	77.258	549.119	0	180	-63.0877
522.952	77.1881	549.159	0	180	-63.0916
523.022	77.1181	549.199	0	180	-63.0955
523.093	77.0481	549.238	0	180	-63.0994
523.163	76.9781	549.278	0	180	-63.1033
523.234	76.9082	549.318	0	180	-63.1072
523.304	76.8382	549.358	0	180	-63.1111
523.375	76.7682	549.397	0	180	-63.115
523.445	76.6983	549.437	0	180	-63.1189
523.516	76.6283	549.477	0	180	-63.1228
523.586	76.5583	549.517	0	180	-63.1267
523.657	76.4883	549.556	0	180	-63.1306
523.727	76.4184	549.596	0	180	-63.1345
523.797	76.3484	549.636	0	180	-63.1384
523.868	76.2784	549.676	0	180	-63.1423
523.938	76.2084	549.715	0	180	-63.1462
524.009	76.1385	549.755	0	180	-63.1502
524.079	76.0685	549.795	0	180	-63.1541
524.15	75.9985	549.835	0	180	-63.158
524.22	75.9286	549.874	0	180	-63.1619
524.291	75.8586	549.914	0	180	-63.1658
524.361	75.7886	549.954	0	180	-63.1697
524.432	75.7186	549.994	0	180	-63.1736
524.502	75.6487	550.033	0	180	-63.1775
524.572	75.5787	550.073	0	180	-63.1814
524.643	75.5087	550.113	0	180	-63.1853
524.713	75.4388	550.153	0	180	-63.1892
524.784	75.3688	550.192	0	180	-63.1931
524.854	75.2988	550.232	0	180	-63.197
524.925	75.2288	550.272	0	180	-63.2009
524.995	75.1589	550.312	0	180	-63.2048
525.066	75.0889	550.351	0	180	-63.2087
525.136	75.0189	550.391	0	180	-63.2126
525.207	74.9489	550.431	0	180	-63.2165
525.277	74.879	550.47	0	180	-63.2204
525.347	74.809	550.51	0	180	-63.2243
525.418	74.739	550.55	0	180	-63.2282
525.488	74.6691	550.59	0	180	-63.2321
525.559	74.5991	550.629	0	180	-63.236
525.629	74.5291	550.669	0	180	-63.2399
525.7	74.4591	550.709	0	180	-63.2438
525.77	74.3892	550.749	0	180	-63.2477
525.841	74.3192	550.788	0	180	-63.2516
525.911	74.2492	550.828	0	180	-63.2555
525.982	74.1793	550.868	0	180	-63.2594
526.052	74.1093	550.908	0	180	-63.2634
526.122	74.0393	550.947	0	180	-63.2673
526.193	73.9693	550.987	0	180	-63.2712
526.263	73.8994	551.027	0	180	-63.2751
526.334	73.8294	551.067	0	180	-63.279
526.404	73.7594	551.106	0	180	-63.2829
526.475	73.6894	551.146	0	180	-63.2868
526.545	73.6195	551.186	0	180	-63.2907
526.616	73.5495	551.226	0	180	-63.2946
526.686	73.4795	551.265	0	180	-63.2985
526.757	73.4096	551.305	0	180	-63.3024
526.827	73.3396	551.345	0	180	-63.3063
526.897	73.2696	551.385	0	180	-63.3102
526.968	73.1996	551.424	0	180	-63.3141
527.038	73.1297	551.464	0	180	-63.318
527.109	73.0597	551.504	0	180	-63.3219
527.179	72.9897	551.544	0	180	-63.3258
527.25	72.9198	551.583	0	180	-63.3297
527.32	72.8498	551.623	0	180	-63.3336
527.391	72.7798	551.663	0	180	-63.3375
527.461	72.7098	551.703	0	180	-63.3414
527.532	72.6399	551.742	0	180	-63.3453
527.602	72.5699	551.782	0	180	-63.3492
527.672	72.4999	551.822	0	180	-63.3531
527.743	72.4299	551.862	0	180	-63.357
527.813	72.36	551.901	0	180	-63.3609
527.884	72.29	551.941	0	180	-63.3648
527.954	72.22	551.981	0	180	-63.3687
528.025	72.1501	552.021	0	180	-63.3727
528.095	72.0801	552.06	0	180	-63.3766
528.166	72.0101	552.1	0	180	-63.3805
528.236	71.9401	552.14	0	180	-63.3844
528.307	71.8702	552.18	0	180	-63.3883
528.377	71.8002	552.219	0	180	-63.3922
528.447	71.7302	552.259	0	180	-63.3961
528.518	71.6602	552.299	0	180	-63.4
528.588	71.5903	552.339	0	180	-63.4039
528.659	71.5203	552.378	0	180	-63.4078
528.729	71.4503	552.418	0	180	-63.4117
528.8	71.3804	552.458	0	180	-63.4156
528.87	71.3104	552.498	0	180	-63.4195
528.941	71.2404	552.537	0	180	-63.4234
529.011	71.1704	552.577	0	180	-63.4273
529.082	71.1005	552.617	0	180	-63.4312
529.152	71.0305	552.657	0	180	-63.4351
529.222	70.9605	552.696	0	180	-63.439
529.293	70.8906	552.736	0	180	-63.4429
529.363	70.8206	552.776	0	180	-63.4468
529.434	70.7506	552.816	0	180	-63.4507
529.504	70.6806	552.855	0	180	-63.4546
529.575	70.6107	552.895	0	180	-63.4585
529.645	70.5407	552.935	0	180	-63.4624
529.716	70.4707	552.975	0	180	-63.4663
529.786	70.4007	553.014	0	180	-63.4702
529.857	70.3308	553.054	0	180	-63.4741
529.927	70.2608	553.094	0	180	-63.478
529.997	70.1908	553.134	0	180	-63.4819
530.068	70.1209	553.173	0	180	-63.4859
530.138	70.0509	553.213	0	180	-63.4898
530.209	69.9809	553.253	0	180	-63.4937
530.279	69.9109	553.293	0	180	-63.4976
530.35	69.841	553.332	0	180	-63.5015
530.42	69.771	553.372	0	180	-63.5054
530.491	69.701	553.412	0	180	-63.5093
530.561	69.6311	553.452	0	180	-63.5132
530.632	69.5611	553.491	0	180	-63.5171
530.702	69.4911	553.531	0	180	-63.521
530.772	69.4211	553.571	0	180	-63.5249
530.843	69.3512	553.611	0	180	-63.5288
530.913	69.2812	553.65	0	180	-63.5327
530.984	69.2112	553.69	0	180	-63.5366
531.054	69.1412	553.73	0	180	-63.5405
531.125	69.0713	553.77	0	180	-63.5444
531.195	69.0013	553.809	0	180	-63.5483
531.266	68.9313	553.849	0	180	-63.5522
531.336	68.8614	553.889	0	180	-63.5561
531.407	68.7914	553.929	0	180	-63.56
531.477	68.7214	553.968	0	180	-63.5639
531.547	68.6514	554.008	0	180	-63.5678
531.618	68.5815	554.048	0	180	-63.5717
531.688	68.5115	554.087	0	180	-63.5756
531.759	68.4415	554.127	0	180	-63.5795
531.829	68.3716	554.167	0	180	-63.5834
531.9	68.3016	554.207	0	180	-63.5873
531.97	68.2316	554.246	0	180	-63.5912
532.041	68.1616	554.286	0	180	-63.5951
532.111	68.0917	554.326	0	180	-63.5991
532.181	68.0217	554.366	0	180	-63.603
532.252	67.9517	554.405	0	180	-63.6069
532.322	67.8817	554.445	0	180	-63.6108
532.393	67.8118	554.485	0	180	-63.6147
532.463	67.7418	554.525	0	180	-63.6186
532.534	67.6718	554.564	0	180	-63.6225
532.604	67.6019	554.604	0	180	-63.6264
532.675	67.5319	554.644	0	180	-63.6303
532.745	67.4619	554.684	0	180	-63.6342
532.816	67.3919	554.723	0	180	-63.6381
532.886	67.322	554.763	0	180	-63.642
532.956	67.252	554.803	0	180	-63.6459
533.027	67.182	554.843	0	180	-63.6498
533.097	67.112	554.882	0	180	-63.6537
533.168	67.0421	554.922	0	180	-63.6576
533.238	66.9721	554.962	0	180	-63.6615
533.309	66.9021	555.002	0	180	-63.6654
533.379	66.8322	555.041	0	180	-63.6693
533.45	66.7622	555.081	0	180	-63.6732
533.52	66.6922	555.121	0	180	-63.6771
533.591	66.6222	555.161	0	180	-63.681
533.661	66.5523	555.2	0	180	-63.6849
533.731	66.4823	555.24	0	180	-63.6888
533.802	66.4123	555.28	0	180	-63.6927
533.872	66.3424	555.32	0	180	-63.6966
533.943	66.2724	555.359	0	180	-63.7005
534.013	66.2024	555.399	0	180	-63.7044
534.084	66.1324	555.439	0	180	-63.7083
534.154	66.0625	555.479	0	180	-63.7123
534.225	65.9925	555.518	0	180	-63.7162
534.295	65.9225	555.558	0	180	-63.7201
534.366	65.8525	555.598	0	180	-63.724
534.436	65.7826	555.638	0	180	-63.7279
534.506	65.7126	555.677	0	180	-63.7318
534.577	65.6426	555.717	0	180	-63.7357
534.647	65.5727	555.757	0	180	-63.7396
534.718	65.5027	555.797	0	180	-63.7435
534.788	65.4327	555.836	0	180	-63.7474
534.859	65.3627	555.876	0	180	-63.7513
534.929	65.2928	555.916	0	180	-63.7552
535	65.2228	555.956	0	180	-63.7591
535.07	65.1528	555.995	0	180	-63.763
535.141	65.0829	556.035	0	180	-63.7669
535.211	65.0129	556.075	0	180	-63.7708
535.281	64.9429	556.115	0	180	-63.7747
535.352	64.8729	556.154	0	180	-63.7786
535.422	64.803	556.194	0	180	-63.7825
535.493	64.733	556.234	0	180	-63.7864
535.563	64.663	556.274	0	180	-63.7903
535.634	64.593	556.313	0	180	-63.7942
535.704	64.5231	556.353	0	180	-63.7981
535.775	64.4531	556.393	0	180	-63.802
535.845	64.3831	556.433	0	180	-63.8059
535.916	64.3132	556.472	0	180	-63.8098
535.986	64.2432	556.512	0	180	-63.8137
536.056	64.1732	556.552	0	180	-63.8176
536.127	64.1032	556.592	0	180	-63.8215
536.197	64.0333	556.631	0	180	-63.8255
536.268	63.9633	556.671	0	180	-63.8294
536.338	63.8933	556.711	0	180	-63.8333
536.409	63.8234	556.751	0	180	-63.8372
536.479	63.7534	556.79	0	180	-63.8411
536.55	63.6834	556.83	0	180	-63.845
536.62	63.6134	556.87	0	180	-63.8489
536.691	63.5435	556.91	0	180	-63.8528
536.761	63.4735	556.949	0	180	-63.8567
536.831	63.4035	556.989	0	180	-63.8606
536.902	63.3335	557.029	0	180	-63.8645
536.972	63.2636	557.069	0	180	-63.8684
537.043	63.1936	557.108	0	180	-63.8723
537.113	63.1236	557.148	0	180	-63.8762
537.184	63.0537	557.188	0	180	-63.8801
537.254	62.9837	557.228	0	180	-63.884
537.325	62.9137	557.267	0	180	-63.8879
537.395	62.8437	557.307	0	180	-63.8918
537.466	62.7738	557.347	0	180	-63.8957
537.536	62.7038	557.387	0	180	-63.8996
537.606	62.6338	557.426	0	180	-63.9035
537.677	62.5638	557.466	0	180	-63.9074
537.747	62.4939	557.506	0	180	-63.9113
537.818	62.4239	557.546	0	180	-63.9152
537.888	62.3539	557.585	0	180	-63.9191
537.959	62.284	557.625	0	180	-63.923
538.029	62.214	557.665	0	180	-63.9269
538.1	62.144	557.704	0	180	-63.9308
538.17	62.074	557.744	0	180	-63.9347
538.241	62.0041	557.784	0	180	-63.9387
538.311	61.9341	557.824	0	180	-63.9426
538.381	61.8641	557.863	0	180	-63.9465
538.452	61.7942	557.903	0	180	-63.9504
538.522	61.7242	557.943	0	180	-63.9543
538.593	61.6542	557.983	0	180	-63.9582
538.663	61.5842	558.022	0	180	-63.9621
538.734	61.5143	558.062	0	180	-63.966
538.804	61.4443	558.102	0	180	-63.9699
538.875	61.3743	558.142	0	180	-63.9738
538.945	61.3043	558.181	0	180	-63.9777
539.016	61.2344	558.221	0	180	-63.9816
539.086	61.1644	558.261	0	180	-63.9855
539.156	61.0944	558.301	0	180	-63.9894
539.227	61.0245	558.34	0	180	-63.9933
539.297	60.9545	558.38	0	180	-63.9972
539.368	60.8845	558.42	0	180	-64.0011
539.438	60.8145	558.46	0	180	-64.005
539.509	60.7446	558.499	0	180	-64.0089
539.579	60.6746	558.539	0	180	-64.0128
539.65	60.6046	558.579	0	180	-64.0167
539.72	60.5347	558.619	0	180	-64.0206
539.791	60.4647	558.658	0	180	-64.0245
539.861	60.3947	558.698	0	180	-64.0284
539.931	60.3247	558.738	0	180	-64.0323
540.002	60.2548	558.778	0	180	-64.0362
540.072	60.1848	558.817	0	180	-64.0401
540.143	60.1148	558.857	0	180	-64.044
540.213	60.0448	558.897	0	180	-64.0479
540.284	59.9749	558.937	0	180	-64.0519
540.354	59.9049	558.976	0	180	-64.0558
540.425	59.8349	559.016	0	180	-64.0597
540.495	59.765	559.056	0	180	-64.0636
540.566	59.695	559.096	0	180	-64.0675
540.636	59.625	559.135	0	180	-64.0714
540.706	59.555	559.175	0	180	-64.0753
540.777	59.4851	559.215	0	180	-64.0792
540.847	59.4151	559.255	0	180	-64.0831
540.918	59.3451	559.294	0	180	-64.087
540.988	59.2752	559.334	0	180	-64.0909
541.059	59.2052	559.374	0	180	-64.0948
541.129	59.1352	559.414	0	180	-64.0987
541.2	59.0652	559.453	0	180	-64.1026
541.27	58.9953	559.493	0	180	-64.1065
541.341	58.9253	559.533	0	180	-64.1104
541.411	58.8553	559.573	0	180	-64.1143
541.481	58.7853	559.612	0	180	-64.1182
541.552	58.7154	559.652	0	180	-64.1221
541.622	58.6454	559.692	0	180	-64.126
541.693	58.5754	559.732	0	180	-64.1299
541.763	58.5055	559.771	0	180	-64.1338
541.834	58.4355	559.811	0	180	-64.1377
541.904	58.3655	559.851	0	180	-64.1416
541.975	58.2955	559.891	0	180	-64.1455
542.045	58.2256	559.93	0	180	-64.1494
542.116	58.1556	559.97	0	180	-64.1533
542.186	58.0856	560.01	0	180	-64.1572
542.256	58.0156	560.05	0	180	-64.1611
542.327	57.9457	560.089	0	180	-64.1651
542.397	57.8757	560.129	0	180	-64.169
542.468	57.8057	560.169	0	180	-64.1729
542.538	57.7358	560.209	0	180	-64.1768
542.609	57.6658	560.248	0	180	-64.1807
542.679	57.5958	560.288	0	180	-64.1846
542.75	57.5258	560.328	0	180	-64.1885
542.82	57.4559	560.368	0	180	-64.1924
542.891	57.3859	560.407	0	180	-64.1963
542.961	57.3159	560.447	0	180	-64.2002
543.031	57.246	560.487	0	180	-64.2041
543.102	57.176	560.527	0	180	-64.208
543.172	57.106	560.566	0	180	-64.2119
543.243	57.036	560.606	0	180	-64.2158
543.313	56.9661	560.646	0	180	-64.2197
543.384	56.8961	560.686	0	180	-64.2236
543.454	56.8261	560.725	0	180	-64.2275
543.525	56.7561	560.765	0	180	-64.2314
543.595	56.6862	560.805	0	180	-64.2353
543.666	56.6162	560.845	0	180	-64.2392
543.736	56.5462	560.884	0	180	-64.2431
543.806	56.4763	560.924	0	180	-64.247
543.877	56.4063	560.964	0	180	-64.2509
543.947	56.3363	561.004	0	180	-64.2548
544.018	56.2663	561.043	0	180	-64.2587
544.088	56.1964	561.083	0	180	-64.2626
544.159	56.1264	561.123	0	180	-64.2665
544.229	56.0564	561.163	0	180	-64.2704
544.3	55.9865	561.202	0	180	-64.2743
544.37	55.9165	561.242	0	180	-64.2783
544.44	55.8465	561.282	0	180	-64.2822
544.511	55.7765	561.321	0	180	-64.2861
544.581	55.7066	561.361	0	180	-64.29
544.652	55.6366	561.401	0	180	-64.2939
544.722	55.5666	561.441	0	180	-64.2978
544.793	55.4966	561.48	0	180	-64.3017
544.863	55.4267	561.52	0	180	-64.3056
544.934	55.3567	561.56	0	180	-64.3095
545.004	55.2867	561.6	0	180	-64.3134
545.075	55.2168	561.639	0	180	-64.3173
545.145	55.1468	561.679	0	180	-64.3212
545.215	55.0768	561.719	0	180	-64.3251
545.286	55.0068	561.759	0	180	-64.329
545.356	54.9369	561.798	0	180	-64.3329
545.427	54.8669	561.838	0	180	-64.3368
545.497	54.7969	561.878	0	180	-64.3407
545.568	54.727	561.918	0	180	-64.3446
545.638	54.657	561.957	0	180	-64.3485
545.709	54.587	561.997	0	180	-64.3524
545.779	54.517	562.037	0	180	-64.3563
545.85	54.4471	562.077	0	180	-64.3602
545.92	54.3771	562.116	0	180	-64.3641
545.99	54.3071	562.156	0	180	-64.368
546.061	54.2371	562.196	0	180	-64.3719
546.131	54.1672	562.236	0	180	-64.3758
546.202	54.0972	562.275	0	180	-64.3797
546.272	54.0272	562.315	0	180	-64.3836
546.343	53.9573	562.355	0	180	-64.3875
546.413	53.8873	562.395	0	180	-64.3915
546.484	53.8173	562.434	0	180	-64.3954
546.554	53.7473	562.474	0	180	-64.3993
546.625	53.6774	562.514	0	180	-64.4032
546.695	53.6074	562.554	0	180	-64.4071
546.765	53.5374	562.593	0	180	-64.411
546.836	53.4675	562.633	0	180	-64.4149
546.906	53.3975	562.673	0	180	-64.4188
546.977	53.3275	562.713	0	180	-64.4227
547.047	53.2575	562.752	0	180	-64.4266
547.118	53.1876	562.792	0	180	-64.4305
547.188	53.1176	562.832	0	180	-64.4344
547.259	53.0476	562.872	0	180	-64.4383
547.329	52.9776	562.911	0	180	-64.4422
547.4	52.9077	562.951	0	180	-64.4461
547.47	52.8377	562.991	0	180	-64.45
547.54	52.7677	563.031	0	180	-64.4539
547.611	52.6978	563.07	0	180	-64.4578
547.681	52.6278	563.11	0	180	-64.4617
547.752	52.5578	563.15	0	180	-64.4656
547.822	52.4878	563.19	0	180	-64.4695
547.893	52.4179	563.229	0	180	-64.4734
547.963	52.3479	563.269	0	180	-64.4773
548.034	52.2779	563.309	0	180	-64.4812
548.104	52.2079	563.349	0	180	-64.4851
548.175	52.138	563.388	0	180	-64.489
548.245	52.068	563.428	0	180	-64.4929
548.315	51.998	563.468	0	180	-64.4968
548.386	51.9281	563.508	0	180	-64.5008
548.456	51.8581	563.547	0	180	-64.5047
548.527	51.7881	563.587	0	180	-64.5086
548.597	51.7181	563.627	0	180	-64.5125
548.668	51.6482	563.667	0	180	-64.5164
548.738	51.5782	563.706	0	180	-64.5203
548.809	51.5082	563.746	0	180	-64.5242
548.879	51.4383	563.786	0	180	-64.5281
548.95	51.3683	563.826	0	180	-64.532
549.02	51.2983	563.865	0	180	-64.5359
549.09	51.2283	563.905	0	180	-64.5398
549.161	51.1584	563.945	0	180	-64.5437
549.231	51.0884	563.985	0	180	-64.5476
549.302	51.0184	564.024	0	180	-64.5515
549.372	50.9484	564.064	0	180	-64.5554
549.443	50.8785	564.104	0	180	-64.5593
549.513	50.8085	564.144	0	180	-64.5632
549.584	50.7385	564.183	0	180	-64.5671
549.654	50.6686	564.223	0	180	-64.571
549.725	50.5986	564.263	0	180	-64.5749
549.795	50.5286	564.303	0	180	-64.5788
549.865	50.4586	564.342	0	180	-64.5827
549.936	50.3887	564.382	0	180	-64.5866
550.006	50.3187	564.422	0	180	-64.5905
550.077	50.2487	564.462	0	180	-64.5944
550.147	50.1788	564.501	0	180	-64.5983
550.218	50.1088	564.541	0	180	-64.6022
550.288	50.0388	564.581	0	180	-64.6061
550.359	49.9688	564.621	0	180	-64.61
550.429	49.8989	564.66	0	180	-64.614
550.5	49.8289	564.7	0	180	-64.6179
550.57	49.7589	564.74	0	180	-64.6218
550.64	49.6889	564.78	0	180	-64.6257
550.711	49.619	564.819	0	180	-64.6296
550.781	49.549	564.859	0	180	-64.6335
550.852	49.479	564.899	0	180	-64.6374
550.922	49.4091	564.938	0	180	-64.6413
550.993	49.3391	564.978	0	180	-64.6452
551.063	49.2691	565.018	0	180	-64.6491
551.134	49.1991	565.058	0	180	-64.653
551.204	49.1292	565.097	0	180	-64.6569
551.275	49.0592	565.137	0	180	-64.6608
551.345	48.9892	565.177	0	180	-64.6647
551.415	48.9193	565.217	0	180	-64.6686
551.486	48.8493	565.256	0	180	-64.6725
551.556	48.7793	565.296	0	180	-64.6764
551.627	48.7093	565.336	0	180	-64.6803
551.697	48.6394	565.376	0	180	-64.6842
551.768	48.5694	565.415	0	180	-64.6881
551.838	48.4994	565.455	0	180	-64.692
551.909	48.4294	565.495	0	180	-64.6959
551.979	48.3595	565.535	0	180	-64.6998
552.05	48.2895	565.574	0	180	-64.7037
552.12	48.2195	565.614	0	180	-64.7076
552.19	48.1496	565.654	0	180	-64.7115
552.261	48.0796	565.694	0	180	-64.7154
552.331	48.0096	565.733	0	180	-64.7193
552.402	47.9396	565.773	0	180	-64.7232
552.472	47.8697	565.813	0	180	-64.7272
552.543	47.7997	565.853	0	180	-64.7311
552.613	47.7297	565.892	0	180	-64.735
552.684	47.6597	565.932	0	180	-64.7389
552.754	47.5898	565.972	0	180	-64.7428
552.825	47.5198	566.012	0	180	-64.7467
552.895	47.4498	566.051	0	180	-64.7506
552.965	47.3799	566.091	0	180	-64.7545
553.036	47.3099	566.131	0	180	-64.7584
553.106	47.2399	566.171	0	180	-64.7623
553.177	47.1699	566.21	0	180	-64.7662
553.247	47.1	566.25	0	180	-64.7701
553.318	47.03	566.29	0	180	-64.774
553.388	46.96	566.33	0	180	-64.7779
553.459	46.8901	566.369	0	180	-64.7818
553.529	46.8201	566.409	0	180	-64.7857
553.6	46.7501	566.449	0	180	-64.7896
553.67	46.6801	566.489	0	180	-64.7935
553.74	46.6102	566.528	0	180	-64.7974
553.811	46.5402	566.568	0	180	-64.8013
553.881	46.4702	566.608	0	180	-64.8052
553.952	46.4002	566.648	0	180	-64.8091
554.022	46.3303	566.687	0	180	-64.813
554.093	46.2603	566.727	0	180	-64.8169
554.163	46.1903	566.767	0	180	-64.8208
554.234	46.1204	566.807	0	180	-64.8247
554.304	46.0504	566.846	0	180	-64.8286
554.375	45.9804	566.886	0	180	-64.8325
554.445	45.9104	566.926	0	180	-64.8364
554.515	45.8405	566.966	0	180	-64.8404
554.586	45.7705	567.005	0	180	-64.8443
554.656	45.7005	567.045	0	180	-64.8482
554.727	45.6306	567.085	0	180	-64.8521
554.797	45.5606	567.125	0	180	-64.856
554.868	45.4906	567.164	0	180	-64.8599
554.938	45.4206	567.204	0	180	-64.8638
555.009	45.3507	567.244	0	180	-64.8677
555.079	45.2807	567.284	0	180	-64.8716
555.15	45.2107	567.323	0	180	-64.8755
555.22	45.1407	567.363	0	180	-64.8794
555.29	45.0708	567.403	0	180	-64.8833
555.361	45.0008	567.443	0	180	-64.8872
555.431	44.9308	567.482	0	180	-64.8911
555.502	44.8609	567.522	0	180	-64.895
555.572	44.7909	567.562	0	180	-64.8989
555.643	44.7209	567.602	0	180	-64.9028
555.713	44.6509	567.641	0	180	-64.9067
555.784	44.581	567.681	0	180	-64.9106
555.854	44.511	567.721	0	180	-64.9145
555.925	44.441	567.761	0	180	-64.9184
555.995	44.3711	567.8	0	180	-64.9223
556.065	44.3011	567.84	0	180	-64.9262
556.136	44.2311	567.88	0	180	-64.9301
556.206	44.1611	567.92	0	180	-64.934
556.277	44.0912	567.959	0	180	-64.9379
556.347	44.0212	567.999	0	180	-64.9418
556.418	43.9512	568.039	0	180	-64.9457
556.488	43.8812	568.079	0	180	-64.9496
556.559	43.8113	568.118	0	180	-64.9536
556.629	43.7413	568.158	0	180	-64.9575
556.699	43.6713	568.198	0	180	-64.9614
556.77	43.6014	568.238	0	180	-64.9653
556.84	43.5314	568.277	0	180	-64.9692
556.911	43.4614	568.317	0	180	-64.9731
556.981	43.3914	568.357	0	180	-64.977
557.052	43.3215	568.397	0	180	-64.9809
557.122	43.2515	568.436	0	180	-64.9848
557.193	43.1815	568.476	0	180	-64.9887
557.263	43.1115	568.516	0	180	-64.9926
557.334	43.0416	568.555	0	180	-64.9965
557.404	42.9716	568.595	0	180	-65.0004
557.474	42.9016	568.635	0	180	-65.0043
557.545	42.8317	568.675	0	180	-65.0082
557.615	42.7617	568.714	0	180	-65.0121
557.686	42.6917	568.754	0	180	-65.016
557.756	42.6217	568.794	0	180	-65.0199
557.827	42.5518	568.834	0	180	-65.0238
557.897	42.4818	568.873	0	180	-65.0277
557.968	42.4118	568.913	0	180	-65.0316
558.038	42.3419	568.953	0	180	-65.0355
558.109	42.2719	568.993	0	180	-65.0394
558.179	42.2019	569.032	0	180	-65.0433
558.249	42.1319	569.072	0	180	-65.0472
558.32	42.062	569.112	0	180	-65.0511
558.39	41.992	569.152	0	180	-65.055
558.461	41.922	569.191	0	180	-65.0589
558.531	41.852	569.231	0	180	-65.0628
558.602	41.7821	569.271	0	180	-65.0668
558.672	41.7121	569.311	0	180	-65.0707
558.743	41.6421	569.35	0	180	-65.0746
558.813	41.5722	569.39	0	180	-65.0785
558.884	41.5022	569.43	0	180	-65.0824
558.954	41.4322	569.47	0	180	-65.0863
559.024	41.3622	569.509	0	180	-65.0902
559.095	41.2923	569.549	0	180	-65.0941
559.165	41.2223	569.589	0	180	-65.098
559.236	41.1523	569.629	0	180	-65.1019
559.306	41.0824	569.668	0	180	-65.1058
559.377	41.0124	569.708	0	180	-65.1097
559.447	40.9424	569.748	0	180	-65.1136
559.518	40.8724	569.788	0	180	-65.1175
559.588	40.8025	569.827	0	180	-65.1214
559.659	40.7325	569.867	0	180	-65.1253
559.729	40.6625	569.907	0	180	-65.1292
559.799	40.5925	569.947	0	180	-65.1331
559.87	40.5226	569.986	0	180	-65.137
559.94	40.4526	570.026	0	180	-65.1409
560.011	40.3826	570.066	0	180	-65.1448
560.081	40.3127	570.106	0	180	-65.1487
560.152	40.2427	570.145	0	180	-65.1526
560.222	40.1727	570.185	0	180	-65.1565
560.293	40.1027	570.225	0	180	-65.1604
560.363	40.0328	570.265	0	180	-65.1643
560.434	39.9628	570.304	0	180	-65.1682
560.504	39.8928	570.344	0	180	-65.1721
560.574	39.8229	570.384	0	180	-65.176
560.645	39.7529	570.424	0	180	-65.18
560.715	39.6829	570.463	0	180	-65.1839
560.786	39.6129	570.503	0	180	-65.1878
560.856	39.543	570.543	0	180	-65.1917
560.927	39.473	570.583	0	180	-65.1956
560.997	39.403	570.622	0	180	-65.1995
561.068	39.333	570.662	0	180	-65.2034
561.138	39.2631	570.702	0	180	-65.2073
561.209	39.1931	570.742	0	180	-65.2112
561.279	39.1231	570.781	0	180	-65.2151
561.349	39.0532	570.821	0	180	-65.219
561.42	38.9832	570.861	0	180	-65.2229
561.49	38.9132	570.901	0	180	-65.2268
561.561	38.8432	570.94	0	180	-65.2307
561.631	38.7733	570.98	0	180	-65.2346
561.702	38.7033	571.02	0	180	-65.2385
561.772	38.6333	571.06	0	180	-65.2424
561.843	38.5634	571.099	0	180	-65.2463
561.913	38.4934	571.139	0	180	-65.2502
561.984	38.4234	571.179	0	180	-65.2541
562.054	38.3534	571.219	0	180	-65.258
562.124	38.2835	571.258	0	180	-65.2619
562.195	38.2135	571.298	0	180	-65.2658
562.265	38.1435	571.338	0	180	-65.2697
562.336	38.0735	571.378	0	180	-65.2736
562.406	38.0036	571.417	0	180	-65.2775
562.477	37.9336	571.457	0	180	-65.2814
562.547	37.8636	571.497	0	180	-65.2853
562.618	37.7937	571.537	0	180	-65.2892
562.688	37.7237	571.576	0	180	-65.2932
562.759	37.6537	571.616	0	180	-65.2971
562.829	37.5837	571.656	0	180	-65.301
562.899	37.5138	571.696	0	180	-65.3049
562.97	37.4438	571.735	0	180	-65.3088
563.04	37.3738	571.775	0	180	-65.3127
563.111	37.3038	571.815	0	180	-65.3166
563.181	37.2339	571.855	0	180	-65.3205
563.252	37.1639	571.894	0	180	-65.3244
563.322	37.0939	571.934	0	180	-65.3283
563.393	37.024	571.974	0	180	-65.3322
563.463	36.954	572.014	0	180	-65.3361
563.534	36.884	572.053	0	180	-65.34
563.604	36.814	572.093	0	180	-65.3439
563.674	36.7441	572.133	0	180	-65.3478
563.745	36.6741	572.172	0	180	-65.3517
563.815	36.6041	572.212	0	180	-65.3556
563.886	36.5342	572.252	0	180	-65.3595
563.956	36.4642	572.292	0	180	-65.3634
564.027	36.3942	572.331	0	180	-65.3673
564.097	36.3242	572.371	0	180	-65.3712
564.168	36.2543	572.411	0	180	-65.3751
564.238	36.1843	572.451	0	180	-65.379
564.309	36.1143	572.49	0	180	-65.3829
564.379	36.0443	572.53	0	180	-65.3868
564.449	35.9744	572.57	0	180	-65.3907
564.52	35.9044	572.61	0	180	-65.3946
564.59	35.8344	572.649	0	180	-65.3985
564.661	35.7645	572.689	0	180	-65.4024
564.731	35.6945	572.729	0	180	-65.4064
564.802	35.6245	572.769	0	180	-65.4103
564.872	35.5545	572.808	0	180	-65.4142
564.943	35.4846	572.848	0	180	-65.4181
565.013	35.4146	572.888	0	180	-65.422
565.084	35.3446	572.928	0	180	-65.4259
565.154	35.2747	572.967	0	180	-65.4298
565.224	35.2047	573.007	0	180	-65.4337
565.295	35.1347	573.047	0	180	-65.4376
565.365	35.0647	573.087	0	180	-65.4415
565.436	34.9948	573.126	0	180	-65.4454
565.506	34.9248	573.166	0	180	-65.4493
565.577	34.8548	573.206	0	180	-65.4532
565.647	34.7848	573.246	0	180	-65.4571
565.718	34.7149	573.285	0	180	-65.461
565.788	34.6449	573.325	0	180	-65.4649
565.859	34.5749	573.365	0	180	-65.4688
565.929	34.505	573.405	0	180	-65.4727
565.999	34.435	573.444	0	180	-65.4766
566.07	34.365	573.484	0	180	-65.4805
566.14	34.295	573.524	0	180	-65.4844
566.211	34.2251	573.564	0	180	-65.4883
566.281	34.1551	573.603	0	180	-65.4922
566.352	34.0851	573.643	0	180	-65.4961
566.422	34.0152	573.683	0	180	-65.5
566.493	33.9452	573.723	0	180	-65.5039
566.563	33.8752	573.762	0	180	-65.5078
566.634	33.8052	573.802	0	180	-65.5117
566.704	33.7353	573.842	0	180	-65.5157
566.774	33.6653	573.882	0	180	-65.5196
566.845	33.5953	573.921	0	180	-65.5235
566.915	33.5253	573.961	0	180	-65.5274
566.986	33.4554	574.001	0	180	-65.5313
567.056	33.3854	574.041	0	180	-65.5352
567.127	33.3154	574.08	0	180	-65.5391
567.197	33.2455	574.12	0	180	-65.543
567.268	33.1755	574.16	0	180	-65.5469
567.338	33.1055	574.2	0	180	-65.5508
567.409	33.0355	574.239	0	180	-65.5547
567.479	32.9656	574.279	0	180	-65.5586
567.549	32.8956	574.319	0	180	-65.5625
567.62	32.8256	574.359	0	180	-65.5664
567.69	32.7556	574.398	0	180	-65.5703
567.761	32.6857	574.438	0	180	-65.5742
567.831	32.6157	574.478	0	180	-65.5781
567.902	32.5457	574.518	0	180	-65.582
567.972	32.4758	574.557	0	180	-65.5859
568.043	32.4058	574.597	0	180	-65.5898
568.113	32.3358	574.637	0	180	-65.5937
568.184	32.2658	574.677	0	180	-65.5976
568.254	32.1959	574.716	0	180	-65.6015
568.324	32.1259	574.756	0	180	-65.6054
568.395	32.0559	574.796	0	180	-65.6093
568.465	31.986	574.836	0	180	-65.6132
568.536	31.916	574.875	0	180	-65.6171
568.606	31.846	574.915	0	180	-65.621
568.677	31.776	574.955	0	180	-65.6249
568.747	31.7061	574.995	0	180	-65.6289
568.818	31.6361	575.034	0	180	-65.6328
568.888	31.5661	575.074	0	180	-65.6367
568.958	31.4961	575.114	0	180	-65.6406
569.029	31.4262	575.154	0	180	-65.6445
569.099	31.3562	575.193	0	180	-65.6484
569.17	31.2862	575.233	0	180	-65.6523
569.24	31.2163	575.273	0	180	-65.6562
569.311	31.1463	575.313	0	180	-65.6601
569.381	31.0763	575.352	0	180	-65.664
569.452	31.0063	575.392	0	180	-65.6679
569.522	30.9364	575.432	0	180	-65.6718
569.593	30.8664	575.472	0	180	-65.6757
569.663	30.7964	575.511	0	180	-65.6796
569.733	30.7265	575.551	0	180	-65.6835
569.804	30.6565	575.591	0	180	-65.6874
569.874	30.5865	575.631	0	180	-65.6913
569.945	30.5165	575.67	0	180	-65.6952
570.015	30.4466	575.71	0	180	-65.6991
570.086	30.3766	575.75	0	180	-65.703
570.156	30.3066	575.789	0	180	-65.7069
570.227	30.2366	575.829	0	180	-65.7108
570.297	30.1667	575.869	0	180	-65.7147
570.368	30.0967	575.909	0	180	-65.7186
570.438	30.0267	575.948	0	180	-65.7225
570.508	29.9568	575.988	0	180	-65.7264
570.579	29.8868	576.028	0	180	-65.7303
570.649	29.8168	576.068	0	180	-65.7342
570.72	29.7468	576.107	0	180	-65.7381
570.79	29.6769	576.147	0	180	-65.7421
570.861	29.6069	576.187	0	180	-65.746
570.931	29.5369	576.227	0	180	-65.7499
571.002	29.467	576.266	0	180	-65.7538
571.072	29.397	576.306	0	180	-65.7577
571.143	29.327	576.346	0	180	-65.7616
571.213	29.257	576.386	0	180	-65.7655
571.283	29.1871	576.425	0	180	-65.7694
571.354	29.1171	576.465	0	180	-65.7733
571.424	29.0471	576.505	0	180	-65.7772
571.495	28.9771	576.545	0	180	-65.7811
571.565	28.9072	576.584	0	180	-65.785
571.636	28.8372	576.624	0	180	-65.7889
571.706	28.7672	576.664	0	180	-65.7928
571.777	28.6973	576.704	0	180	-65.7967
571.847	28.6273	576.743	0	180	-65.8006
571.918	28.5573	576.783	0	180	-65.8045
571.988	28.4873	576.823	0	180	-65.8084
572.058	28.4174	576.863	0	180	-65.8123
572.129	28.3474	576.902	0	180	-65.8162
572.199	28.2774	576.942	0	180	-65.8201
572.27	28.2074	576.982	0	180	-65.824
572.34	28.1375	577.022	0	180	-65.8279
572.411	28.0675	577.061	0	180	-65.8318
572.481	27.9975	577.101	0	180	-65.8357
572.552	27.9276	577.141	0	180	-65.8396
572.622	27.8576	577.181	0	180	-65.8435
572.693	27.7876	577.22	0	180	-65.8474
572.763	27.7176	577.26	0	180	-65.8513
572.833	27.6477	577.3	0	180	-65.8553
572.904	27.5777	577.34	0	180	-65.8592
572.974	27.5077	577.379	0	180	-65.8631
573.045	27.4378	577.419	0	180	-65.867
573.115	27.3678	577.459	0	180	-65.8709
573.186	27.2978	577.499	0	180	-65.8748
573.256	27.2278	577.538	0	180	-65.8787
573.327	27.1579	577.578	0	180	-65.8826
573.397	27.0879	577.618	0	180	-65.8865
573.468	27.0179	577.658	0	180	-65.8904
573.538	26.9479	577.697	0	180	-65.8943
573.608	26.878	577.737	0	180	-65.8982
573.679	26.808	577.777	0	180	-65.9021
573.749	26.738	577.817	0	180	-65.906
573.82	26.6681	577.856	0	180	-65.9099
573.89	26.5981	577.896	0	180	-65.9138
573.961	26.5281	577.936	0	180	-65.9177
574.031	26.4581	577.976	0	180	-65.9216
574.102	26.3882	578.015	0	180	-65.9255
574.172	26.3182	578.055	0	180	-65.9294
574.243	26.2482	578.095	0	180	-65.9333
574.313	26.1783	578.135	0	180	-65.9372
574.383	26.1083	578.174	0	180	-65.9411
574.454	26.0383	578.214	0	180	-65.945
574.524	25.9683	578.254	0	180	-65.9489
574.595	25.8984	578.294	0	180	-65.9528
574.665	25.8284	578.333	0	180	-65.9567
574.736	25.7584	578.373	0	180	-65.9606
574.806	25.6884	578.413	0	180	-65.9645
574.877	25.6185	578.453	0	180	-65.9685
574.947	25.5485	578.492	0	180	-65.9724
575.018	25.4785	578.532	0	180	-65.9763
575.088	25.4086	578.572	0	180	-65.9802
575.158	25.3386	578.612	0	180	-65.9841
575.229	25.2686	578.651	0	180	-65.988
575.299	25.1986	578.691	0	180	-65.9919
575.37	25.1287	578.731	0	180	-65.9958
575.44	25.0587	578.771	0	180	-65.9997
575.511	24.9887	578.81	0	180	-66.0036
575.581	24.9188	578.85	0	180	-66.0075
575.652	24.8488	578.89	0	180	-66.0114
575.722	24.7788	578.93	0	180	-66.0153
575.793	24.7088	578.969	0	180	-66.0192
575.863	24.6389	579.009	0	180	-66.0231
575.933	24.5689	579.049	0	180	-66.027
576.004	24.4989	579.089	0	180	-66.0309
576.074	24.4289	579.128	0	180	-66.0348
576.145	24.359	579.168	0	180	-66.0387
576.215	24.289	579.208	0	180	-66.0426
576.286	24.219	579.248	0	180	-66.0465
576.356	24.1491	579.287	0	180	-66.0504
576.427	24.0791	579.327	0	180	-66.0543
576.497	24.0091	579.367	0	180	-66.0582
576.568	23.9391	579.406	0	180	-66.0621
576.638	23.8692	579.446	0	180	-66.066
576.708	23.7992	579.486	0	180	-66.0699
576.779	23.7292	579.526	0	180	-66.0738
576.849	23.6592	579.565	0	180	-66.0777
576.92	23.5893	579.605	0	180	-66.0817
576.99	23.5193	579.645	0	180	-66.0856
577.061	23.4493	579.685	0	180	-66.0895
577.131	23.3794	579.724	0	180	-66.0934
577.202	23.3094	579.764	0	180	-66.0973
577.272	23.2394	579.804	0	180	-66.1012
577.343	23.1694	579.844	0	180	-66.1051
577.413	23.0995	579.883	0	180	-66.109
577.483	23.0295	579.923	0	180	-66.1129
577.554	22.9595	579.963	0	180	-66.1168
577.624	22.8896	580.003	0	180	-66.1207
577.695	22.8196	580.042	0	180	-66.1246
577.765	22.7496	580.082	0	180	-66.1285
577.836	22.6796	580.122	0	180	-66.1324
577.906	22.6097	580.162	0	180	-66.1363
577.977	22.5397	580.201	0	180	-66.1402
578.047	22.4697	580.241	0	180	-66.1441
578.118	22.3997	580.281	0	180	-66.148
578.188	22.3298	580.321	0	180	-66.1519
578.258	22.2598	580.36	0	180	-66.1558
578.329	22.1898	580.4	0	180	-66.1597
578.399	22.1199	580.44	0	180	-66.1636
578.47	22.0499	580.48	0	180	-66.1675
578.54	21.9799	580.519	0	180	-66.1714
578.611	21.9099	580.559	0	180	-66.1753
578.681	21.84	580.599	0	180	-66.1792
578.752	21.77	580.639	0	180	-66.1831
578.822	21.7	580.678	0	180	-66.187
578.893	21.6301	580.718	0	180	-66.1909
578.963	21.5601	580.758	0	180	-66.1949
579.033	21.4901	580.798	0	180	-66.1988
579.104	21.4201	580.837	0	180	-66.2027
579.174	21.3502	580.877	0	180	-66.2066
579.245	21.2802	580.917	0	180	-66.2105
579.315	21.2102	580.957	0	180	-66.2144
579.386	21.1402	580.996	0	180	-66.2183
579.456	21.0703	581.036	0	180	-66.2222
579.527	21.0003	581.076	0	180	-66.2261
579.597	20.9303	581.116	0	180	-66.23
579.668	20.8604	581.155	0	180	-66.2339
579.738	20.7904	581.195	0	180	-66.2378
579.808	20.7204	581.235	0	180	-66.2417
579.879	20.6504	581.275	0	180	-66.2456
579.949	20.5805	581.314	0	180	-66.2495
580.02	20.5105	581.354	0	180	-66.2534
580.09	20.4405	581.394	0	180	-66.2573
580.161	20.3706	581.434	0	180	-66.2612
580.231	20.3006	581.473	0	180	-66.2651
580.302	20.2306	581.513	0	180	-66.269
580.372	20.1606	581.553	0	180	-66.2729
580.443	20.0907	581.593	0	180	-66.2768
580.513	20.0207	581.632	0	180	-66.2807
580.583	19.9507	581.672	0	180	-66.2846
580.654	19.8807	581.712	0	180	-66.2885
580.724	19.8108	581.752	0	180	-66.2924
580.795	19.7408	581.791	0	180	-66.2963
580.865	19.6708	581.831	0	180	-66.3002
580.936	19.6009	581.871	0	180	-66.3041
581.006	19.5309	581.911	0	180	-66.3081
581.077	19.4609	581.95	0	180	-66.312
581.147	19.3909	581.99	0	180	-66.3159
581.217	19.321	582.03	0	180	-66.3198
581.288	19.251	582.07	0	180	-66.3237
581.358	19.181	582.109	0	180	-66.3276
581.429	19.1111	582.149	0	180	-66.3315
581.499	19.0411	582.189	0	180	-66.3354
581.57	18.9711	582.229	0	180	-66.3393
581.64	18.9011	582.268	0	180	-66.3432
581.711	18.8312	582.308	0	180	-66.3471
581.781	18.7612	582.348	0	180	-66.351
581.852	18.6912	582.388	0	180	-66.3549
581.922	18.6212	582.427	0	180	-66.3588
581.992	18.5513	582.467	0	180	-66.3627
582.063	18.4813	582.507	0	180	-66.3666
582.133	18.4113	582.547	0	180	-66.3705
582.204	18.3414	582.586	0	180	-66.3744
582.274	18.2714	582.626	0	180	-66.3783
582.345	18.2014	582.666	0	180	-66.3822
582.415	18.1314	582.706	0	180	-66.3861
582.486	18.0615	582.745	0	180	-66.39
582.556	17.9915	582.785	0	180	-66.3939
582.627	17.9215	582.825	0	180	-66.3978
582.697	17.8515	582.865	0	180	-66.4017
582.767	17.7816	582.904	0	180	-66.4056
582.838	17.7116	582.944	0	180	-66.4095
582.908	17.6416	582.984	0	180	-66.4134
582.979	17.5717	583.024	0	180	-66.4173
583.049	17.5017	583.063	0	180	-66.4213
583.12	17.4317	583.103	0	180	-66.4252
583.19	17.3617	583.143	0	180	-66.4291
583.261	17.2918	583.182	0	180	-66.433
583.331	17.2218	583.222	0	180	-66.4369
583.402	17.1518	583.262	0	180	-66.4408
583.472	17.0819	583.302	0	180	-66.4447
583.542	17.0119	583.341	0	180	-66.4486
583.613	16.9419	583.381	0	180	-66.4525
583.683	16.8719	583.421	0	180	-66.4564
583.754	16.802	583.461	0	180	-66.4603
583.824	16.732	583.5	0	180	-66.4642
583.895	16.662	583.54	0	180	-66.4681
583.965	16.592	583.58	0	180	-66.472
584.036	16.5221	583.62	0	180	-66.4759
584.106	16.4521	583.659	0	180	-66.4798
584.177	16.3821	583.699	0	180	-66.4837
584.247	16.3122	583.739	0	180	-66.4876
584.317	16.2422	583.779	0	180	-66.4915
584.388	16.1722	583.818	0	180	-66.4954
584.458	16.1022	583.858	0	180	-66.4993
584.529	16.0323	583.898	0	180	-66.5032
584.599	15.9623	583.938	0	180	-66.5071
584.67	15.8923	583.977	0	180	-66.511
584.74	15.8224	584.017	0	180	-66.5149
584.811	15.7524	584.057	0	180	-66.5188
584.881	15.6824	584.097	0	180	-66.5227
584.952	15.6124	584.136	0	180	-66.5266
585.022	15.5425	584.176	0	180	-66.5306
585.092	15.4725	584.216	0	180	-66.5345
585.163	15.4025	584.256	0	180	-66.5384
585.233	15.3325	584.295	0	180	-66.5423
585.304	15.2626	584.335	0	180	-66.5462
585.374	15.1926	584.375	0	180	-66.5501
585.445	15.1226	584.415	0	180	-66.554
585.515	15.0527	584.454	0	180	-66.5579
585.586	14.9827	584.494	0	180	-66.5618
585.656	14.9127	584.534	0	180	-66.5657
585.727	14.8427	584.574	0	180	-66.5696
585.797	14.7728	584.613	0	180	-66.5735
585.867	14.7028	584.653	0	180	-66.5774
585.938	14.6328	584.693	0	180	-66.5813
586.008	14.5629	584.733	0	180	-66.5852
586.079	14.4929	584.772	0	180	-66.5891
586.149	14.4229	584.812	0	180	-66.593
586.22	14.3529	584.852	0	180	-66.5969
586.29	14.283	584.892	0	180	-66.6008
586.361	14.213	584.931	0	180	-66.6047
586.431	14.143	584.971	0	180	-66.6086
586.502	14.073	585.011	0	180	-66.6125
586.572	14.0031	585.051	0	180	-66.6164
586.642	13.9331	585.09	0	180	-66.6203
586.713	13.8631	585.13	0	180	-66.6242
586.783	13.7932	585.17	0	180	-66.6281
586.854	13.7232	585.21	0	180	-66.632
586.924	13.6532	585.249	0	180	-66.6359
586.995	13.5832	585.289	0	180	-66.6398
587.065	13.5133	585.329	0	180	-66.6438
587.136	13.4433	585.369	0	180	-66.6477
587.206	13.3733	585.408	0	180	-66.6516
587.277	13.3033	585.448	0	180	-66.6555
587.347	13.2334	585.488	0	180	-66.6594
587.417	13.1634	585.528	0	180	-66.6633
587.488	13.0934	585.567	0	180	-66.6672
587.558	13.0235	585.607	0	180	-66.6711
587.629	12.9535	585.647	0	180	-66.675
587.699	12.8835	585.687	0	180	-66.6789
587.77	12.8135	585.726	0	180	-66.6828
587.84	12.7436	585.766	0	180	-66.6867
587.911	12.6736	585.806	0	180	-66.6906
587.981	12.6036	585.846	0	180	-66.6945
588.052	12.5337	585.885	0	180	-66.6984
588.122	12.4637	585.925	0	180	-66.7023
588.192	12.3937	585.965	0	180	-66.7062
588.263	12.3237	586.005	0	180	-66.7101
588.333	12.2538	586.044	0	180	-66.714
588.404	12.1838	586.084	0	180	-66.7179
588.474	12.1138	586.124	0	180	-66.7218
588.545	12.0438	586.164	0	180	-66.7257
588.615	11.9739	586.203	0	180	-66.7296
588.686	11.9039	586.243	0	180	-66.7335
588.756	11.8339	586.283	0	180	-66.7374
588.827	11.764	586.323	0	180	-66.7413
588.897	11.694	586.362	0	180	-66.7452
588.967	11.624	586.402	0	180	-66.7491
589.038	11.554	586.442	0	180	-66.753
589.108	11.4841	586.482	0	180	-66.757
589.179	11.4141	586.521	0	180	-66.7609
589.249	11.3441	586.561	0	180	-66.7648
589.32	11.2742	586.601	0	180	-66.7687
589.39	11.2042	586.641	0	180	-66.7726
589.461	11.1342	586.68	0	180	-66.7765
589.531	11.0642	586.72	0	180	-66.7804
589.602	10.9943	586.76	0	180	-66.7843
589.672	10.9243	586.799	0	180	-66.7882
589.742	10.8543	586.839	0	180	-66.7921
589.813	10.7843	586.879	0	180	-66.796
589.883	10.7144	586.919	0	180	-66.7999
589.954	10.6444	586.958	0	180	-66.8038
590.024	10.5744	586.998	0	180	-66.8077
590.095	10.5045	587.038	0	180	-66.8116
590.165	10.4345	587.078	0	180	-66.8155
590.236	10.3645	587.117	0	180	-66.8194
590.306	10.2945	587.157	0	180	-66.8233
590.377	10.2246	587.197	0	180	-66.8272
590.447	10.1546	587.237	0	180	-66.8311
590.517	10.0846	587.276	0	180	-66.835
590.588	10.0147	587.316	0	180	-66.8389
590.658	9.94468	587.356	0	180	-66.8428
590.729	9.87471	587.396	0	180	-66.8467
590.799	9.80473	587.435	0	180	-66.8506
590.87	9.73476	587.475	0	180	-66.8545
590.94	9.66479	587.515	0	180	-66.8584
591.011	9.59482	587.555	0	180	-66.8623
591.081	9.52484	587.594	0	180	-66.8662
591.152	9.45487	587.634	0	180	-66.8702
591.222	9.3849	587.674	0	180	-66.8741
591.292	9.31493	587.714	0	180	-66.878
591.363	9.24496	587.753	0	180	-66.8819
591.433	9.17498	587.793	0	180	-66.8858
591.504	9.10501	587.833	0	180	-66.8897
591.574	9.03504	587.873	0	180	-66.8936
591.645	8.96507	587.912	0	180	-66.8975
591.715	8.89509	587.952	0	180	-66.9014
591.786	8.82512	587.992	0	180	-66.9053
591.856	8.75515	588.032	0	180	-66.9092
591.927	8.68518	588.071	0	180	-66.9131
591.997	8.6152	588.111	0	180	-66.917
592.067	8.54523	588.151	0	180	-66.9209
592.138	8.47526	588.191	0	180	-66.9248
592.208	8.40529	588.23	0	180	-66.9287
592.279	8.33532	588.27	0	180	-66.9326
592.349	8.26534	588.31	0	180	-66.9365
592.42	8.19537	588.35	0	180	-66.9404
592.49	8.1254	588.389	0	180	-66.9443
592.561	8.05543	588.429	0	180	-66.9482
592.631	7.98545	588.469	0	180	-66.9521
592.702	7.91548	588.509	0	180	-66.956
592.772	7.84551	588.548	0	180	-66.9599
592.842	7.77554	588.588	0	180	-66.9638
592.913	7.70556	588.628	0	180	-66.9677
592.983	7.63559	588.668	0	180	-66.9716
593.054	7.56562	588.707	0	180	-66.9755
593.124	7.49565	588.747	0	180	-66.9794
593.195	7.42568	588.787	0	180	-66.9834
593.265	7.3557	588.827	0	180	-66.9873
593.336	7.28573	588.866	0	180	-66.9912
593.406	7.21576	588.906	0	180	-66.9951
593.477	7.14579	588.946	0	180	-66.999
593.547	7.07581	588.986	0	180	-67.0029
593.617	7.00584	589.025	0	180	-67.0068
593.688	6.93587	589.065	0	180	-67.0107
593.758	6.8659	589.105	0	180	-67.0146
593.829	6.79593	589.145	0	180	-67.0185
593.899	6.72595	589.184	0	180	-67.0224
593.97	6.65598	589.224	0	180	-67.0263
594.04	6.58601	589.264	0	180	-67.0302
594.111	6.51604	589.304	0	180	-67.0341
594.181	6.44606	589.343	0	180	-67.038
594.251	6.37609	589.383	0	180	-67.0419
594.322	6.30612	589.423	0	180	-67.0458
594.392	6.23615	589.463	0	180	-67.0497
594.463	6.16617	589.502	0	180	-67.0536
594.533	6.0962	589.542	0	180	-67.0575
594.604	6.02623	589.582	0	180	-67.0614
594.674	5.95626	589.622	0	180	-67.0653
594.745	5.88629	589.661	0	180	-67.0692
594.815	5.81631	589.701	0	180	-67.0731
594.886	5.74634	589.741	0	180	-67.077
594.956	5.67637	589.781	0	180	-67.0809
595.026	5.6064	589.82	0	180	-67.0848
595.097	5.53642	589.86	0	180	-67.0887
595.167	5.46645	589.9	0	180	-67.0926
595.238	5.39648	589.94	0	180	-67.0966
595.308	5.32651	589.979	0	180	-67.1005
595.379	5.25653	590.019	0	180	-67.1044
595.449	5.18656	590.059	0	180	-67.1083
595.52	5.11659	590.099	0	180	-67.1122
595.59	5.04662	590.138	0	180	-67.1161
595.661	4.97665	590.178	0	180	-67.12
595.731	4.90667	590.218	0	180	-67.1239
595.801	4.8367	590.258	0	180	-67.1278
595.872	4.76673	590.297	0	180	-67.1317
595.942	4.69676	590.337	0	180	-67.1356
596.013	4.62678	590.377	0	180	-67.1395
596.083	4.55681	590.416	0	180	-67.1434
596.154	4.48684	590.456	0	180	-67.1473
596.224	4.41687	590.496	0	180	-67.1512
596.295	4.34689	590.536	0	180	-67.1551
596.365	4.27692	590.575	0	180	-67.159
596.436	4.20695	590.615	0	180	-67.1629
596.506	4.13698	590.655	0	180	-67.1668
596.576	4.06701	590.695	0	180	-67.1707
596.647	3.99703	590.734	0	180	-67.1746
596.717	3.92706	590.774	0	180	-67.1785
596.788	3.85709	590.814	0	180	-67.1824
596.858	3.78712	590.854	0	180	-67.1863
596.929	3.71714	590.893	0	180	-67.1902
596.999	3.64717	590.933	0	180	-67.1941
597.07	3.5772	590.973	0	180	-67.198
597.14	3.50723	591.013	0	180	-67.2019
597.211	3.43725	591.052	0	180	-67.2058
597.281	3.36728	591.092	0	180	-67.2098
597.351	3.29731	591.132	0	180	-67.2137
597.422	3.22734	591.172	0	180	-67.2176
597.492	3.15737	591.211	0	180	-67.2215
597.563	3.08739	591.251	0	180	-67.2254
597.633	3.01742	591.291	0	180	-67.2293
597.704	2.94745	591.331	0	180	-67.2332
597.774	2.87748	591.37	0	180	-67.2371
597.845	2.8075	591.41	0	180	-67.241
597.915	2.73753	591.45	0	180	-67.2449
597.986	2.66756	591.49	0	180	-67.2488
598.056	2.59759	591.529	0	180	-67.2527
598.126	2.52761	591.569	0	180	-67.2566
598.197	2.45764	591.607	0	180	-67.2605
598.267	2.38767	591.645	0	180	-67.2644
598.338	2.3177	591.681	0	180	-67.2683
598.408	2.24773	591.716	0	180	-67.2722
598.479	2.17775	591.751	0	180	-67.2761
598.549	2.10778	591.784	0	180	-67.28
598.62	2.03781	591.816	0	180	-67.2839
598.69	1.96784	591.848	0	180	-67.2878
598.761	1.89786	591.878	0	180	-67.2917
598.831	1.82789	591.908	0	180	-67.2956
598.901	1.75792	591.936	0	180	-67.2995
598.972	1.68795	591.963	0	180	-67.3034
599.042	1.61797	591.99	0	180	-67.3073
599.113	1.548	592.015	0	180	-67.3112
599.183	1.47803	592.039	0	180	-67.3151
599.254	1.40806	592.063	0	180	-67.319
599.324	1.33809	592.085	0	180	-67.323
599.395	1.26811	592.107	0	180	-67.3269
599.465	1.19814	592.127	0	180	-67.3308
599.536	1.12817	592.146	0	180	-67.3347
599.606	1.0582	592.165	0	180	-67.3386
599.676	0.988224	592.182	0	180	-67.3425
599.747	0.918252	592.198	0	180	-67.3464
599.817	0.848279	592.214	0	180	-67.3503
599.888	0.778307	592.228	0	180	-67.3542
599.958	0.708335	592.242	0	180	-67.3581
600.029	0.638362	592.254	0	180	-67.362
600.099	0.56839	592.265	0	180	-67.3659
600.17	0.498418	592.276	0	180	-67.3698
600.24	0.428446	592.285	0	180	-67.3737
600.311	0.358473	592.293	0	180	-67.3776
600.381	0.288501	592.301	0	180	-67.3815
600.451	0.218529	592.307	0	180	-67.3854
600.522	0.148556	592.313	0	180	-67.3893
600.592	0.078584	592.317	0	180	-67.3932
600.663	0.00861174	592.32	0	180	-67.3971
600.733	-0.0613606	592.323	0	180	-67.401
600.804	-0.131333	592.324	0	180	-67.4049
600.874	-0.201305	592.324	0	180	-67.4088
600.945	-0.271277	592.324	0	180	-67.4127
601.015	-0.34125	592.322	0	180	-67.4166
601.086	-0.411222	592.32	0	180	-67.4205
601.156	-0.481194	592.316	0	180	-67.4244
601.226	-0.551167	592.311	0	180	-67.4283
601.297	-0.621139	592.306	0	180	-67.4322
601.367	-0.691111	592.299	0	180	-67.4362
601.438	-0.761084	592.292	0	180	-67.4401
601.508	-0.831056	592.283	0	180	-67.444
601.579	-0.901028	592.273	0	180	-67.4479
601.649	-0.971	592.263	0	180	-67.4518
601.72	-1.04097	592.251	0	180	-67.4557
601.79	-1.11095	592.238	0	180	-67.4596
601.861	-1.18092	592.225	0	180	-67.4635
601.931	-1.25089	592.21	0	180	-67.4674
602.001	-1.32086	592.195	0	180	-67.4713
602.072	-1.39083	592.178	0	180	-67.4752
602.142	-1.46081	592.16	0	180	-67.4791
602.213	-1.53078	592.142	0	180	-67.483
602.283	-1.60075	592.122	0	180	-67.4869
602.354	-1.67072	592.101	0	180	-67.4908
602.424	-1.7407	592.08	0	180	-67.4947
602.495	-1.81067	592.057	0	180	-67.4986
602.565	-1.88064	592.034	0	180	-67.5025
602.636	-1.95061	592.009	0	180	-67.5064
602.706	-2.02059	591.983	0	180	-67.5103
602.776	-2.09056	591.957	0	180	-67.5142
602.847	-2.16053	591.929	0	180	-67.5181
602.917	-2.2305	591.9	0	180	-67.522
602.988	-2.30047	591.871	0	180	-67.5259
603.058	-2.37045	591.84	0	180	-67.5298
603.129	-2.44042	591.809	0	180	-67.5337
603.199	-2.51039	591.776	0	180	-67.5376
603.27	-2.58036	591.742	0	180	-67.5415
603.34	-2.65034	591.708	0	180	-67.5455
603.411	-2.72031	591.672	0	180	-67.5494
603.481	-2.79028	591.635	0	180	-67.5533
603.551	-2.86025	591.598	0	180	-67.5572
603.622	-2.93022	591.559	0	180	-67.5611
603.692	-3.0002	591.52	0	180	-67.565
603.763	-3.07017	591.479	0	180	-67.5689
603.833	-3.14014	591.437	0	180	-67.5728
603.904	-3.21011	591.395	0	180	-67.5767
603.974	-3.28009	591.351	0	180	-67.5806
604.045	-3.35006	591.306	0	180	-67.5845
604.115	-3.42003	591.261	0	180	-67.5884
604.186	-3.49	591.214	0	180	-67.5923
604.256	-3.55998	591.167	0	180	-67.5962
604.326	-3.62995	591.118	0	180	-67.6001
604.397	-3.69992	591.068	0	180	-67.604
604.467	-3.76989	591.018	0	180	-67.6079
604.538	-3.83986	590.966	0	180	-67.6118
604.608	-3.90984	590.913	0	180	-67.6157
604.679	-3.97981	590.86	0	180	-67.6196
604.749	-4.04978	590.805	0	180	-67.6235
604.82	-4.11975	590.75	0	180	-67.6274
604.89	-4.18958	590.693	0	180	-67.6313
604.959	-4.25851	590.635	0	180	-67.6352
605.028	-4.32645	590.577	0	180	-67.6391
605.095	-4.39338	590.517	0	180	-67.643
605.161	-4.45931	590.457	0	180	-67.6469
605.227	-4.52424	590.395	0	180	-67.6507
605.291	-4.58818	590.332	0	180	-67.6537
605.355	-4.65111	590.269	0	180	-67.6559
605.417	-4.71304	590.204	0	180	-67.658
605.478	-4.77397	590.138	0	180	-67.6601
605.539	-4.83391	590.072	0	180	-67.6623
605.598	-4.89284	590.004	0	180	-67.6644
605.657	-4.95097	589.936	0	180	-67.6666
605.715	-5.00904	589.866	0	180	-67.6687
605.774	-5.06711	589.795	0	180	-67.6708
605.832	-5.12518	589.724	0	180	-67.673
605.89	-5.18325	589.651	0	180	-67.6751
605.949	-5.24132	589.577	0	180	-67.6773
606.007	-5.29939	589.503	0	180	-67.6794
606.066	-5.35746	589.427	0	180	-67.6815
606.124	-5.41553	589.351	0	180	-67.6837
606.183	-5.4736	589.273	0	180	-67.6858
606.241	-5.53167	589.194	0	180	-67.688
606.3	-5.58974	589.115	0	180	-67.6901
606.358	-5.6478	589.034	0	180	-67.6922
606.417	-5.70587	588.952	0	180	-67.6944
606.475	-5.76394	588.87	0	180	-67.6965
606.534	-5.82201	588.786	0	180	-67.6987
606.592	-5.88008	588.702	0	180	-67.7008
606.651	-5.93815	588.616	0	180	-67.703
606.709	-5.99622	588.529	0	180	-67.7051
606.768	-6.05429	588.442	0	180	-67.7072
606.826	-6.11236	588.353	0	180	-67.7094
606.884	-6.17043	588.263	0	180	-67.7115
606.943	-6.2285	588.173	0	180	-67.7137
607.001	-6.28657	588.081	0	180	-67.7158
607.06	-6.34463	587.989	0	180	-67.7179
607.118	-6.4027	587.895	0	180	-67.7201
607.177	-6.46077	587.8	0	180	-67.7222
607.235	-6.51884	587.705	0	180	-67.7244
607.294	-6.57691	587.608	0	180	-67.7265
607.352	-6.63498	587.51	0	180	-67.7286
607.411	-6.69305	587.412	0	180	-67.7308
607.469	-6.75112	587.312	0	180	-67.7329
607.528	-6.80919	587.212	0	180	-67.7351
607.586	-6.86726	587.11	0	180	-67.7372
607.645	-6.92533	587.007	0	180	-67.7393
607.703	-6.9834	586.904	0	180	-67.7415
607.762	-7.04147	586.799	0	180	-67.7436
607.82	-7.09953	586.693	0	180	-67.7458
607.879	-7.1576	586.587	0	180	-67.7479
607.937	-7.21567	586.479	0	180	-67.75
607.995	-7.27374	586.371	0	180	-67.7522
608.054	-7.33181	586.261	0	180	-67.7543
608.112	-7.38988	586.15	0	180	-67.7565
608.171	-7.44795	586.039	0	180	-67.7586
608.229	-7.50602	585.926	0	180	-67.7608
608.288	-7.56409	585.813	0	180	-67.7629
608.346	-7.62216	585.698	0	180	-67.765
608.405	-7.68023	585.582	0	180	-67.7672
608.463	-7.7383	585.466	0	180	-67.7693
608.522	-7.79637	585.348	0	180	-67.7715
608.58	-7.85443	585.229	0	180	-67.7736
608.639	-7.9125	585.11	0	180	-67.7757
608.697	-7.97057	584.989	0	180	-67.7779
608.756	-8.02864	584.868	0	180	-67.78
608.814	-8.08671	584.745	0	180	-67.7822
608.873	-8.14478	584.621	0	180	-67.7843
608.931	-8.20285	584.497	0	180	-67.7864
608.99	-8.26092	584.371	0	180	-67.7886
609.048	-8.31899	584.244	0	180	-67.7907
609.106	-8.37706	584.117	0	180	-67.7929
609.165	-8.43513	583.988	0	180	-67.795
609.223	-8.4932	583.859	0	180	-67.7971
609.282	-8.55127	583.728	0	180	-67.7993
609.34	-8.60933	583.596	0	180	-67.8014
609.399	-8.6674	583.464	0	180	-67.8036
609.457	-8.72547	583.33	0	180	-67.8057
609.516	-8.78354	583.195	0	180	-67.8079
609.574	-8.84161	583.06	0	180	-67.81
609.633	-8.89968	582.923	0	180	-67.8121
609.691	-8.95775	582.786	0	180	-67.8143
609.75	-9.01582	582.647	0	180	-67.8164
609.808	-9.07389	582.507	0	180	-67.8186
609.867	-9.13196	582.367	0	180	-67.8207
609.925	-9.19003	582.225	0	180	-67.8228
609.984	-9.2481	582.082	0	180	-67.825
610.042	-9.30617	581.939	0	180	-67.8271
610.1	-9.36423	581.794	0	180	-67.8293
610.159	-9.4223	581.649	0	180	-67.8314
610.217	-9.48037	581.502	0	180	-67.8335
610.276	-9.53844	581.354	0	180	-67.8357
610.334	-9.59651	581.206	0	180	-67.8378
610.393	-9.65458	581.056	0	180	-67.84
610.451	-9.71265	580.905	0	180	-67.8421
610.51	-9.77072	580.754	0	180	-67.8442
610.568	-9.82879	580.601	0	180	-67.8464
610.627	-9.88686	580.448	0	180	-67.8485
610.685	-9.94493	580.293	0	180	-67.8507
610.744	-10.003	580.137	0	180	-67.8528
610.802	-10.0611	579.981	0	180	-67.855
610.861	-10.1191	579.823	0	180	-67.8571
610.919	-10.1772	579.664	0	180	-67.8592
610.978	-10.2353	579.505	0	180	-67.8614
611.036	-10.2933	579.344	0	180	-67.8635
611.095	-10.3514	579.183	0	180	-67.8657
611.153	-10.4095	579.02	0	180	-67.8678
611.211	-10.4675	578.856	0	180	-67.8699
611.27	-10.5256	578.692	0	180	-67.8721
611.328	-10.5837	578.527	0	180	-67.8742
611.387	-10.6418	578.362	0	180	-67.8764
611.445	-10.6998	578.197	0	180	-67.8785
611.504	-10.7579	578.033	0	180	-67.8806
611.562	-10.816	577.868	0	180	-67.8828
611.621	-10.874	577.703	0	180	-67.8849
611.679	-10.9321	577.538	0	180	-67.8871
611.738	-10.9902	577.373	0	180	-67.8892
611.796	-11.0482	577.208	0	180	-67.8913
611.855	-11.1063	577.044	0	180	-67.8935
611.913	-11.1644	576.879	0	180	-67.8956
611.972	-11.2224	576.714	0	180	-67.8978
612.03	-11.2805	576.549	0	180	-67.8999
612.089	-11.3386	576.384	0	180	-67.9021
612.147	-11.3967	576.22	0	180	-67.9042
612.206	-11.4547	576.055	0	180	-67.9063
612.264	-11.5128	575.89	0	180	-67.9085
612.322	-11.5709	575.725	0	180	-67.9106
612.381	-11.6289	575.56	0	180	-67.9128
612.439	-11.687	575.395	0	180	-67.9149
612.498	-11.7451	575.231	0	180	-67.917
612.556	-11.8031	575.066	0	180	-67.9192
612.615	-11.8612	574.901	0	180	-67.9213
612.673	-11.9193	574.736	0	180	-67.9235
612.732	-11.9773	574.571	0	180	-67.9256
612.79	-12.0354	574.407	0	180	-67.9277
612.849	-12.0935	574.242	0	180	-67.9299
612.907	-12.1516	574.077	0	180	-67.932
612.966	-12.2096	573.912	0	180	-67.9342
613.024	-12.2677	573.747	0	180	-67.9363
613.083	-12.3258	573.582	0	180	-67.9384
613.141	-12.3838	573.418	0	180	-67.9406
613.2	-12.4419	573.253	0	180	-67.9427
613.258	-12.5	573.088	0	180	-67.9449
613.316	-12.558	572.923	0	180	-67.947
613.375	-12.6161	572.758	0	180	-67.9492
613.433	-12.6742	572.594	0	180	-67.9513
613.492	-12.7322	572.429	0	180	-67.9534
613.55	-12.7903	572.264	0	180	-67.9556
613.609	-12.8484	572.099	0	180	-67.9577
613.667	-12.9065	571.934	0	180	-67.9599
613.726	-12.9645	571.77	0	180	-67.962
613.784	-13.0226	571.605	0	180	-67.9641
613.843	-13.0807	571.44	0	180	-67.9663
613.901	-13.1387	571.275	0	180	-67.9684
613.96	-13.1968	571.11	0	180	-67.9706
614.018	-13.2549	570.945	0	180	-67.9727
614.077	-13.3129	570.781	0	180	-67.9748
614.135	-13.371	570.616	0	180	-67.977
614.194	-13.4291	570.451	0	180	-67.9791
614.252	-13.4871	570.286	0	180	-67.9813
614.311	-13.5452	570.121	0	180	-67.9834
614.369	-13.6033	569.957	0	180	-67.9855
614.427	-13.6614	569.792	0	180	-67.9877
614.486	-13.7194	569.627	0	180	-67.9898
614.544	-13.7775	569.462	0	180	-67.992
614.603	-13.8356	569.297	0	180	-67.9941
614.661	-13.8936	569.132	0	180	-67.9962
614.72	-13.9517	568.968	0	180	-67.9984
614.778	-14.0098	568.803	0	180	-68.0005
614.837	-14.0678	568.638	0	180	-68.0027
614.895	-14.1259	568.473	0	180	-68.0048
614.954	-14.184	568.308	0	180	-68.007
615.012	-14.242	568.144	0	180	-68.0091
615.071	-14.3001	567.979	0	180	-68.0112
615.129	-14.3582	567.814	0	180	-68.0134
615.188	-14.4163	567.649	0	180	-68.0155
615.246	-14.4743	567.484	0	180	-68.0177
615.305	-14.5324	567.319	0	180	-68.0198
615.363	-14.5905	567.155	0	180	-68.0219
615.422	-14.6485	566.99	0	180	-68.0241
615.48	-14.7066	566.825	0	180	-68.0262
615.538	-14.7647	566.66	0	180	-68.0284
615.597	-14.8227	566.495	0	180	-68.0305
615.655	-14.8808	566.331	0	180	-68.0326
615.714	-14.9389	566.166	0	180	-68.0348
615.772	-14.9969	566.001	0	180	-68.0369
615.831	-15.055	565.836	0	180	-68.0391
615.889	-15.1131	565.671	0	180	-68.0412
615.948	-15.1712	565.506	0	180	-68.0433
616.006	-15.2292	565.342	0	180	-68.0455
616.065	-15.2873	565.177	0	180	-68.0476
616.123	-15.3454	565.012	0	180	-68.0498
616.182	-15.4034	564.847	0	180	-68.0519
616.24	-15.4615	564.682	0	180	-68.0541
616.299	-15.5196	564.518	0	180	-68.0562
616.357	-15.5776	564.353	0	180	-68.0583
616.416	-15.6357	564.188	0	180	-68.0605
616.474	-15.6938	564.023	0	180	-68.0626
616.532	-15.7518	563.858	0	180	-68.0648
616.591	-15.8099	563.694	0	180	-68.0669
616.649	-15.868	563.529	0	180	-68.069
616.708	-15.9261	563.364	0	180	-68.0712
616.766	-15.9841	563.199	0	180	-68.0733
616.825	-16.0422	563.034	0	180	-68.0755
616.883	-16.1003	562.869	0	180	-68.0776
616.942	-16.1583	562.705	0	180	-68.0797
617	-16.2164	562.54	0	180	-68.0819
617.059	-16.2745	562.375	0	180	-68.084
617.117	-16.3325	562.21	0	180	-68.0862
617.176	-16.3906	562.045	0	180	-68.0883
617.234	-16.4487	561.881	0	180	-68.0904
617.293	-16.5067	561.716	0	180	-68.0926
617.351	-16.5648	561.551	0	180	-68.0947
617.41	-16.6229	561.386	0	180	-68.0969
617.468	-16.681	561.221	0	180	-68.099
617.527	-16.739	561.056	0	180	-68.1012
617.585	-16.7971	560.892	0	180	-68.1033
617.643	-16.8552	560.727	0	180	-68.1054
617.702	-16.9132	560.562	0	180	-68.1076
617.76	-16.9713	560.397	0	180	-68.1097
617.819	-17.0294	560.232	0	180	-68.1119
617.877	-17.0874	560.068	0	180	-68.114
617.936	-17.1455	559.903	0	180	-68.1161
617.994	-17.2036	559.738	0	180	-68.1183
618.053	-17.2616	559.573	0	180	-68.1204
618.111	-17.3197	559.408	0	180	-68.1226
618.17	-17.3778	559.243	0	180	-68.1247
618.228	-17.4359	559.079	0	180	-68.1268
618.287	-17.4939	558.914	0	180	-68.129
618.345	-17.552	558.749	0	180	-68.1311
618.404	-17.6101	558.584	0	180	-68.1333
618.462	-17.6681	558.419	0	180	-68.1354
618.521	-17.7262	558.255	0	180	-68.1375
618.579	-17.7843	558.09	0	180	-68.1397
618.637	-17.8423	557.925	0	180	-68.1418
618.696	-17.9004	557.76	0	180	-68.144
618.754	-17.9585	557.595	0	180	-68.1461
618.813	-18.0165	557.43	0	180	-68.1483
618.871	-18.0746	557.266	0	180	-68.1504
618.93	-18.1327	557.101	0	180	-68.1525
618.988	-18.1908	556.936	0	180	-68.1547
619.047	-18.2488	556.771	0	180	-68.1568
619.105	-18.3069	556.606	0	180	-68.159
619.164	-18.365	556.442	0	180	-68.1611
619.222	-18.423	556.277	0	180	-68.1632
619.281	-18.4811	556.112	0	180	-68.1654
619.339	-18.5392	555.947	0	180	-68.1675
619.398	-18.5972	555.782	0	180	-68.1697
619.456	-18.6553	555.618	0	180	-68.1718
619.515	-18.7134	555.453	0	180	-68.1739
619.573	-18.7714	555.288	0	180	-68.1761
619.632	-18.8295	555.123	0	180	-68.1782
619.69	-18.8876	554.958	0	180	-68.1804
619.748	-18.9457	554.793	0	180	-68.1825
619.807	-19.0037	554.629	0	180	-68.1846
619.865	-19.0618	554.464	0	180	-68.1868
619.924	-19.1199	554.299	0	180	-68.1889
619.982	-19.1779	554.134	0	180	-68.1911
620.041	-19.236	553.969	0	180	-68.1932
620.099	-19.2941	553.805	0	180	-68.1954
620.158	-19.3521	553.64	0	180	-68.1975
620.216	-19.4102	553.475	0	180	-68.1996
620.275	-19.4683	553.31	0	180	-68.2018
620.333	-19.5263	553.145	0	180	-68.2039
620.392	-19.5844	552.98	0	180	-68.2061
620.45	-19.6425	552.816	0	180	-68.2082
620.509	-19.7006	552.651	0	180	-68.2103
620.567	-19.7586	552.486	0	180	-68.2125
620.626	-19.8167	552.321	0	180	-68.2146
620.684	-19.8748	552.156	0	180	-68.2168
620.743	-19.9328	551.992	0	180	-68.2189
620.801	-19.9909	551.827	0	180	-68.221
620.859	-20.049	551.662	0	180	-68.2232
620.918	-20.107	551.497	0	180	-68.2253
620.976	-20.1651	551.332	0	180	-68.2275
621.035	-20.2232	551.167	0	180	-68.2296
621.093	-20.2812	551.003	0	180	-68.2317
621.152	-20.3393	550.838	0	180	-68.2339
621.21	-20.3974	550.673	0	180	-68.236
621.269	-20.4555	550.508	0	180	-68.2382
621.327	-20.5135	550.343	0	180	-68.2403
621.386	-20.5716	550.179	0	180	-68.2425
621.444	-20.6297	550.014	0	180	-68.2446
621.503	-20.6877	549.849	0	180	-68.2467
621.561	-20.7458	549.684	0	180	-68.2489
621.62	-20.8039	549.519	0	180	-68.251
621.678	-20.8619	549.354	0	180	-68.2532
621.737	-20.92	549.19	0	180	-68.2553
621.795	-20.9781	549.025	0	180	-68.2574
621.853	-21.0361	548.86	0	180	-68.2596
621.912	-21.0942	548.695	0	180	-68.2617
621.97	-21.1523	548.53	0	180	-68.2639
622.029	-21.2104	548.366	0	180	-68.266
622.087	-21.2684	548.201	0	180	-68.2681
622.146	-21.3265	548.036	0	180	-68.2703
622.204	-21.3846	547.871	0	180	-68.2724
622.263	-21.4426	547.706	0	180	-68.2746
622.321	-21.5007	547.542	0	180	-68.2767
622.38	-21.5588	547.377	0	180	-68.2788
622.438	-21.6168	547.212	0	180	-68.281
622.497	-21.6749	547.047	0	180	-68.2831
622.555	-21.733	546.882	0	180	-68.2853
622.614	-21.791	546.717	0	180	-68.2874
622.672	-21.8491	546.553	0	180	-68.2895
622.731	-21.9072	546.388	0	180	-68.2917
622.789	-21.9653	546.223	0	180	-68.2938
622.848	-22.0233	546.058	0	180	-68.296
622.906	-22.0814	545.893	0	180	-68.2981
622.964	-22.1395	545.729	0	180	-68.3003
623.023	-22.1975	545.564	0	180	-68.3024
623.081	-22.2556	545.399	0	180	-68.3045
623.14	-22.3137	545.234	0	180	-68.3067
623.198	-22.3717	545.069	0	180	-68.3088
623.257	-22.4298	544.904	0	180	-68.311
623.315	-22.4879	544.74	0	180	-68.3131
623.374	-22.5459	544.575	0	180	-68.3152
623.432	-22.604	544.41	0	180	-68.3174
623.491	-22.6621	544.245	0	180	-68.3195
623.549	-22.7202	544.08	0	180	-68.3217
623.608	-22.7782	543.916	0	180	-68.3238
623.666	-22.8363	543.751	0	180	-68.3259
623.725	-22.8944	543.586	0	180	-68.3281
623.783	-22.9524	543.421	0	180	-68.3302
623.842	-23.0105	543.256	0	180	-68.3324
623.9	-23.0686	543.091	0	180	-68.3345
623.959	-23.1266	542.927	0	180	-68.3366
624.017	-23.1847	542.762	0	180	-68.3388
624.075	-23.2428	542.597	0	180	-68.3409
624.134	-23.3008	542.432	0	180	-68.3431
624.192	-23.3589	542.267	0	180	-68.3452
624.251	-23.417	542.103	0	180	-68.3474
624.309	-23.4751	541.938	0	180	-68.3495
624.368	-23.5331	541.773	0	180	-68.3516
624.426	-23.5912	541.608	0	180	-68.3538
624.485	-23.6493	541.443	0	180	-68.3559
624.543	-23.7073	541.278	0	180	-68.3581
624.602	-23.7654	541.114	0	180	-68.3602
624.66	-23.8235	540.949	0	180	-68.3623
624.719	-23.8815	540.784	0	180	-68.3645
624.777	-23.9396	540.619	0	180	-68.3666
624.836	-23.9977	540.454	0	180	-68.3688
624.894	-24.0557	540.29	0	180	-68.3709
624.953	-24.1138	540.125	0	180	-68.373
625.011	-24.1719	539.96	0	180	-68.3752
625.069	-24.23	539.795	0	180	-68.3773
625.128	-24.288	539.63	0	180	-68.3795
625.186	-24.3461	539.466	0	180	-68.3816
625.245	-24.4042	539.301	0	180	-68.3837
625.303	-24.4622	539.136	0	180	-68.3859
625.362	-24.5203	538.971	0	180	-68.388
625.42	-24.5784	538.806	0	180	-68.3902
625.479	-24.6364	538.641	0	180	-68.3923
625.537	-24.6945	538.477	0	180	-68.3945
625.596	-24.7526	538.312	0	180	-68.3966
625.654	-24.8106	538.147	0	180	-68.3987
625.713	-24.8687	537.982	0	180	-68.4009
625.771	-24.9268	537.817	0	180	-68.403
625.83	-24.9849	537.653	0	180	-68.4052
625.888	-25.0429	537.488	0	180	-68.4073
625.947	-25.101	537.323	0	180	-68.4094
626.005	-25.1591	537.158	0	180	-68.4116
626.064	-25.2171	536.993	0	180	-68.4137
626.122	-25.2752	536.828	0	180	-68.4159
626.18	-25.3333	536.664	0	180	-68.418
626.239	-25.3913	536.499	0	180	-68.4201
626.297	-25.4494	536.334	0	180	-68.4223
626.356	-25.5075	536.169	0	180	-68.4244
626.414	-25.5655	536.004	0	180	-68.4266
626.473	-25.6236	535.84	0	180	-68.4287
626.531	-25.6817	535.675	0	180	-68.4308
626.59	-25.7398	535.51	0	180	-68.433
626.648	-25.7978	535.345	0	180	-68.4351
626.707	-25.8559	535.18	0	180	-68.4373
626.765	-25.914	535.015	0	180	-68.4394
626.824	-25.972	534.851	0	180	-68.4416
626.882	-26.0301	534.686	0	180	-68.4437
626.941	-26.0882	534.521	0	180	-68.4458
626.999	-26.1462	534.356	0	180	-68.448
627.058	-26.2043	534.191	0	180	-68.4501
627.116	-26.2624	534.027	0	180	-68.4523
627.175	-26.3204	533.862	0	180	-68.4544
627.233	-26.3785	533.697	0	180	-68.4565
627.291	-26.4366	533.532	0	180	-68.4587
627.35	-26.4947	533.367	0	180	-68.4608
627.408	-26.5527	533.202	0	180	-68.463
627.467	-26.6108	533.038	0	180	-68.4651
627.525	-26.6689	532.873	0	180	-68.4672
627.584	-26.7269	532.708	0	180	-68.4694
627.642	-26.785	532.543	0	180	-68.4715
627.701	-26.8431	532.378	0	180	-68.4737
627.759	-26.9011	532.214	0	180	-68.4758
627.818	-26.9592	532.049	0	180	-68.4779
627.876	-27.0173	531.884	0	180	-68.4801
627.935	-27.0753	531.719	0	180	-68.4822
627.993	-27.1334	531.554	0	180	-68.4844
628.052	-27.1915	531.39	0	180	-68.4865
628.11	-27.2496	531.225	0	180	-68.4887
628.169	-27.3076	531.06	0	180	-68.4908
628.227	-27.3657	530.895	0	180	-68.4929
628.285	-27.4238	530.73	0	180	-68.4951
628.344	-27.4818	530.565	0	180	-68.4972
628.402	-27.5399	530.401	0	180	-68.4994
628.461	-27.598	530.236	0	180	-68.5015
628.519	-27.656	530.071	0	180	-68.5036
628.578	-27.7141	529.906	0	180	-68.5058
628.636	-27.7722	529.741	0	180	-68.5079
628.695	-27.8302	529.577	0	180	-68.5101
628.753	-27.8883	529.412	0	180	-68.5122
628.812	-27.9464	529.247	0	180	-68.5143
628.87	-28.0045	529.082	0	180	-68.5165
628.929	-28.0625	528.917	0	180	-68.5186
628.987	-28.1206	528.752	0	180	-68.5208
629.046	-28.1787	528.588	0	180	-68.5229
629.104	-28.2367	528.423	0	180	-68.525
629.163	-28.2948	528.258	0	180	-68.5272
629.221	-28.3529	528.093	0	180	-68.5293
629.28	-28.4109	527.928	0	180	-68.5315
629.338	-28.469	527.764	0	180	-68.5336
629.396	-28.5271	527.599	0	180	-68.5357
629.455	-28.5851	527.434	0	180	-68.5379
629.513	-28.6432	527.269	0	180	-68.54
629.572	-28.7013	527.104	0	180	-68.5422
629.63	-28.7594	526.939	0	180	-68.5443
629.689	-28.8174	526.775	0	180	-68.5465
629.747	-28.8755	526.61	0	180	-68.5486
629.806	-28.9336	526.445	0	180	-68.5507
629.864	-28.9916	526.28	0	180	-68.5529
629.923	-29.0497	526.115	0	180	-68.555
629.981	-29.1078	525.951	0	180	-68.5572
630.04	-29.1658	525.786	0	180	-68.5593
630.098	-29.2239	525.621	0	180	-68.5614
630.157	-29.282	525.456	0	180	-68.5636
630.215	-29.34	525.291	0	180	-68.5657
630.274	-29.3981	525.126	0	180	-68.5679
630.332	-29.4562	524.962	0	180	-68.57
630.391	-29.5143	524.797	0	180	-68.5721
630.449	-29.5723	524.632	0	180	-68.5743
630.507	-29.6304	524.467	0	180	-68.5764
630.566	-29.6885	524.302	0	180	-68.5786
630.624	-29.7465	524.138	0	180	-68.5807
630.683	-29.8046	523.973	0	180	-68.5828
630.741	-29.8627	523.808	0	180	-68.585
630.8	-29.9207	523.643	0	180	-68.5871
630.858	-29.9788	523.478	0	180	-68.5893
630.917	-30.0369	523.314	0	180	-68.5914
630.975	-30.0949	523.149	0	180	-68.5936
631.034	-30.153	522.984	0	180	-68.5957
631.092	-30.2111	522.819	0	180	-68.5978
631.151	-30.2692	522.654	0	180	-68.6
631.209	-30.3272	522.489	0	180	-68.6021
631.268	-30.3853	522.325	0	180	-68.6043
631.326	-30.4434	522.16	0	180	-68.6064
631.385	-30.5014	521.995	0	180	-68.6085
631.443	-30.5595	521.83	0	180	-68.6107
631.501	-30.6176	521.665	0	180	-68.6128
631.56	-30.6756	521.501	0	180	-68.615
631.618	-30.7337	521.336	0	180	-68.6171
631.677	-30.7918	521.171	0	180	-68.6192
631.735	-30.8498	521.006	0	180	-68.6214
631.794	-30.9079	520.841	0	180	-68.6235
631.852	-30.966	520.676	0	180	-68.6257
631.911	-31.0241	520.512	0	180	-68.6278
631.969	-31.0821	520.347	0	180	-68.6299
632.028	-31.1402	520.182	0	180	-68.6321
632.086	-31.1983	520.017	0	180	-68.6342
632.145	-31.2563	519.852	0	180	-68.6364
632.203	-31.3144	519.688	0	180	-68.6385
632.262	-31.3725	519.523	0	180	-68.6407
632.32	-31.4305	519.358	0	180	-68.6428
632.379	-31.4886	519.193	0	180	-68.6449
632.437	-31.5467	519.028	0	180	-68.6471
632.496	-31.6047	518.863	0	180	-68.6492
632.554	-31.6628	518.699	0	180	-68.6514
632.612	-31.7209	518.534	0	180	-68.6535
632.671	-31.779	518.369	0	180	-68.6556
632.729	-31.837	518.204	0	180	-68.6578
632.788	-31.8951	518.039	0	180	-68.6599
632.846	-31.9532	517.875	0	180	-68.6621
632.905	-32.0112	517.71	0	180	-68.6642
632.963	-32.0693	517.545	0	180	-68.6663
633.022	-32.1274	517.38	0	180	-68.6685
633.08	-32.1854	517.215	0	180	-68.6706
633.139	-32.2435	517.05	0	180	-68.6728
633.197	-32.3016	516.886	0	180	-68.6749
633.256	-32.3596	516.721	0	180	-68.677
633.314	-32.4177	516.556	0	180	-68.6792
633.373	-32.4758	516.391	0	180	-68.6813
633.431	-32.5339	516.226	0	180	-68.6835
633.49	-32.5919	516.062	0	180	-68.6856
633.548	-32.65	515.897	0	180	-68.6878
633.607	-32.7081	515.732	0	180	-68.6899
633.665	-32.7661	515.567	0	180	-68.692
633.723	-32.8242	515.402	0	180	-68.6942
633.782	-32.8823	515.238	0	180	-68.6963
633.84	-32.9403	515.073	0	180	-68.6985
633.899	-32.9984	514.908	0	180	-68.7006
633.957	-33.0565	514.743	0	180	-68.7027
634.016	-33.1145	514.578	0	180	-68.7049
634.074	-33.1726	514.413	0	180	-68.707
634.133	-33.2307	514.249	0	180	-68.7092
634.191	-33.2888	514.084	0	180	-68.7113
634.25	-33.3468	513.919	0	180	-68.7134
634.308	-33.4049	513.754	0	180	-68.7156
634.367	-33.463	513.589	0	180	-68.7177
634.425	-33.521	513.425	0	180	-68.7199
634.484	-33.5791	513.26	0	180	-68.722
634.542	-33.6372	513.095	0	180	-68.7241
634.601	-33.6952	512.93	0	180	-68.7263
634.659	-33.7533	512.765	0	180	-68.7284
634.717	-33.8114	512.6	0	180	-68.7306
634.776	-33.8694	512.436	0	180	-68.7327
634.834	-33.9275	512.271	0	180	-68.7349
634.893	-33.9856	512.106	0	180	-68.737
634.951	-34.0437	511.941	0	180	-68.7391
635.01	-34.1017	511.776	0	180	-68.7413
635.068	-34.1598	511.612	0	180	-68.7434
635.127	-34.2179	511.447	0	180	-68.7456
635.185	-34.2759	511.282	0	180	-68.7477
635.244	-34.334	511.117	0	180	-68.7498
635.302	-34.3921	510.952	0	180	-68.752
635.361	-34.4501	510.787	0	180	-68.7541
635.419	-34.5082	510.623	0	180	-68.7563
635.478	-34.5663	510.458	0	180	-68.7584
635.536	-34.6243	510.293	0	180	-68.7605
635.595	-34.6824	510.128	0	180	-68.7627
635.653	-34.7405	509.963	0	180	-68.7648
635.712	-34.7986	509.799	0	180	-68.767
635.77	-34.8566	509.634	0	180	-68.7691
635.828	-34.9147	509.469	0	180	-68.7712
635.887	-34.9728	509.304	0	180	-68.7734
635.945	-35.0308	509.139	0	180	-68.7755
636.004	-35.0889	508.974	0	180	-68.7777
636.062	-35.147	508.81	0	180	-68.7798
636.121	-35.205	508.645	0	180	-68.7819
636.179	-35.2631	508.48	0	180	-68.7841
636.238	-35.3212	508.315	0	180	-68.7862
636.296	-35.3792	508.15	0	180	-68.7884
636.355	-35.4373	507.986	0	180	-68.7905
636.413	-35.4954	507.821	0	180	-68.7927
636.472	-35.5535	507.656	0	180	-68.7948
636.53	-35.6115	507.491	0	180	-68.7969
636.589	-35.6696	507.326	0	180	-68.7991
636.647	-35.7277	507.162	0	180	-68.8012
636.706	-35.7857	506.997	0	180	-68.8034
636.764	-35.8438	506.832	0	180	-68.8055
636.823	-35.9019	506.667	0	180	-68.8076
636.881	-35.9599	506.502	0	180	-68.8098
636.939	-36.018	506.337	0	180	-68.8119
636.998	-36.0761	506.173	0	180	-68.8141
637.056	-36.1341	506.008	0	180	-68.8162
637.115	-36.1922	505.843	0	180	-68.8183
637.173	-36.2503	505.678	0	180	-68.8205
637.232	-36.3084	505.513	0	180	-68.8226
637.29	-36.3664	505.349	0	180	-68.8248
637.349	-36.4245	505.184	0	180	-68.8269
637.407	-36.4826	505.019	0	180	-68.829
637.466	-36.5406	504.854	0	180	-68.8312
637.524	-36.5987	504.689	0	180	-68.8333
637.583	-36.6568	504.524	0	180	-68.8355
637.641	-36.7148	504.36	0	180	-68.8376
637.7	-36.7729	504.195	0	180	-68.8398
637.758	-36.831	504.03	0	180	-68.8419
637.817	-36.889	503.865	0	180	-68.844
637.875	-36.9471	503.7	0	180	-68.8462
637.933	-37.0052	503.536	0	180	-68.8483
637.992	-37.0633	503.371	0	180	-68.8505
638.05	-37.1213	503.206	0	180	-68.8526
638.109	-37.1794	503.041	0	180	-68.8547
638.167	-37.2375	502.876	0	180	-68.8569
638.226	-37.2955	502.711	0	180	-68.859
638.284	-37.3536	502.547	0	180	-68.8612
638.343	-37.4117	502.382	0	180	-68.8633
638.401	-37.4697	502.217	0	180	-68.8654
638.46	-37.5278	502.052	0	180	-68.8676
638.518	-37.5859	501.887	0	180	-68.8697
638.577	-37.6439	501.723	0	180	-68.8719
638.635	-37.702	501.558	0	180	-68.874
638.694	-37.7601	501.393	0	180	-68.8761
638.752	-37.8182	501.228	0	180	-68.8783
638.811	-37.8762	501.063	0	180	-68.8804
638.869	-37.9343	500.898	0	180	-68.8826
638.928	-37.9924	500.734	0	180	-68.8847
638.986	-38.0504	500.569	0	180	-68.8869
639.044	-38.1085	500.404	0	180	-68.889
639.103	-38.1666	500.239	0	180	-68.8911
639.161	-38.2246	500.074	0	180	-68.8933
639.22	-38.2827	499.91	0	180	-68.8954
639.278	-38.3408	499.745	0	180	-68.8976
639.337	-38.3988	499.58	0	180	-68.8997
639.395	-38.4569	499.415	0	180	-68.9018
639.454	-38.515	499.25	0	180	-68.904
639.512	-38.5731	499.086	0	180	-68.9061
639.571	-38.6311	498.921	0	180	-68.9083
639.629	-38.6892	498.756	0	180	-68.9104
639.688	-38.7473	498.591	0	180	-68.9125
639.746	-38.8053	498.426	0	180	-68.9147
639.805	-38.8634	498.261	0	180	-68.9168
639.863	-38.9215	498.097	0	180	-68.919
639.922	-38.9795	497.932	0	180	-68.9211
639.98	-39.0376	497.767	0	180	-68.9232
640.038	-39.0957	497.602	0	180	-68.9254
640.097	-39.1537	497.437	0	180	-68.9275
640.155	-39.2118	497.273	0	180	-68.9297
640.214	-39.2699	497.108	0	180	-68.9318
640.272	-39.328	496.943	0	180	-68.934
640.331	-39.386	496.778	0	180	-68.9361
640.389	-39.4441	496.613	0	180	-68.9382
640.448	-39.5022	496.448	0	180	-68.9404
640.506	-39.5602	496.284	0	180	-68.9425
640.565	-39.6183	496.119	0	180	-68.9447
640.623	-39.6764	495.954	0	180	-68.9468
640.682	-39.7344	495.789	0	180	-68.9489
640.74	-39.7925	495.624	0	180	-68.9511
640.799	-39.8506	495.46	0	180	-68.9532
640.857	-39.9086	495.295	0	180	-68.9554
640.916	-39.9667	495.13	0	180	-68.9575
640.974	-40.0248	494.965	0	180	-68.9596
641.033	-40.0829	494.8	0	180	-68.9618
641.091	-40.1409	494.635	0	180	-68.9639
641.149	-40.199	494.471	0	180	-68.9661
641.208	-40.2571	494.306	0	180	-68.9682
641.266	-40.3151	494.141	0	180	-68.9703
641.325	-40.3732	493.976	0	180	-68.9725
641.383	-40.4313	493.811	0	180	-68.9746
641.442	-40.4893	493.647	0	180	-68.9768
641.5	-40.5474	493.482	0	180	-68.9789
641.559	-40.6055	493.317	0	180	-68.9811
641.617	-40.6635	493.152	0	180	-68.9832
641.676	-40.7216	492.987	0	180	-68.9853
641.734	-40.7797	492.822	0	180	-68.9875
641.793	-40.8378	492.658	0	180	-68.9896
641.851	-40.8958	492.493	0	180	-68.9918
641.91	-40.9539	492.328	0	180	-68.9939
641.968	-41.012	492.163	0	180	-68.996
642.027	-41.07	491.998	0	180	-68.9982
642.085	-41.1281	491.834	0	180	-69.0003
642.144	-41.1862	491.669	0	180	-69.0025
642.202	-41.2442	491.504	0	180	-69.0046
642.26	-41.3023	491.339	0	180	-69.0067
642.319	-41.3604	491.174	0	180	-69.0089
642.377	-41.4184	491.01	0	180	-69.011
642.436	-41.4765	490.845	0	180	-69.0132
642.494	-41.5346	490.68	0	180	-69.0153
642.553	-41.5927	490.515	0	180	-69.0174
642.611	-41.6507	490.35	0	180	-69.0196
642.67	-41.7088	490.185	0	180	-69.0217
642.728	-41.7669	490.021	0	180	-69.0239
642.787	-41.8249	489.856	0	180	-69.026
642.845	-41.883	489.691	0	180	-69.0282
642.904	-41.9411	489.526	0	180	-69.0303
642.962	-41.9991	489.361	0	180	-69.0324
643.021	-42.0572	489.197	0	180	-69.0346
643.079	-42.1153	489.032	0	180	-69.0367
643.138	-42.1733	488.867	0	180	-69.0389
643.196	-42.2314	488.702	0	180	-69.041
643.254	-42.2895	488.537	0	180	-69.0431
643.313	-42.3476	488.372	0	180	-69.0453
643.371	-42.4056	488.208	0	180	-69.0474
643.43	-42.4637	488.043	0	180	-69.0496
643.488	-42.5218	487.878	0	180	-69.0517
643.547	-42.5798	487.713	0	180	-69.0538
643.605	-42.6379	487.548	0	180	-69.056
643.664	-42.696	487.384	0	180	-69.0581
643.722	-42.754	487.219	0	180	-69.0603
643.781	-42.8121	487.054	0	180	-69.0624
643.839	-42.8702	486.889	0	180	-69.0645
643.898	-42.9282	486.724	0	180	-69.0667
643.956	-42.9863	486.559	0	180	-69.0688
644.015	-43.0444	486.395	0	180	-69.071
644.073	-43.1025	486.23	0	180	-69.0731
644.132	-43.1605	486.065	0	180	-69.0752
644.19	-43.2186	485.9	0	180	-69.0774
644.249	-43.2767	485.735	0	180	-69.0795
644.307	-43.3347	485.571	0	180	-69.0817
644.365	-43.3928	485.406	0	180	-69.0838
644.424	-43.4509	485.241	0	180	-69.086
644.482	-43.5089	485.076	0	180	-69.0881
644.541	-43.567	484.911	0	180	-69.0902
644.599	-43.6251	484.746	0	180	-69.0924
644.658	-43.6831	484.582	0	180	-69.0945
644.716	-43.7412	484.417	0	180	-69.0967
644.775	-43.7993	484.252	0	180	-69.0988
644.833	-43.8574	484.087	0	180	-69.1009
644.892	-43.9154	483.922	0	180	-69.1031
644.95	-43.9735	483.758	0	180	-69.1052
645.009	-44.0316	483.593	0	180	-69.1074
645.067	-44.0896	483.428	0	180	-69.1095
645.126	-44.1477	483.263	0	180	-69.1116
645.184	-44.2058	483.098	0	180	-69.1138
645.243	-44.2638	482.934	0	180	-69.1159
645.301	-44.3219	482.769	0	180	-69.1181
645.36	-44.38	482.604	0	180	-69.1202
645.418	-44.438	482.439	0	180	-69.1223
645.476	-44.4961	482.274	0	180	-69.1245
645.535	-44.5542	482.109	0	180	-69.1266
645.593	-44.6123	481.945	0	180	-69.1288
645.652	-44.6703	481.78	0	180	-69.1309
645.71	-44.7284	481.615	0	180	-69.1331
645.769	-44.7865	481.45	0	180	-69.1352
645.827	-44.8445	481.285	0	180	-69.1373
645.886	-44.9026	481.121	0	180	-69.1395
645.944	-44.9607	480.956	0	180	-69.1416
646.003	-45.0187	480.791	0	180	-69.1438
646.061	-45.0768	480.626	0	180	-69.1459
646.12	-45.1349	480.461	0	180	-69.148
646.178	-45.1929	480.296	0	180	-69.1502
646.237	-45.251	480.132	0	180	-69.1523
646.295	-45.3091	479.967	0	180	-69.1545
646.354	-45.3672	479.802	0	180	-69.1566
646.412	-45.4252	479.637	0	180	-69.1587
646.47	-45.4833	479.472	0	180	-69.1609
646.529	-45.5414	479.308	0	180	-69.163
646.587	-45.5994	479.143	0	180	-69.1652
646.646	-45.6575	478.978	0	180	-69.1673
646.704	-45.7156	478.813	0	180	-69.1694
646.763	-45.7736	478.648	0	180	-69.1716
646.821	-45.8317	478.483	0	180	-69.1737
646.88	-45.8898	478.319	0	180	-69.1759
646.938	-45.9478	478.154	0	180	-69.178
646.997	-46.0059	477.989	0	180	-69.1802
647.055	-46.064	477.824	0	180	-69.1823
647.114	-46.1221	477.659	0	180	-69.1844
647.172	-46.1801	477.495	0	180	-69.1866
647.231	-46.2382	477.33	0	180	-69.1887
647.289	-46.2963	477.165	0	180	-69.1909
647.348	-46.3543	477	0	180	-69.193
647.406	-46.4124	476.835	0	180	-69.1951
647.465	-46.4705	476.67	0	180	-69.1973
647.523	-46.5285	476.506	0	180	-69.1994
647.581	-46.5866	476.341	0	180	-69.2016
647.64	-46.6447	476.176	0	180	-69.2037
647.698	-46.7027	476.011	0	180	-69.2058
647.757	-46.7608	475.846	0	180	-69.208
647.815	-46.8189	475.682	0	180	-69.2101
647.874	-46.877	475.517	0	180	-69.2123
647.932	-46.935	475.352	0	180	-69.2144
647.991	-46.9931	475.187	0	180	-69.2165
648.049	-47.0512	475.022	0	180	-69.2187
648.108	-47.1092	474.858	0	180	-69.2208
648.166	-47.1673	474.693	0	180	-69.223
648.225	-47.2254	474.528	0	180	-69.2251
648.283	-47.2834	474.363	0	180	-69.2273
648.342	-47.3415	474.198	0	180	-69.2294
648.4	-47.3996	474.033	0	180	-69.2315
648.459	-47.4576	473.869	0	180	-69.2337
648.517	-47.5157	473.704	0	180	-69.2358
648.576	-47.5738	473.539	0	180	-69.238
648.634	-47.6319	473.374	0	180	-69.2401
648.692	-47.6899	473.209	0	180	-69.2422
648.751	-47.748	473.045	0	180	-69.2444
648.809	-47.8061	472.88	0	180	-69.2465
648.868	-47.8641	472.715	0	180	-69.2487
648.926	-47.9222	472.55	0	180	-69.2508
648.985	-47.9803	472.385	0	180	-69.2529
649.043	-48.0383	472.22	0	180	-69.2551
649.102	-48.0964	472.056	0	180	-69.2572
649.16	-48.1545	471.891	0	180	-69.2594
649.219	-48.2125	471.726	0	180	-69.2615
649.277	-48.2706	471.561	0	180	-69.2636
649.336	-48.3287	471.396	0	180	-69.2658
649.394	-48.3868	471.232	0	180	-69.2679
649.453	-48.4448	471.067	0	180	-69.2701
649.511	-48.5029	470.902	0	180	-69.2722
649.57	-48.561	470.737	0	180	-69.2744
649.628	-48.619	470.572	0	180	-69.2765
649.686	-48.6771	470.407	0	180	-69.2786
649.745	-48.7352	470.243	0	180	-69.2808
649.803	-48.7932	470.078	0	180	-69.2829
649.862	-48.8513	469.913	0	180	-69.2851
649.92	-48.9094	469.748	0	180	-69.2872
649.979	-48.9674	469.583	0	180	-69.2893
650.037	-49.0255	469.419	0	180	-69.2915
650.096	-49.0836	469.256	0	180	-69.2936
650.154	-49.1417	469.093	0	180	-69.2958
650.213	-49.1997	468.932	0	180	-69.2979
650.271	-49.2578	468.772	0	180	-69.3
650.33	-49.3159	468.612	0	180	-69.3022
650.388	-49.3739	468.454	0	180	-69.3043
650.447	-49.432	468.297	0	180	-69.3065
650.505	-49.4901	468.14	0	180	-69.3086
650.564	-49.5481	467.985	0	180	-69.3107
650.622	-49.6062	467.831	0	180	-69.3129
650.681	-49.6643	467.678	0	180	-69.315
650.739	-49.7223	467.525	0	180	-69.3172
650.797	-49.7804	467.374	0	180	-69.3193
650.856	-49.8385	467.224	0	180	-69.3214
650.914	-49.8966	467.074	0	180	-69.3236
650.973	-49.9546	466.926	0	180	-69.3257
651.031	-50.0127	466.779	0	180	-69.3279
651.09	-50.0708	466.632	0	180	-69.33
651.148	-50.1288	466.487	0	180	-69.3322
651.207	-50.1869	466.343	0	180	-69.3343
651.265	-50.245	466.199	0	180	-69.3364
651.324	-50.303	466.057	0	180	-69.3386
651.382	-50.3611	465.916	0	180	-69.3407
651.441	-50.4192	465.775	0	180	-69.3429
651.499	-50.4772	465.636	0	180	-69.345
651.558	-50.5353	465.498	0	180	-69.3471
651.616	-50.5934	465.36	0	180	-69.3493
651.675	-50.6515	465.224	0	180	-69.3514
651.733	-50.7095	465.089	0	180	-69.3536
651.792	-50.7676	464.954	0	180	-69.3557
651.85	-50.8257	464.821	0	180	-69.3578
651.908	-50.8837	464.689	0	180	-69.36
651.967	-50.9418	464.557	0	180	-69.3621
652.025	-50.9999	464.427	0	180	-69.3643
652.084	-51.0579	464.298	0	180	-69.3664
652.142	-51.116	464.169	0	180	-69.3685
652.201	-51.1741	464.042	0	180	-69.3707
652.259	-51.2321	463.916	0	180	-69.3728
652.318	-51.2902	463.79	0	180	-69.375
652.376	-51.3483	463.666	0	180	-69.3771
652.435	-51.4064	463.543	0	180	-69.3793
652.493	-51.4644	463.42	0	180	-69.3814
652.552	-51.5225	463.299	0	180	-69.3835
652.61	-51.5806	463.179	0	180	-69.3857
652.669	-51.6386	463.06	0	180	-69.3878
652.727	-51.6967	462.941	0	180	-69.39
652.786	-51.7548	462.824	0	180	-69.3921
652.844	-51.8128	462.708	0	180	-69.3942
652.902	-51.8709	462.592	0	180	-69.3964
652.961	-51.929	462.478	0	180	-69.3985
653.019	-51.987	462.365	0	180	-69.4007
653.078	-52.0451	462.252	0	180	-69.4028
653.136	-52.1032	462.141	0	180	-69.4049
653.195	-52.1613	462.031	0	180	-69.4071
653.253	-52.2193	461.921	0	180	-69.4092
653.312	-52.2774	461.813	0	180	-69.4114
653.37	-52.3355	461.706	0	180	-69.4135
653.429	-52.3935	461.599	0	180	-69.4156
653.487	-52.4516	461.494	0	180	-69.4178
653.546	-52.5097	461.39	0	180	-69.4199
653.604	-52.5677	461.286	0	180	-69.4221
653.663	-52.6258	461.184	0	180	-69.4242
653.721	-52.6839	461.083	0	180	-69.4264
653.78	-52.7419	460.982	0	180	-69.4285
653.838	-52.8	460.883	0	180	-69.4306
653.897	-52.8581	460.785	0	180	-69.4328
653.955	-52.9162	460.687	0	180	-69.4349
654.013	-52.9742	460.591	0	180	-69.4371
654.072	-53.0323	460.496	0	180	-69.4392
654.13	-53.0904	460.401	0	180	-69.4413
654.189	-53.1484	460.308	0	180	-69.4435
654.247	-53.2065	460.216	0	180	-69.4456
654.306	-53.2646	460.124	0	180	-69.4478
654.364	-53.3226	460.034	0	180	-69.4499
654.423	-53.3807	459.945	0	180	-69.452
654.481	-53.4388	459.856	0	180	-69.4542
654.54	-53.4968	459.769	0	180	-69.4563
654.598	-53.5549	459.683	0	180	-69.4585
654.657	-53.613	459.598	0	180	-69.4606
654.715	-53.6711	459.513	0	180	-69.4627
654.774	-53.7291	459.43	0	180	-69.4649
654.832	-53.7872	459.348	0	180	-69.467
654.891	-53.8453	459.266	0	180	-69.4692
654.949	-53.9033	459.186	0	180	-69.4713
655.008	-53.9614	459.107	0	180	-69.4735
655.066	-54.0195	459.028	0	180	-69.4756
655.124	-54.0775	458.951	0	180	-69.4777
655.183	-54.1356	458.875	0	180	-69.4799
655.241	-54.1937	458.799	0	180	-69.482
655.3	-54.2517	458.725	0	180	-69.4842
655.358	-54.3098	458.652	0	180	-69.4863
655.417	-54.3679	458.579	0	180	-69.4884
655.475	-54.426	458.508	0	180	-69.4906
655.534	-54.484	458.438	0	180	-69.4927
655.592	-54.5421	458.368	0	180	-69.4949
655.651	-54.6002	458.3	0	180	-69.497
655.709	-54.6582	458.233	0	180	-69.4991
655.768	-54.7163	458.166	0	180	-69.5013
655.826	-54.7744	458.101	0	180	-69.5034
655.885	-54.8324	458.037	0	180	-69.5056
655.943	-54.8905	457.973	0	180	-69.5077
656.002	-54.9486	457.911	0	180	-69.5098
656.06	-55.0066	457.85	0	180	-69.512
656.118	-55.0647	457.789	0	180	-69.5141
656.177	-55.1228	457.73	0	180	-69.5163
656.235	-55.1808	457.672	0	180	-69.5184
656.293	-55.2381	457.614	0	180	-69.5206
656.349	-55.2945	457.558	0	180	-69.5227
656.404	-55.3498	457.503	0	180	-69.5248
656.459	-55.4041	457.448	0	180	-69.527
656.512	-55.4574	457.395	0	180	-69.5291
656.564	-55.5098	457.343	0	180	-69.5313
656.615	-55.5611	457.292	0	180	-69.5334
656.666	-55.6114	457.241	0	180	-69.5355
656.715	-55.6607	457.192	0	180	-69.5377
656.763	-55.7091	457.144	0	180	-69.5398
656.811	-55.7564	457.096	0	180	-69.542
656.857	-55.8027	457.05	0	180	-69.5441
656.902	-55.848	457.005	0	180	-69.5462
656.947	-55.8923	456.96	0	180	-69.5484
656.99	-55.9357	456.917	0	180	-69.5505
657.032	-55.978	456.875	0	180	-69.5527
657.074	-56.0193	456.833	0	180	-69.5548
657.114	-56.0596	456.793	0	180	-69.5569
657.153	-56.099	456.754	0	180	-69.5591
657.192	-56.1373	456.715	0	180	-69.5612
657.229	-56.1746	456.678	0	180	-69.5634
657.265	-56.2109	456.642	0	180	-69.5655
657.301	-56.2463	456.606	0	180	-69.5677
657.335	-56.2806	456.572	0	180	-69.5698
657.368	-56.3139	456.539	0	180	-69.5719
657.401	-56.3462	456.506	0	180	-69.5741
657.432	-56.3776	456.475	0	180	-69.5762
657.462	-56.4079	456.445	0	180	-69.5784
657.492	-56.4372	456.415	0	180	-69.5805
657.52	-56.4655	456.387	0	180	-69.5826
657.547	-56.4928	456.36	0	180	-69.5848
657.574	-56.5192	456.333	0	180	-69.5869
657.599	-56.5445	456.308	0	180	-69.5891
657.623	-56.5688	456.284	0	180	-69.5912
657.647	-56.5921	456.26	0	180	-69.5933
657.669	-56.6145	456.238	0	180	-69.5955
657.69	-56.6358	456.217	0	180	-69.5976
657.711	-56.6561	456.196	0	180	-69.5998
657.73	-56.6754	456.177	0	180	-69.6019
657.748	-56.6938	456.159	0	180	-69.604
657.765	-56.7111	456.142	0	180	-69.6062
657.782	-56.7274	456.125	0	180	-69.6083
657.797	-56.7427	456.11	0	180	-69.6105
657.811	-56.7571	456.096	0	180	-69.6126
657.825	-56.7704	456.082	0	180	-69.6147
657.837	-56.7827	456.07	0	180	-69.6169
657.848	-56.794	456.059	0	180	-69.619
657.859	-56.8043	456.048	0	180	-69.6212
657.868	-56.8137	456.039	0	180	-69.6233
657.876	-56.822	456.031	0	180	-69.6255
657.884	-56.8293	456.023	0	180	-69.6276
657.89	-56.8356	456.017	0	180	-69.6297
657.895	-56.841	456.012	0	180	-69.6319
657.9	-56.8453	456.007	0	180	-69.634
657.903	-56.8486	456.004	0	180	-69.6362
657.905	-56.8509	456.002	0	180	-69.6382
657.907	-56.8523	456	0	180	-69.6396
