657.907	-56.8526	456	0	180	-69.6399
657.907	-56.8521	456.001	0	180	-69.6404
657.905	-56.8506	456.002	0	180	-69.6418
657.903	-56.8481	456.005	0	180	-69.6432
657.899	-56.8446	456.008	0	180	-69.6447
657.894	-56.8401	456.013	0	180	-69.6462
657.889	-56.8346	456.018	0	180	-69.6476
657.883	-56.8281	456.024	0	180	-69.6491
657.875	-56.8206	456.032	0	180	-69.6506
657.866	-56.8121	456.041	0	180	-69.652
657.857	-56.8026	456.05	0	180	-69.6535
657.846	-56.7921	456.061	0	180	-69.655
657.835	-56.7806	456.072	0	180	-69.6565
657.822	-56.7681	456.084	0	180	-69.6579
657.809	-56.7546	456.098	0	180	-69.6594
657.795	-56.7401	456.113	0	180	-69.6609
657.779	-56.7246	456.128	0	180	-69.6623
657.763	-56.7081	456.144	0	180	-69.6638
657.745	-56.6906	456.162	0	180	-69.6653
657.726	-56.6721	456.18	0	180	-69.6667
657.707	-56.6526	456.2	0	180	-69.6682
657.687	-56.6321	456.221	0	180	-69.6697
657.665	-56.6106	456.242	0	180	-69.6711
657.643	-56.5881	456.264	0	180	-69.6726
657.619	-56.5646	456.288	0	180	-69.6741
657.594	-56.5401	456.312	0	180	-69.6755
657.569	-56.5146	456.338	0	180	-69.677
657.543	-56.4881	456.365	0	180	-69.6785
657.515	-56.4606	456.392	0	180	-69.6799
657.486	-56.4321	456.421	0	180	-69.6814
657.457	-56.4026	456.45	0	180	-69.6829
657.427	-56.3721	456.481	0	180	-69.6843
657.395	-56.3406	456.512	0	180	-69.6858
657.363	-56.3081	456.545	0	180	-69.6873
657.329	-56.2746	456.578	0	180	-69.6888
657.294	-56.2401	456.613	0	180	-69.6902
657.259	-56.2046	456.648	0	180	-69.6917
657.223	-56.1681	456.685	0	180	-69.6932
657.185	-56.1306	456.722	0	180	-69.6946
657.146	-56.0921	456.761	0	180	-69.6961
657.107	-56.0526	456.8	0	180	-69.6976
657.067	-56.0121	456.841	0	180	-69.699
657.025	-55.9706	456.882	0	180	-69.7005
656.983	-55.9281	456.925	0	180	-69.702
656.939	-55.8846	456.968	0	180	-69.7034
656.894	-55.8401	457.013	0	180	-69.7049
656.849	-55.7946	457.058	0	180	-69.7064
656.803	-55.7481	457.105	0	180	-69.7078
656.755	-55.7006	457.152	0	180	-69.7093
656.707	-55.6521	457.201	0	180	-69.7108
656.657	-55.6026	457.25	0	180	-69.7122
656.606	-55.5521	457.3	0	180	-69.7137
656.555	-55.5006	457.352	0	180	-69.7152
656.502	-55.4481	457.404	0	180	-69.7166
656.449	-55.3946	457.458	0	180	-69.7181
656.394	-55.3401	457.512	0	180	-69.7196
656.339	-55.2846	457.568	0	180	-69.7211
656.283	-55.2281	457.625	0	180	-69.7225
656.225	-55.1706	457.682	0	180	-69.724
656.167	-55.1121	457.74	0	180	-69.7255
656.107	-55.0526	457.8	0	180	-69.7269
656.046	-54.9921	457.861	0	180	-69.7284
655.985	-54.9306	457.922	0	180	-69.7299
655.923	-54.8681	457.985	0	180	-69.7313
655.859	-54.8046	458.048	0	180	-69.7328
655.795	-54.7401	458.113	0	180	-69.7343
655.729	-54.6746	458.178	0	180	-69.7357
655.663	-54.6081	458.245	0	180	-69.7372
655.595	-54.5406	458.312	0	180	-69.7387
655.527	-54.4722	458.381	0	180	-69.7401
655.457	-54.4036	458.45	0	180	-69.7416
655.388	-54.335	458.52	0	180	-69.7431
655.319	-54.2664	458.592	0	180	-69.7445
655.25	-54.1978	458.665	0	180	-69.746
655.181	-54.1292	458.738	0	180	-69.7475
655.112	-54.0606	458.812	0	180	-69.7489
655.043	-53.992	458.888	0	180	-69.7504
654.974	-53.9235	458.964	0	180	-69.7519
654.905	-53.8549	459.042	0	180	-69.7534
654.836	-53.7863	459.121	0	180	-69.7548
654.767	-53.7177	459.2	0	180	-69.7563
654.698	-53.6491	459.281	0	180	-69.7578
654.629	-53.5805	459.362	0	180	-69.7592
654.56	-53.5119	459.445	0	180	-69.7607
654.491	-53.4433	459.528	0	180	-69.7622
654.422	-53.3747	459.613	0	180	-69.7636
654.352	-53.3061	459.698	0	180	-69.7651
654.283	-53.2376	459.785	0	180	-69.7666
654.214	-53.169	459.872	0	180	-69.768
654.145	-53.1004	459.96	0	180	-69.7695
654.076	-53.0318	460.05	0	180	-69.771
654.007	-52.9632	460.141	0	180	-69.7724
653.938	-52.8946	460.232	0	180	-69.7739
653.869	-52.826	460.325	0	180	-69.7754
653.8	-52.7574	460.418	0	180	-69.7768
653.731	-52.6888	460.512	0	180	-69.7783
653.662	-52.6202	460.608	0	180	-69.7798
653.593	-52.5516	460.704	0	180	-69.7813
653.524	-52.4831	460.802	0	180	-69.7827
653.455	-52.4145	460.9	0	180	-69.7842
653.386	-52.3459	461	0	180	-69.7857
653.317	-52.2773	461.101	0	180	-69.7871
653.247	-52.2087	461.202	0	180	-69.7886
653.178	-52.1401	461.304	0	180	-69.7901
653.109	-52.0715	461.407	0	180	-69.7915
653.04	-52.0029	461.51	0	180	-69.793
652.971	-51.9343	461.613	0	180	-69.7945
652.902	-51.8657	461.715	0	180	-69.7959
652.833	-51.7971	461.818	0	180	-69.7974
652.764	-51.7286	461.921	0	180	-69.7989
652.695	-51.66	462.024	0	180	-69.8003
652.626	-51.5914	462.127	0	180	-69.8018
652.557	-51.5228	462.229	0	180	-69.8033
652.488	-51.4542	462.332	0	180	-69.8047
652.419	-51.3856	462.435	0	180	-69.8062
652.35	-51.317	462.538	0	180	-69.8077
652.281	-51.2484	462.64	0	180	-69.8091
652.212	-51.1798	462.743	0	180	-69.8106
652.142	-51.1112	462.846	0	180	-69.8121
652.073	-51.0427	462.949	0	180	-69.8136
652.004	-50.9741	463.051	0	180	-69.815
651.935	-50.9055	463.154	0	180	-69.8165
651.866	-50.8369	463.257	0	180	-69.818
651.797	-50.7683	463.36	0	180	-69.8194
651.728	-50.6997	463.462	0	180	-69.8209
651.659	-50.6311	463.565	0	180	-69.8224
651.59	-50.5625	463.668	0	180	-69.8238
651.521	-50.4939	463.771	0	180	-69.8253
651.452	-50.4253	463.873	0	180	-69.8268
651.383	-50.3567	463.976	0	180	-69.8282
651.314	-50.2882	464.079	0	180	-69.8297
651.245	-50.2196	464.182	0	180	-69.8312
651.176	-50.151	464.284	0	180	-69.8326
651.107	-50.0824	464.387	0	180	-69.8341
651.037	-50.0138	464.49	0	180	-69.8356
650.968	-49.9452	464.593	0	180	-69.837
650.899	-49.8766	464.695	0	180	-69.8385
650.83	-49.808	464.798	0	180	-69.84
650.761	-49.7394	464.901	0	180	-69.8414
650.692	-49.6708	465.004	0	180	-69.8429
650.623	-49.6022	465.106	0	180	-69.8444
650.554	-49.5337	465.209	0	180	-69.8459
650.485	-49.4651	465.312	0	180	-69.8473
650.416	-49.3965	465.415	0	180	-69.8488
650.347	-49.3279	465.517	0	180	-69.8503
650.278	-49.2593	465.62	0	180	-69.8517
650.209	-49.1907	465.723	0	180	-69.8532
650.14	-49.1221	465.826	0	180	-69.8547
650.071	-49.0535	465.929	0	180	-69.8561
650.002	-48.9849	466.031	0	180	-69.8576
649.932	-48.9163	466.134	0	180	-69.8591
649.863	-48.8477	466.237	0	180	-69.8605
649.794	-48.7792	466.34	0	180	-69.862
649.725	-48.7106	466.442	0	180	-69.8635
649.656	-48.642	466.545	0	180	-69.8649
649.587	-48.5734	466.648	0	180	-69.8664
649.518	-48.5048	466.751	0	180	-69.8679
649.449	-48.4362	466.853	0	180	-69.8693
649.38	-48.3676	466.956	0	180	-69.8708
649.311	-48.299	467.059	0	180	-69.8723
649.242	-48.2304	467.162	0	180	-69.8737
649.173	-48.1618	467.264	0	180	-69.8752
649.104	-48.0933	467.367	0	180	-69.8767
649.035	-48.0247	467.47	0	180	-69.8782
648.966	-47.9561	467.573	0	180	-69.8796
648.897	-47.8875	467.675	0	180	-69.8811
648.827	-47.8189	467.778	0	180	-69.8826
648.758	-47.7503	467.881	0	180	-69.884
648.689	-47.6817	467.984	0	180	-69.8855
648.62	-47.6131	468.086	0	180	-69.887
648.551	-47.5445	468.189	0	180	-69.8884
648.482	-47.4759	468.292	0	180	-69.8899
648.413	-47.4073	468.395	0	180	-69.8914
648.344	-47.3388	468.497	0	180	-69.8928
648.275	-47.2702	468.6	0	180	-69.8943
648.206	-47.2016	468.703	0	180	-69.8958
648.137	-47.133	468.806	0	180	-69.8972
648.068	-47.0644	468.908	0	180	-69.8987
647.999	-46.9958	469.011	0	180	-69.9002
647.93	-46.9272	469.114	0	180	-69.9016
647.861	-46.8586	469.217	0	180	-69.9031
647.792	-46.79	469.319	0	180	-69.9046
647.722	-46.7214	469.422	0	180	-69.906
647.653	-46.6528	469.525	0	180	-69.9075
647.584	-46.5843	469.628	0	180	-69.909
647.515	-46.5157	469.731	0	180	-69.9105
647.446	-46.4471	469.833	0	180	-69.9119
647.377	-46.3785	469.936	0	180	-69.9134
647.308	-46.3099	470.039	0	180	-69.9149
647.239	-46.2413	470.142	0	180	-69.9163
647.17	-46.1727	470.244	0	180	-69.9178
647.101	-46.1041	470.347	0	180	-69.9193
647.032	-46.0355	470.45	0	180	-69.9207
646.963	-45.9669	470.553	0	180	-69.9222
646.894	-45.8984	470.655	0	180	-69.9237
646.825	-45.8298	470.758	0	180	-69.9251
646.756	-45.7612	470.861	0	180	-69.9266
646.687	-45.6926	470.964	0	180	-69.9281
646.617	-45.624	471.066	0	180	-69.9295
646.548	-45.5554	471.169	0	180	-69.931
646.479	-45.4868	471.272	0	180	-69.9325
646.41	-45.4182	471.375	0	180	-69.9339
646.341	-45.3496	471.477	0	180	-69.9354
646.272	-45.281	471.58	0	180	-69.9369
646.203	-45.2124	471.683	0	180	-69.9384
646.134	-45.1439	471.786	0	180	-69.9398
646.065	-45.0753	471.888	0	180	-69.9413
645.996	-45.0067	471.991	0	180	-69.9428
645.927	-44.9381	472.094	0	180	-69.9442
645.858	-44.8695	472.197	0	180	-69.9457
645.789	-44.8009	472.299	0	180	-69.9472
645.72	-44.7323	472.402	0	180	-69.9486
645.651	-44.6637	472.505	0	180	-69.9501
645.582	-44.5951	472.608	0	180	-69.9516
645.512	-44.5265	472.71	0	180	-69.953
645.443	-44.4579	472.813	0	180	-69.9545
645.374	-44.3894	472.916	0	180	-69.956
645.305	-44.3208	473.019	0	180	-69.9574
645.236	-44.2522	473.121	0	180	-69.9589
645.167	-44.1836	473.224	0	180	-69.9604
645.098	-44.115	473.327	0	180	-69.9618
645.029	-44.0464	473.43	0	180	-69.9633
644.96	-43.9778	473.533	0	180	-69.9648
644.891	-43.9092	473.635	0	180	-69.9662
644.822	-43.8406	473.738	0	180	-69.9677
644.753	-43.772	473.841	0	180	-69.9692
644.684	-43.7034	473.944	0	180	-69.9707
644.615	-43.6349	474.046	0	180	-69.9721
644.546	-43.5663	474.149	0	180	-69.9736
644.477	-43.4977	474.252	0	180	-69.9751
644.407	-43.4291	474.355	0	180	-69.9765
644.338	-43.3605	474.457	0	180	-69.978
644.269	-43.2919	474.56	0	180	-69.9795
644.2	-43.2233	474.663	0	180	-69.9809
644.131	-43.1547	474.766	0	180	-69.9824
644.062	-43.0861	474.868	0	180	-69.9839
643.993	-43.0175	474.971	0	180	-69.9853
643.924	-42.949	475.074	0	180	-69.9868
643.855	-42.8804	475.177	0	180	-69.9883
643.786	-42.8118	475.279	0	180	-69.9897
643.717	-42.7432	475.382	0	180	-69.9912
643.648	-42.6746	475.485	0	180	-69.9927
643.579	-42.606	475.588	0	180	-69.9941
643.51	-42.5374	475.69	0	180	-69.9956
643.441	-42.4688	475.793	0	180	-69.9971
643.372	-42.4002	475.896	0	180	-69.9985
643.302	-42.3316	475.999	0	180	-70
643.233	-42.263	476.101	0	180	-70.0015
643.164	-42.1945	476.204	0	180	-70.003
643.095	-42.1259	476.307	0	180	-70.0044
643.026	-42.0573	476.41	0	180	-70.0059
642.957	-41.9887	476.512	0	180	-70.0074
642.888	-41.9201	476.615	0	180	-70.0088
642.819	-41.8515	476.718	0	180	-70.0103
642.75	-41.7829	476.821	0	180	-70.0118
642.681	-41.7143	476.923	0	180	-70.0132
642.612	-41.6457	477.026	0	180	-70.0147
642.543	-41.5771	477.129	0	180	-70.0162
642.474	-41.5085	477.232	0	180	-70.0176
642.405	-41.44	477.335	0	180	-70.0191
642.336	-41.3714	477.437	0	180	-70.0206
642.267	-41.3028	477.54	0	180	-70.022
642.197	-41.2342	477.643	0	180	-70.0235
642.128	-41.1656	477.746	0	180	-70.025
642.059	-41.097	477.848	0	180	-70.0264
641.99	-41.0284	477.951	0	180	-70.0279
641.921	-40.9598	478.054	0	180	-70.0294
641.852	-40.8912	478.157	0	180	-70.0308
641.783	-40.8226	478.259	0	180	-70.0323
641.714	-40.7541	478.362	0	180	-70.0338
641.645	-40.6855	478.465	0	180	-70.0353
641.576	-40.6169	478.568	0	180	-70.0367
641.507	-40.5483	478.67	0	180	-70.0382
641.438	-40.4797	478.773	0	180	-70.0397
641.369	-40.4111	478.876	0	180	-70.0411
641.3	-40.3425	478.979	0	180	-70.0426
641.231	-40.2739	479.081	0	180	-70.0441
641.162	-40.2053	479.184	0	180	-70.0455
641.092	-40.1367	479.287	0	180	-70.047
641.023	-40.0681	479.39	0	180	-70.0485
640.954	-39.9996	479.492	0	180	-70.0499
640.885	-39.931	479.595	0	180	-70.0514
640.816	-39.8624	479.698	0	180	-70.0529
640.747	-39.7938	479.801	0	180	-70.0543
640.678	-39.7252	479.903	0	180	-70.0558
640.609	-39.6566	480.006	0	180	-70.0573
640.54	-39.588	480.109	0	180	-70.0587
640.471	-39.5194	480.212	0	180	-70.0602
640.402	-39.4508	480.314	0	180	-70.0617
640.333	-39.3822	480.417	0	180	-70.0631
640.264	-39.3136	480.52	0	180	-70.0646
640.195	-39.2451	480.623	0	180	-70.0661
640.126	-39.1765	480.725	0	180	-70.0676
640.057	-39.1079	480.828	0	180	-70.069
639.987	-39.0393	480.931	0	180	-70.0705
639.918	-38.9707	481.034	0	180	-70.072
639.849	-38.9021	481.137	0	180	-70.0734
639.78	-38.8335	481.239	0	180	-70.0749
639.711	-38.7649	481.342	0	180	-70.0764
639.642	-38.6963	481.445	0	180	-70.0778
639.573	-38.6277	481.548	0	180	-70.0793
639.504	-38.5591	481.65	0	180	-70.0808
639.435	-38.4906	481.753	0	180	-70.0822
639.366	-38.422	481.856	0	180	-70.0837
639.297	-38.3534	481.959	0	180	-70.0852
639.228	-38.2848	482.061	0	180	-70.0866
639.159	-38.2162	482.164	0	180	-70.0881
639.09	-38.1476	482.267	0	180	-70.0896
639.021	-38.079	482.37	0	180	-70.091
638.952	-38.0104	482.472	0	180	-70.0925
638.882	-37.9418	482.575	0	180	-70.094
638.813	-37.8732	482.678	0	180	-70.0954
638.744	-37.8047	482.781	0	180	-70.0969
638.675	-37.7361	482.883	0	180	-70.0984
638.606	-37.6675	482.986	0	180	-70.0999
638.537	-37.5989	483.089	0	180	-70.1013
638.468	-37.5303	483.192	0	180	-70.1028
638.399	-37.4617	483.294	0	180	-70.1043
638.33	-37.3931	483.397	0	180	-70.1057
638.261	-37.3245	483.5	0	180	-70.1072
638.192	-37.2559	483.603	0	180	-70.1087
638.123	-37.1873	483.705	0	180	-70.1101
638.054	-37.1187	483.808	0	180	-70.1116
637.985	-37.0502	483.911	0	180	-70.1131
637.916	-36.9816	484.014	0	180	-70.1145
637.847	-36.913	484.116	0	180	-70.116
637.777	-36.8444	484.219	0	180	-70.1175
637.708	-36.7758	484.322	0	180	-70.1189
637.639	-36.7072	484.425	0	180	-70.1204
637.57	-36.6386	484.527	0	180	-70.1219
637.501	-36.57	484.63	0	180	-70.1233
637.432	-36.5014	484.733	0	180	-70.1248
637.363	-36.4328	484.836	0	180	-70.1263
637.294	-36.3642	484.938	0	180	-70.1278
637.225	-36.2957	485.041	0	180	-70.1292
637.156	-36.2271	485.144	0	180	-70.1307
637.087	-36.1585	485.247	0	180	-70.1322
637.018	-36.0899	485.35	0	180	-70.1336
636.949	-36.0213	485.452	0	180	-70.1351
636.88	-35.9527	485.555	0	180	-70.1366
636.811	-35.8841	485.658	0	180	-70.138
636.742	-35.8155	485.761	0	180	-70.1395
636.672	-35.7469	485.863	0	180	-70.141
636.603	-35.6783	485.966	0	180	-70.1424
636.534	-35.6098	486.069	0	180	-70.1439
636.465	-35.5412	486.172	0	180	-70.1454
636.396	-35.4726	486.274	0	180	-70.1468
636.327	-35.404	486.377	0	180	-70.1483
636.258	-35.3354	486.48	0	180	-70.1498
636.189	-35.2668	486.583	0	180	-70.1512
636.12	-35.1982	486.685	0	180	-70.1527
636.051	-35.1296	486.788	0	180	-70.1542
635.982	-35.061	486.891	0	180	-70.1556
635.913	-34.9924	486.994	0	180	-70.1571
635.844	-34.9238	487.096	0	180	-70.1586
635.775	-34.8553	487.199	0	180	-70.1601
635.706	-34.7867	487.302	0	180	-70.1615
635.637	-34.7181	487.405	0	180	-70.163
635.567	-34.6495	487.507	0	180	-70.1645
635.498	-34.5809	487.61	0	180	-70.1659
635.429	-34.5123	487.713	0	180	-70.1674
635.36	-34.4437	487.816	0	180	-70.1689
635.291	-34.3751	487.918	0	180	-70.1703
635.222	-34.3065	488.021	0	180	-70.1718
635.153	-34.2379	488.124	0	180	-70.1733
635.084	-34.1693	488.227	0	180	-70.1747
635.015	-34.1008	488.329	0	180	-70.1762
634.946	-34.0322	488.432	0	180	-70.1777
634.877	-33.9636	488.535	0	180	-70.1791
634.808	-33.895	488.638	0	180	-70.1806
634.739	-33.8264	488.74	0	180	-70.1821
634.67	-33.7578	488.843	0	180	-70.1835
634.601	-33.6892	488.946	0	180	-70.185
634.532	-33.6206	489.049	0	180	-70.1865
634.462	-33.552	489.152	0	180	-70.1879
634.393	-33.4834	489.254	0	180	-70.1894
634.324	-33.4149	489.357	0	180	-70.1909
634.255	-33.3463	489.46	0	180	-70.1924
634.186	-33.2777	489.563	0	180	-70.1938
634.117	-33.2091	489.665	0	180	-70.1953
634.048	-33.1405	489.768	0	180	-70.1968
633.979	-33.0719	489.871	0	180	-70.1982
633.91	-33.0033	489.974	0	180	-70.1997
633.841	-32.9347	490.076	0	180	-70.2012
633.772	-32.8661	490.179	0	180	-70.2026
633.703	-32.7975	490.282	0	180	-70.2041
633.634	-32.7289	490.385	0	180	-70.2056
633.565	-32.6604	490.487	0	180	-70.207
633.496	-32.5918	490.59	0	180	-70.2085
633.427	-32.5232	490.693	0	180	-70.21
633.357	-32.4546	490.796	0	180	-70.2114
633.288	-32.386	490.898	0	180	-70.2129
633.219	-32.3174	491.001	0	180	-70.2144
633.15	-32.2488	491.104	0	180	-70.2158
633.081	-32.1802	491.207	0	180	-70.2173
633.012	-32.1116	491.309	0	180	-70.2188
632.943	-32.043	491.412	0	180	-70.2202
632.874	-31.9744	491.515	0	180	-70.2217
632.805	-31.9059	491.618	0	180	-70.2232
632.736	-31.8373	491.72	0	180	-70.2247
632.667	-31.7687	491.823	0	180	-70.2261
632.598	-31.7001	491.926	0	180	-70.2276
632.529	-31.6315	492.029	0	180	-70.2291
632.46	-31.5629	492.131	0	180	-70.2305
632.391	-31.4943	492.234	0	180	-70.232
632.322	-31.4257	492.337	0	180	-70.2335
632.252	-31.3571	492.44	0	180	-70.2349
632.183	-31.2885	492.542	0	180	-70.2364
632.114	-31.2199	492.645	0	180	-70.2379
632.045	-31.1514	492.748	0	180	-70.2393
631.976	-31.0828	492.851	0	180	-70.2408
631.907	-31.0142	492.954	0	180	-70.2423
631.838	-30.9456	493.056	0	180	-70.2437
631.769	-30.877	493.159	0	180	-70.2452
631.7	-30.8084	493.262	0	180	-70.2467
631.631	-30.7398	493.365	0	180	-70.2481
631.562	-30.6712	493.467	0	180	-70.2496
631.493	-30.6026	493.57	0	180	-70.2511
631.424	-30.534	493.673	0	180	-70.2525
631.355	-30.4655	493.776	0	180	-70.254
631.286	-30.3969	493.878	0	180	-70.2555
631.217	-30.3283	493.981	0	180	-70.257
631.147	-30.2597	494.084	0	180	-70.2584
631.078	-30.1911	494.187	0	180	-70.2599
631.009	-30.1225	494.289	0	180	-70.2614
630.94	-30.0539	494.392	0	180	-70.2628
630.871	-29.9853	494.495	0	180	-70.2643
630.802	-29.9167	494.598	0	180	-70.2658
630.733	-29.8481	494.7	0	180	-70.2672
630.664	-29.7795	494.803	0	180	-70.2687
630.595	-29.711	494.906	0	180	-70.2702
630.526	-29.6424	495.009	0	180	-70.2716
630.457	-29.5738	495.111	0	180	-70.2731
630.388	-29.5052	495.214	0	180	-70.2746
630.319	-29.4366	495.317	0	180	-70.276
630.25	-29.368	495.42	0	180	-70.2775
630.181	-29.2994	495.522	0	180	-70.279
630.112	-29.2308	495.625	0	180	-70.2804
630.042	-29.1622	495.728	0	180	-70.2819
629.973	-29.0936	495.831	0	180	-70.2834
629.904	-29.025	495.933	0	180	-70.2849
629.835	-28.9565	496.036	0	180	-70.2863
629.766	-28.8879	496.139	0	180	-70.2878
629.697	-28.8193	496.242	0	180	-70.2893
629.628	-28.7507	496.344	0	180	-70.2907
629.559	-28.6821	496.447	0	180	-70.2922
629.49	-28.6135	496.55	0	180	-70.2937
629.421	-28.5449	496.653	0	180	-70.2951
629.352	-28.4763	496.756	0	180	-70.2966
629.283	-28.4077	496.858	0	180	-70.2981
629.214	-28.3391	496.961	0	180	-70.2995
629.145	-28.2706	497.064	0	180	-70.301
629.076	-28.202	497.167	0	180	-70.3025
629.007	-28.1334	497.269	0	180	-70.3039
628.937	-28.0648	497.372	0	180	-70.3054
628.868	-27.9962	497.475	0	180	-70.3069
628.799	-27.9276	497.578	0	180	-70.3083
628.73	-27.859	497.68	0	180	-70.3098
628.661	-27.7904	497.783	0	180	-70.3113
628.592	-27.7218	497.886	0	180	-70.3127
628.523	-27.6532	497.989	0	180	-70.3142
628.454	-27.5846	498.091	0	180	-70.3157
628.385	-27.5161	498.194	0	180	-70.3172
628.316	-27.4475	498.297	0	180	-70.3186
628.247	-27.3789	498.4	0	180	-70.3201
628.178	-27.3103	498.502	0	180	-70.3216
628.109	-27.2417	498.605	0	180	-70.323
628.04	-27.1731	498.708	0	180	-70.3245
627.971	-27.1045	498.811	0	180	-70.326
627.902	-27.0359	498.913	0	180	-70.3274
627.832	-26.9673	499.016	0	180	-70.3289
627.763	-26.8987	499.119	0	180	-70.3304
627.694	-26.8301	499.222	0	180	-70.3318
627.625	-26.7616	499.324	0	180	-70.3333
627.556	-26.693	499.427	0	180	-70.3348
627.487	-26.6244	499.53	0	180	-70.3362
627.418	-26.5558	499.633	0	180	-70.3377
627.349	-26.4872	499.735	0	180	-70.3392
627.28	-26.4186	499.838	0	180	-70.3406
627.211	-26.35	499.941	0	180	-70.3421
627.142	-26.2814	500.044	0	180	-70.3436
627.073	-26.2128	500.146	0	180	-70.345
627.004	-26.1442	500.249	0	180	-70.3465
626.935	-26.0756	500.352	0	180	-70.348
626.866	-26.0071	500.455	0	180	-70.3495
626.797	-25.9385	500.558	0	180	-70.3509
626.727	-25.8699	500.66	0	180	-70.3524
626.658	-25.8013	500.763	0	180	-70.3539
626.589	-25.7327	500.866	0	180	-70.3553
626.52	-25.6641	500.969	0	180	-70.3568
626.451	-25.5955	501.071	0	180	-70.3583
626.382	-25.5269	501.174	0	180	-70.3597
626.313	-25.4583	501.277	0	180	-70.3612
626.244	-25.3897	501.38	0	180	-70.3627
626.175	-25.3212	501.482	0	180	-70.3641
626.106	-25.2526	501.585	0	180	-70.3656
626.037	-25.184	501.688	0	180	-70.3671
625.968	-25.1154	501.791	0	180	-70.3685
625.899	-25.0468	501.893	0	180	-70.37
625.83	-24.9782	501.996	0	180	-70.3715
625.761	-24.9096	502.099	0	180	-70.3729
625.692	-24.841	502.202	0	180	-70.3744
625.622	-24.7724	502.304	0	180	-70.3759
625.553	-24.7038	502.407	0	180	-70.3773
625.484	-24.6352	502.51	0	180	-70.3788
625.415	-24.5667	502.613	0	180	-70.3803
625.346	-24.4981	502.715	0	180	-70.3818
625.277	-24.4295	502.818	0	180	-70.3832
625.208	-24.3609	502.921	0	180	-70.3847
625.139	-24.2923	503.024	0	180	-70.3862
625.07	-24.2237	503.126	0	180	-70.3876
625.001	-24.1551	503.229	0	180	-70.3891
624.932	-24.0865	503.332	0	180	-70.3906
624.863	-24.0179	503.435	0	180	-70.392
624.794	-23.9493	503.537	0	180	-70.3935
624.725	-23.8807	503.64	0	180	-70.395
624.656	-23.8122	503.743	0	180	-70.3964
624.587	-23.7436	503.846	0	180	-70.3979
624.517	-23.675	503.948	0	180	-70.3994
624.448	-23.6064	504.051	0	180	-70.4008
624.379	-23.5378	504.154	0	180	-70.4023
624.31	-23.4692	504.257	0	180	-70.4038
624.241	-23.4006	504.36	0	180	-70.4052
624.172	-23.332	504.462	0	180	-70.4067
624.103	-23.2634	504.565	0	180	-70.4082
624.034	-23.1948	504.668	0	180	-70.4096
623.965	-23.1263	504.771	0	180	-70.4111
623.896	-23.0577	504.873	0	180	-70.4126
623.827	-22.9891	504.976	0	180	-70.4141
623.758	-22.9205	505.079	0	180	-70.4155
623.689	-22.8519	505.182	0	180	-70.417
623.62	-22.7833	505.284	0	180	-70.4185
623.551	-22.7147	505.387	0	180	-70.4199
623.482	-22.6461	505.49	0	180	-70.4214
623.412	-22.5775	505.593	0	180	-70.4229
623.343	-22.5089	505.695	0	180	-70.4243
623.274	-22.4403	505.798	0	180	-70.4258
623.205	-22.3718	505.901	0	180	-70.4273
623.136	-22.3032	506.004	0	180	-70.4287
623.067	-22.2346	506.106	0	180	-70.4302
622.998	-22.166	506.209	0	180	-70.4317
622.929	-22.0974	506.312	0	180	-70.4331
622.86	-22.0288	506.415	0	180	-70.4346
622.791	-21.9602	506.517	0	180	-70.4361
622.722	-21.8916	506.62	0	180	-70.4375
622.653	-21.823	506.723	0	180	-70.439
622.584	-21.7544	506.826	0	180	-70.4405
622.515	-21.6858	506.928	0	180	-70.442
622.446	-21.6173	507.031	0	180	-70.4434
622.377	-21.5487	507.134	0	180	-70.4449
622.307	-21.4801	507.237	0	180	-70.4464
622.238	-21.4115	507.339	0	180	-70.4478
622.169	-21.3429	507.442	0	180	-70.4493
622.1	-21.2743	507.545	0	180	-70.4508
622.031	-21.2057	507.648	0	180	-70.4522
621.962	-21.1371	507.75	0	180	-70.4537
621.893	-21.0685	507.853	0	180	-70.4552
621.824	-20.9999	507.956	0	180	-70.4566
621.755	-20.9313	508.059	0	180	-70.4581
621.686	-20.8628	508.161	0	180	-70.4596
621.617	-20.7942	508.264	0	180	-70.461
621.548	-20.7256	508.367	0	180	-70.4625
621.479	-20.657	508.47	0	180	-70.464
621.41	-20.5884	508.573	0	180	-70.4654
621.341	-20.5198	508.675	0	180	-70.4669
621.272	-20.4512	508.778	0	180	-70.4684
621.202	-20.3826	508.881	0	180	-70.4698
621.133	-20.314	508.984	0	180	-70.4713
621.064	-20.2454	509.086	0	180	-70.4728
620.995	-20.1769	509.189	0	180	-70.4743
620.926	-20.1083	509.292	0	180	-70.4757
620.857	-20.0397	509.395	0	180	-70.4772
620.788	-19.9711	509.497	0	180	-70.4787
620.719	-19.9025	509.6	0	180	-70.4801
620.65	-19.8339	509.703	0	180	-70.4816
620.581	-19.7653	509.806	0	180	-70.4831
620.512	-19.6967	509.908	0	180	-70.4845
620.443	-19.6281	510.011	0	180	-70.486
620.374	-19.5595	510.114	0	180	-70.4875
620.305	-19.4909	510.217	0	180	-70.4889
620.236	-19.4224	510.319	0	180	-70.4904
620.167	-19.3538	510.422	0	180	-70.4919
620.097	-19.2852	510.525	0	180	-70.4933
620.028	-19.2166	510.628	0	180	-70.4948
619.959	-19.148	510.73	0	180	-70.4963
619.89	-19.0794	510.833	0	180	-70.4977
619.821	-19.0108	510.936	0	180	-70.4992
619.752	-18.9422	511.039	0	180	-70.5007
619.683	-18.8736	511.141	0	180	-70.5021
619.614	-18.805	511.244	0	180	-70.5036
619.545	-18.7364	511.347	0	180	-70.5051
619.476	-18.6679	511.45	0	180	-70.5066
619.407	-18.5993	511.552	0	180	-70.508
619.338	-18.5307	511.655	0	180	-70.5095
619.269	-18.4621	511.758	0	180	-70.511
619.2	-18.3935	511.861	0	180	-70.5124
619.131	-18.3249	511.963	0	180	-70.5139
619.062	-18.2563	512.066	0	180	-70.5154
618.992	-18.1877	512.169	0	180	-70.5168
618.923	-18.1191	512.272	0	180	-70.5183
618.854	-18.0505	512.375	0	180	-70.5198
618.785	-17.982	512.477	0	180	-70.5212
618.716	-17.9134	512.58	0	180	-70.5227
618.647	-17.8448	512.683	0	180	-70.5242
618.578	-17.7762	512.786	0	180	-70.5256
618.509	-17.7076	512.888	0	180	-70.5271
618.44	-17.639	512.991	0	180	-70.5286
618.371	-17.5704	513.094	0	180	-70.53
618.302	-17.5018	513.197	0	180	-70.5315
618.233	-17.4332	513.299	0	180	-70.533
618.164	-17.3646	513.402	0	180	-70.5344
618.095	-17.296	513.505	0	180	-70.5359
618.026	-17.2275	513.608	0	180	-70.5374
617.957	-17.1589	513.71	0	180	-70.5389
617.887	-17.0903	513.813	0	180	-70.5403
617.818	-17.0217	513.916	0	180	-70.5418
617.749	-16.9531	514.019	0	180	-70.5433
617.68	-16.8845	514.121	0	180	-70.5447
617.611	-16.8159	514.224	0	180	-70.5462
617.542	-16.7473	514.327	0	180	-70.5477
617.473	-16.6787	514.43	0	180	-70.5491
617.404	-16.6101	514.532	0	180	-70.5506
617.335	-16.5415	514.635	0	180	-70.5521
617.266	-16.473	514.738	0	180	-70.5535
617.197	-16.4044	514.841	0	180	-70.555
617.128	-16.3358	514.943	0	180	-70.5565
617.059	-16.2672	515.046	0	180	-70.5579
616.99	-16.1986	515.149	0	180	-70.5594
616.921	-16.13	515.252	0	180	-70.5609
616.852	-16.0614	515.354	0	180	-70.5623
616.782	-15.9928	515.457	0	180	-70.5638
616.713	-15.9242	515.56	0	180	-70.5653
616.644	-15.8556	515.663	0	180	-70.5667
616.575	-15.787	515.765	0	180	-70.5682
616.506	-15.7185	515.868	0	180	-70.5697
616.437	-15.6499	515.971	0	180	-70.5712
616.368	-15.5813	516.074	0	180	-70.5726
616.299	-15.5127	516.177	0	180	-70.5741
616.23	-15.4441	516.279	0	180	-70.5756
616.161	-15.3755	516.382	0	180	-70.577
616.092	-15.3069	516.485	0	180	-70.5785
616.023	-15.2383	516.588	0	180	-70.58
615.954	-15.1697	516.69	0	180	-70.5814
615.885	-15.1011	516.793	0	180	-70.5829
615.816	-15.0326	516.896	0	180	-70.5844
615.747	-14.964	516.999	0	180	-70.5858
615.677	-14.8954	517.101	0	180	-70.5873
615.608	-14.8268	517.204	0	180	-70.5888
615.539	-14.7582	517.307	0	180	-70.5902
615.47	-14.6896	517.41	0	180	-70.5917
615.401	-14.621	517.512	0	180	-70.5932
615.332	-14.5524	517.615	0	180	-70.5946
615.263	-14.4838	517.718	0	180	-70.5961
615.194	-14.4152	517.821	0	180	-70.5976
615.125	-14.3466	517.923	0	180	-70.599
615.056	-14.2781	518.026	0	180	-70.6005
614.987	-14.2095	518.129	0	180	-70.602
614.918	-14.1409	518.232	0	180	-70.6035
614.849	-14.0723	518.334	0	180	-70.6049
614.78	-14.0037	518.437	0	180	-70.6064
614.711	-13.9351	518.54	0	180	-70.6079
614.642	-13.8665	518.643	0	180	-70.6093
614.572	-13.7979	518.745	0	180	-70.6108
614.503	-13.7293	518.848	0	180	-70.6123
614.434	-13.6607	518.951	0	180	-70.6137
614.365	-13.5921	519.054	0	180	-70.6152
614.296	-13.5236	519.156	0	180	-70.6167
614.227	-13.455	519.259	0	180	-70.6181
614.158	-13.3864	519.362	0	180	-70.6196
614.089	-13.3178	519.465	0	180	-70.6211
614.02	-13.2492	519.567	0	180	-70.6225
613.951	-13.1806	519.67	0	180	-70.624
613.882	-13.112	519.773	0	180	-70.6255
613.813	-13.0434	519.876	0	180	-70.6269
613.744	-12.9748	519.979	0	180	-70.6284
613.675	-12.9062	520.081	0	180	-70.6299
613.606	-12.8377	520.184	0	180	-70.6314
613.537	-12.7691	520.287	0	180	-70.6328
613.467	-12.7005	520.39	0	180	-70.6343
613.398	-12.6319	520.492	0	180	-70.6358
613.329	-12.5633	520.595	0	180	-70.6372
613.26	-12.4947	520.698	0	180	-70.6387
613.191	-12.4261	520.801	0	180	-70.6402
613.122	-12.3575	520.903	0	180	-70.6416
613.053	-12.2889	521.006	0	180	-70.6431
612.984	-12.2203	521.109	0	180	-70.6446
612.915	-12.1517	521.212	0	180	-70.646
612.846	-12.0832	521.314	0	180	-70.6475
612.777	-12.0146	521.417	0	180	-70.649
612.708	-11.946	521.52	0	180	-70.6504
612.639	-11.8774	521.623	0	180	-70.6519
612.57	-11.8088	521.725	0	180	-70.6534
612.501	-11.7402	521.828	0	180	-70.6548
612.432	-11.6716	521.931	0	180	-70.6563
612.362	-11.603	522.034	0	180	-70.6578
612.293	-11.5344	522.136	0	180	-70.6592
612.224	-11.4658	522.239	0	180	-70.6607
612.155	-11.3972	522.342	0	180	-70.6622
612.086	-11.3287	522.445	0	180	-70.6637
612.017	-11.2601	522.547	0	180	-70.6651
611.948	-11.1915	522.65	0	180	-70.6666
611.879	-11.1229	522.753	0	180	-70.6681
611.81	-11.0543	522.856	0	180	-70.6695
611.741	-10.9857	522.958	0	180	-70.671
611.672	-10.9171	523.061	0	180	-70.6725
611.603	-10.8485	523.164	0	180	-70.6739
611.534	-10.7799	523.267	0	180	-70.6754
611.465	-10.7113	523.369	0	180	-70.6769
611.396	-10.6428	523.472	0	180	-70.6783
611.327	-10.5742	523.575	0	180	-70.6798
611.257	-10.5056	523.678	0	180	-70.6813
611.188	-10.437	523.781	0	180	-70.6827
611.119	-10.3684	523.883	0	180	-70.6842
611.05	-10.2998	523.986	0	180	-70.6857
610.981	-10.2312	524.089	0	180	-70.6871
610.912	-10.1626	524.192	0	180	-70.6886
610.843	-10.094	524.294	0	180	-70.6901
610.774	-10.0254	524.397	0	180	-70.6915
610.705	-9.95684	524.5	0	180	-70.693
610.636	-9.88825	524.603	0	180	-70.6945
610.567	-9.81966	524.705	0	180	-70.696
610.498	-9.75107	524.808	0	180	-70.6974
610.429	-9.68248	524.911	0	180	-70.6989
610.36	-9.61389	525.014	0	180	-70.7004
610.291	-9.5453	525.116	0	180	-70.7018
610.222	-9.47671	525.219	0	180	-70.7033
610.152	-9.40812	525.322	0	180	-70.7048
610.083	-9.33953	525.425	0	180	-70.7062
610.014	-9.27094	525.527	0	180	-70.7077
609.945	-9.20235	525.63	0	180	-70.7092
609.876	-9.13376	525.733	0	180	-70.7106
609.807	-9.06516	525.836	0	180	-70.7121
609.738	-8.99657	525.938	0	180	-70.7136
609.669	-8.92798	526.041	0	180	-70.715
609.6	-8.85939	526.144	0	180	-70.7165
609.531	-8.7908	526.247	0	180	-70.718
609.462	-8.72221	526.349	0	180	-70.7194
609.393	-8.65362	526.452	0	180	-70.7209
609.324	-8.58503	526.555	0	180	-70.7224
609.255	-8.51644	526.658	0	180	-70.7238
609.186	-8.44785	526.76	0	180	-70.7253
609.117	-8.37926	526.863	0	180	-70.7268
609.047	-8.31067	526.966	0	180	-70.7283
608.978	-8.24208	527.069	0	180	-70.7297
608.909	-8.17349	527.171	0	180	-70.7312
608.84	-8.1049	527.274	0	180	-70.7327
608.771	-8.0363	527.377	0	180	-70.7341
608.702	-7.96771	527.48	0	180	-70.7356
608.633	-7.89912	527.583	0	180	-70.7371
608.564	-7.83053	527.685	0	180	-70.7385
608.495	-7.76194	527.788	0	180	-70.74
608.426	-7.69335	527.891	0	180	-70.7415
608.357	-7.62476	527.994	0	180	-70.7429
608.288	-7.55617	528.096	0	180	-70.7444
608.219	-7.48758	528.199	0	180	-70.7459
608.15	-7.41899	528.302	0	180	-70.7473
608.081	-7.3504	528.405	0	180	-70.7488
608.012	-7.28181	528.507	0	180	-70.7503
607.942	-7.21322	528.61	0	180	-70.7517
607.873	-7.14463	528.713	0	180	-70.7532
607.804	-7.07604	528.816	0	180	-70.7547
607.735	-7.00744	528.918	0	180	-70.7561
607.666	-6.93885	529.021	0	180	-70.7576
607.597	-6.87026	529.124	0	180	-70.7591
607.528	-6.80167	529.227	0	180	-70.7606
607.459	-6.73308	529.329	0	180	-70.762
607.39	-6.66449	529.432	0	180	-70.7635
607.321	-6.5959	529.535	0	180	-70.765
607.252	-6.52731	529.638	0	180	-70.7664
607.183	-6.45872	529.74	0	180	-70.7679
607.114	-6.39013	529.843	0	180	-70.7694
607.045	-6.32154	529.946	0	180	-70.7708
606.976	-6.25295	530.049	0	180	-70.7723
606.907	-6.18436	530.151	0	180	-70.7738
606.837	-6.11577	530.254	0	180	-70.7752
606.768	-6.04718	530.357	0	180	-70.7767
606.699	-5.97858	530.46	0	180	-70.7782
606.63	-5.90999	530.562	0	180	-70.7796
606.561	-5.8414	530.665	0	180	-70.7811
606.492	-5.77281	530.768	0	180	-70.7826
606.423	-5.70422	530.871	0	180	-70.784
606.354	-5.63563	530.973	0	180	-70.7855
606.285	-5.56704	531.076	0	180	-70.787
606.216	-5.49845	531.179	0	180	-70.7885
606.147	-5.42986	531.282	0	180	-70.7899
606.078	-5.36127	531.384	0	180	-70.7914
606.009	-5.29268	531.487	0	180	-70.7929
605.94	-5.22409	531.59	0	180	-70.7943
605.871	-5.1555	531.693	0	180	-70.7958
605.802	-5.08691	531.796	0	180	-70.7973
605.732	-5.01832	531.898	0	180	-70.7987
605.663	-4.94973	532.001	0	180	-70.8002
605.594	-4.88113	532.104	0	180	-70.8017
605.525	-4.81254	532.207	0	180	-70.8031
605.456	-4.74395	532.309	0	180	-70.8046
605.387	-4.67536	532.412	0	180	-70.8061
605.318	-4.60677	532.515	0	180	-70.8075
605.249	-4.53818	532.618	0	180	-70.809
605.18	-4.46959	532.72	0	180	-70.8105
605.111	-4.401	532.823	0	180	-70.8119
605.042	-4.33241	532.926	0	180	-70.8134
604.973	-4.26382	533.029	0	180	-70.8149
604.904	-4.19523	533.131	0	180	-70.8163
604.835	-4.12664	533.234	0	180	-70.8178
604.766	-4.05805	533.337	0	180	-70.8193
604.697	-3.98946	533.44	0	180	-70.8208
604.627	-3.92087	533.542	0	180	-70.8222
604.558	-3.85227	533.645	0	180	-70.8237
604.489	-3.78368	533.748	0	180	-70.8252
604.42	-3.71509	533.851	0	180	-70.8266
604.351	-3.6465	533.953	0	180	-70.8281
604.282	-3.57791	534.056	0	180	-70.8296
604.213	-3.50932	534.159	0	180	-70.831
604.144	-3.44073	534.262	0	180	-70.8325
604.075	-3.37214	534.364	0	180	-70.834
604.006	-3.30355	534.467	0	180	-70.8354
603.937	-3.23496	534.57	0	180	-70.8369
603.868	-3.16637	534.673	0	180	-70.8384
603.799	-3.09778	534.775	0	180	-70.8398
603.73	-3.02919	534.878	0	180	-70.8413
603.661	-2.9606	534.981	0	180	-70.8428
603.592	-2.89201	535.084	0	180	-70.8442
603.522	-2.82341	535.186	0	180	-70.8457
603.453	-2.75482	535.289	0	180	-70.8472
603.384	-2.68623	535.392	0	180	-70.8486
603.315	-2.61764	535.495	0	180	-70.8501
603.246	-2.54905	535.598	0	180	-70.8516
603.177	-2.48046	535.7	0	180	-70.8531
603.108	-2.41187	535.803	0	180	-70.8545
603.039	-2.34328	535.906	0	180	-70.856
602.97	-2.27469	536.009	0	180	-70.8575
602.901	-2.2061	536.111	0	180	-70.8589
602.832	-2.13751	536.214	0	180	-70.8604
602.763	-2.06892	536.317	0	180	-70.8619
602.694	-2.00033	536.42	0	180	-70.8633
602.625	-1.93174	536.522	0	180	-70.8648
602.556	-1.86315	536.625	0	180	-70.8663
602.487	-1.79455	536.728	0	180	-70.8677
602.417	-1.72596	536.831	0	180	-70.8692
602.348	-1.65737	536.933	0	180	-70.8707
602.279	-1.58878	537.036	0	180	-70.8721
602.21	-1.52019	537.139	0	180	-70.8736
602.141	-1.4516	537.242	0	180	-70.8751
602.072	-1.38301	537.344	0	180	-70.8765
602.003	-1.31442	537.447	0	180	-70.878
601.934	-1.24583	537.55	0	180	-70.8795
601.865	-1.17724	537.653	0	180	-70.8809
601.796	-1.10865	537.755	0	180	-70.8824
601.727	-1.04006	537.858	0	180	-70.8839
601.658	-0.971467	537.961	0	180	-70.8854
601.589	-0.902876	538.064	0	180	-70.8868
601.52	-0.834285	538.166	0	180	-70.8883
601.451	-0.765695	538.269	0	180	-70.8898
601.382	-0.697104	538.372	0	180	-70.8912
601.312	-0.628513	538.475	0	180	-70.8927
601.243	-0.559923	538.577	0	180	-70.8942
601.174	-0.491332	538.68	0	180	-70.8956
601.105	-0.422741	538.783	0	180	-70.8971
601.036	-0.354151	538.886	0	180	-70.8986
600.967	-0.28556	538.988	0	180	-70.9
600.898	-0.216969	539.091	0	180	-70.9015
600.829	-0.148379	539.194	0	180	-70.903
600.76	-0.0797879	539.297	0	180	-70.9044
600.691	-0.0111973	539.4	0	180	-70.9059
600.622	0.0573934	539.502	0	180	-70.9074
600.553	0.125984	539.605	0	180	-70.9088
600.484	0.194575	539.708	0	180	-70.9103
600.415	0.263165	539.811	0	180	-70.9118
600.346	0.331756	539.913	0	180	-70.9132
600.277	0.400347	540.016	0	180	-70.9147
600.207	0.468937	540.119	0	180	-70.9162
600.138	0.537528	540.222	0	180	-70.9177
600.069	0.606119	540.324	0	180	-70.9191
600	0.674709	540.427	0	180	-70.9206
599.931	0.7433	540.53	0	180	-70.9221
599.862	0.811891	540.633	0	180	-70.9235
599.793	0.880481	540.735	0	180	-70.925
599.724	0.949072	540.838	0	180	-70.9265
599.655	1.01766	540.941	0	180	-70.9279
599.586	1.08625	541.044	0	180	-70.9294
599.517	1.15484	541.146	0	180	-70.9309
599.448	1.22343	541.249	0	180	-70.9323
599.379	1.29203	541.352	0	180	-70.9338
599.31	1.36062	541.455	0	180	-70.9353
599.241	1.42921	541.557	0	180	-70.9367
599.172	1.4978	541.66	0	180	-70.9382
599.102	1.56639	541.763	0	180	-70.9397
599.033	1.63498	541.866	0	180	-70.9411
598.964	1.70357	541.968	0	180	-70.9426
598.895	1.77216	542.071	0	180	-70.9441
598.826	1.84075	542.174	0	180	-70.9455
598.757	1.90934	542.277	0	180	-70.947
598.688	1.97793	542.379	0	180	-70.9485
598.619	2.04652	542.482	0	180	-70.95
598.55	2.11511	542.585	0	180	-70.9514
598.481	2.1837	542.688	0	180	-70.9529
598.412	2.25229	542.79	0	180	-70.9544
598.343	2.32089	542.893	0	180	-70.9558
598.274	2.38948	542.996	0	180	-70.9573
598.205	2.45807	543.099	0	180	-70.9588
598.136	2.52666	543.202	0	180	-70.9602
598.067	2.59525	543.304	0	180	-70.9617
597.997	2.66384	543.407	0	180	-70.9632
597.928	2.73243	543.51	0	180	-70.9646
597.859	2.80102	543.613	0	180	-70.9661
597.79	2.86961	543.715	0	180	-70.9676
597.721	2.9382	543.818	0	180	-70.969
597.652	3.00679	543.921	0	180	-70.9705
597.583	3.07538	544.024	0	180	-70.972
597.514	3.14397	544.126	0	180	-70.9734
597.445	3.21256	544.229	0	180	-70.9749
597.376	3.28115	544.332	0	180	-70.9764
597.307	3.34975	544.435	0	180	-70.9779
597.238	3.41834	544.537	0	180	-70.9793
597.169	3.48693	544.64	0	180	-70.9808
597.1	3.55552	544.743	0	180	-70.9823
597.031	3.62411	544.846	0	180	-70.9837
596.962	3.6927	544.948	0	180	-70.9852
596.892	3.76129	545.051	0	180	-70.9867
596.823	3.82988	545.154	0	180	-70.9881
596.754	3.89847	545.257	0	180	-70.9896
596.685	3.96706	545.359	0	180	-70.9911
596.616	4.03565	545.462	0	180	-70.9925
596.547	4.10424	545.565	0	180	-70.994
596.478	4.17283	545.668	0	180	-70.9955
596.409	4.24142	545.77	0	180	-70.9969
596.34	4.31001	545.873	0	180	-70.9984
596.271	4.37861	545.976	0	180	-70.9999
596.202	4.4472	546.079	0	180	-71.0013
596.133	4.51579	546.181	0	180	-71.0028
596.064	4.58438	546.284	0	180	-71.0043
595.995	4.65297	546.387	0	180	-71.0057
595.926	4.72156	546.49	0	180	-71.0072
595.857	4.79015	546.592	0	180	-71.0087
595.787	4.85874	546.695	0	180	-71.0102
595.718	4.92733	546.798	0	180	-71.0116
595.649	4.99592	546.901	0	180	-71.0131
595.58	5.06451	547.004	0	180	-71.0146
595.511	5.1331	547.106	0	180	-71.016
595.442	5.20169	547.209	0	180	-71.0175
595.373	5.27028	547.312	0	180	-71.019
595.304	5.33887	547.415	0	180	-71.0204
595.235	5.40747	547.517	0	180	-71.0219
595.166	5.47606	547.62	0	180	-71.0234
595.097	5.54465	547.723	0	180	-71.0248
595.028	5.61324	547.826	0	180	-71.0263
594.959	5.68183	547.928	0	180	-71.0278
594.89	5.75042	548.031	0	180	-71.0292
594.821	5.81901	548.134	0	180	-71.0307
594.752	5.8876	548.237	0	180	-71.0322
594.682	5.95619	548.339	0	180	-71.0336
594.613	6.02478	548.442	0	180	-71.0351
594.544	6.09337	548.545	0	180	-71.0366
594.475	6.16196	548.648	0	180	-71.038
594.406	6.23055	548.75	0	180	-71.0395
594.337	6.29914	548.853	0	180	-71.041
594.268	6.36773	548.956	0	180	-71.0425
594.199	6.43633	549.059	0	180	-71.0439
594.13	6.50492	549.161	0	180	-71.0454
594.061	6.57351	549.264	0	180	-71.0469
593.992	6.6421	549.367	0	180	-71.0483
593.923	6.71069	549.47	0	180	-71.0498
593.854	6.77928	549.572	0	180	-71.0513
593.785	6.84787	549.675	0	180	-71.0527
593.716	6.91646	549.778	0	180	-71.0542
593.647	6.98505	549.881	0	180	-71.0557
593.578	7.05364	549.983	0	180	-71.0571
593.508	7.12223	550.086	0	180	-71.0586
593.439	7.19082	550.189	0	180	-71.0601
593.37	7.25941	550.292	0	180	-71.0615
593.301	7.328	550.394	0	180	-71.063
593.232	7.39659	550.497	0	180	-71.0645
593.163	7.46518	550.6	0	180	-71.0659
593.094	7.53378	550.703	0	180	-71.0674
593.025	7.60237	550.806	0	180	-71.0689
592.956	7.67096	550.908	0	180	-71.0703
592.887	7.73955	551.011	0	180	-71.0718
592.818	7.80814	551.114	0	180	-71.0733
592.749	7.87673	551.217	0	180	-71.0748
592.68	7.94532	551.319	0	180	-71.0762
592.611	8.01391	551.422	0	180	-71.0777
592.542	8.0825	551.525	0	180	-71.0792
592.473	8.15109	551.628	0	180	-71.0806
592.403	8.21968	551.73	0	180	-71.0821
592.334	8.28827	551.833	0	180	-71.0836
592.265	8.35686	551.936	0	180	-71.085
592.196	8.42545	552.039	0	180	-71.0865
592.127	8.49404	552.141	0	180	-71.088
592.058	8.56264	552.244	0	180	-71.0894
591.989	8.63123	552.347	0	180	-71.0909
591.92	8.69982	552.45	0	180	-71.0924
591.851	8.76841	552.552	0	180	-71.0938
591.782	8.837	552.655	0	180	-71.0953
591.713	8.90559	552.758	0	180	-71.0968
591.644	8.97418	552.861	0	180	-71.0982
591.575	9.04277	552.963	0	180	-71.0997
591.506	9.11136	553.066	0	180	-71.1012
591.437	9.17995	553.169	0	180	-71.1026
591.368	9.24854	553.272	0	180	-71.1041
591.298	9.31713	553.374	0	180	-71.1056
591.229	9.38572	553.477	0	180	-71.1071
591.16	9.45431	553.58	0	180	-71.1085
591.091	9.5229	553.683	0	180	-71.11
591.022	9.5915	553.785	0	180	-71.1115
590.953	9.66009	553.888	0	180	-71.1129
590.884	9.72868	553.991	0	180	-71.1144
590.815	9.79727	554.094	0	180	-71.1159
590.746	9.86586	554.196	0	180	-71.1173
590.677	9.93445	554.299	0	180	-71.1188
590.608	10.003	554.402	0	180	-71.1203
590.539	10.0716	554.505	0	180	-71.1217
590.47	10.1402	554.607	0	180	-71.1232
590.401	10.2088	554.71	0	180	-71.1247
590.332	10.2774	554.813	0	180	-71.1261
590.263	10.346	554.916	0	180	-71.1276
590.193	10.4146	555.019	0	180	-71.1291
590.124	10.4832	555.121	0	180	-71.1305
590.055	10.5518	555.224	0	180	-71.132
589.986	10.6204	555.327	0	180	-71.1335
589.917	10.6889	555.43	0	180	-71.135
589.848	10.7575	555.532	0	180	-71.1364
589.779	10.8261	555.635	0	180	-71.1379
589.71	10.8947	555.738	0	180	-71.1394
589.641	10.9633	555.841	0	180	-71.1408
589.572	11.0319	555.943	0	180	-71.1423
589.503	11.1005	556.046	0	180	-71.1438
589.434	11.1691	556.149	0	180	-71.1452
589.365	11.2377	556.252	0	180	-71.1467
589.296	11.3063	556.354	0	180	-71.1482
589.227	11.3749	556.457	0	180	-71.1496
589.158	11.4434	556.56	0	180	-71.1511
589.088	11.512	556.663	0	180	-71.1526
589.019	11.5806	556.765	0	180	-71.154
588.95	11.6492	556.868	0	180	-71.1555
588.881	11.7178	556.971	0	180	-71.157
588.812	11.7864	557.074	0	180	-71.1584
588.743	11.855	557.176	0	180	-71.1599
588.674	11.9236	557.279	0	180	-71.1614
588.605	11.9922	557.382	0	180	-71.1628
588.536	12.0608	557.485	0	180	-71.1643
588.467	12.1294	557.587	0	180	-71.1658
588.398	12.1979	557.69	0	180	-71.1673
588.329	12.2665	557.793	0	180	-71.1687
588.26	12.3351	557.896	0	180	-71.1702
588.191	12.4037	557.998	0	180	-71.1717
588.122	12.4723	558.101	0	180	-71.1731
588.053	12.5409	558.204	0	180	-71.1746
587.983	12.6095	558.307	0	180	-71.1761
587.914	12.6781	558.409	0	180	-71.1775
587.845	12.7467	558.512	0	180	-71.179
587.776	12.8153	558.615	0	180	-71.1805
587.707	12.8838	558.718	0	180	-71.1819
587.638	12.9524	558.821	0	180	-71.1834
587.569	13.021	558.923	0	180	-71.1849
587.5	13.0896	559.026	0	180	-71.1863
587.431	13.1582	559.129	0	180	-71.1878
587.362	13.2268	559.232	0	180	-71.1893
587.293	13.2954	559.334	0	180	-71.1907
587.224	13.364	559.437	0	180	-71.1922
587.155	13.4326	559.54	0	180	-71.1937
587.086	13.5012	559.643	0	180	-71.1951
587.017	13.5698	559.745	0	180	-71.1966
586.948	13.6383	559.848	0	180	-71.1981
586.878	13.7069	559.951	0	180	-71.1996
586.809	13.7755	560.054	0	180	-71.201
586.74	13.8441	560.156	0	180	-71.2025
586.671	13.9127	560.259	0	180	-71.204
586.602	13.9813	560.362	0	180	-71.2054
586.533	14.0499	560.465	0	180	-71.2069
586.464	14.1185	560.567	0	180	-71.2084
586.395	14.1871	560.67	0	180	-71.2098
586.326	14.2557	560.773	0	180	-71.2113
586.257	14.3243	560.876	0	180	-71.2128
586.188	14.3928	560.978	0	180	-71.2142
586.119	14.4614	561.081	0	180	-71.2157
586.05	14.53	561.184	0	180	-71.2172
585.981	14.5986	561.287	0	180	-71.2186
585.912	14.6672	561.389	0	180	-71.2201
585.843	14.7358	561.492	0	180	-71.2216
585.773	14.8044	561.595	0	180	-71.223
585.704	14.873	561.698	0	180	-71.2245
585.635	14.9416	561.8	0	180	-71.226
585.566	15.0102	561.903	0	180	-71.2274
585.497	15.0787	562.006	0	180	-71.2289
585.428	15.1473	562.109	0	180	-71.2304
585.359	15.2159	562.211	0	180	-71.2319
585.29	15.2845	562.314	0	180	-71.2333
585.221	15.3531	562.417	0	180	-71.2348
585.152	15.4217	562.52	0	180	-71.2363
585.083	15.4903	562.623	0	180	-71.2377
585.014	15.5589	562.725	0	180	-71.2392
584.945	15.6275	562.828	0	180	-71.2407
584.876	15.6961	562.931	0	180	-71.2421
584.807	15.7647	563.034	0	180	-71.2436
584.738	15.8332	563.136	0	180	-71.2451
584.668	15.9018	563.239	0	180	-71.2465
584.599	15.9704	563.342	0	180	-71.248
584.53	16.039	563.445	0	180	-71.2495
584.461	16.1076	563.547	0	180	-71.2509
584.392	16.1762	563.65	0	180	-71.2524
584.323	16.2448	563.753	0	180	-71.2539
584.254	16.3134	563.856	0	180	-71.2553
584.185	16.382	563.958	0	180	-71.2568
584.116	16.4506	564.061	0	180	-71.2583
584.047	16.5192	564.164	0	180	-71.2597
583.978	16.5877	564.267	0	180	-71.2612
583.909	16.6563	564.369	0	180	-71.2627
583.84	16.7249	564.472	0	180	-71.2642
583.771	16.7935	564.575	0	180	-71.2656
583.702	16.8621	564.678	0	180	-71.2671
583.633	16.9307	564.78	0	180	-71.2686
583.563	16.9993	564.883	0	180	-71.27
583.494	17.0679	564.986	0	180	-71.2715
583.425	17.1365	565.089	0	180	-71.273
583.356	17.2051	565.191	0	180	-71.2744
583.287	17.2736	565.294	0	180	-71.2759
583.218	17.3422	565.397	0	180	-71.2774
583.149	17.4108	565.5	0	180	-71.2788
583.08	17.4794	565.602	0	180	-71.2803
583.011	17.548	565.705	0	180	-71.2818
582.942	17.6166	565.808	0	180	-71.2832
582.873	17.6852	565.911	0	180	-71.2847
582.804	17.7538	566.013	0	180	-71.2862
582.735	17.8224	566.116	0	180	-71.2876
582.666	17.891	566.219	0	180	-71.2891
582.597	17.9596	566.322	0	180	-71.2906
582.528	18.0281	566.425	0	180	-71.292
582.458	18.0967	566.527	0	180	-71.2935
582.389	18.1653	566.63	0	180	-71.295
582.32	18.2339	566.733	0	180	-71.2965
582.251	18.3025	566.836	0	180	-71.2979
582.182	18.3711	566.938	0	180	-71.2994
582.113	18.4397	567.041	0	180	-71.3009
582.044	18.5083	567.144	0	180	-71.3023
581.975	18.5769	567.247	0	180	-71.3038
581.906	18.6455	567.349	0	180	-71.3053
581.837	18.7141	567.452	0	180	-71.3067
581.768	18.7826	567.555	0	180	-71.3082
581.699	18.8512	567.658	0	180	-71.3097
581.63	18.9198	567.76	0	180	-71.3111
581.561	18.9884	567.863	0	180	-71.3126
581.492	19.057	567.966	0	180	-71.3141
581.423	19.1256	568.069	0	180	-71.3155
581.353	19.1942	568.171	0	180	-71.317
581.284	19.2628	568.274	0	180	-71.3185
581.215	19.3314	568.377	0	180	-71.3199
581.146	19.4	568.48	0	180	-71.3214
581.077	19.4686	568.582	0	180	-71.3229
581.008	19.5371	568.685	0	180	-71.3244
580.939	19.6057	568.788	0	180	-71.3258
580.87	19.6743	568.891	0	180	-71.3273
580.801	19.7429	568.993	0	180	-71.3288
580.732	19.8115	569.096	0	180	-71.3302
580.663	19.8801	569.199	0	180	-71.3317
580.594	19.9487	569.302	0	180	-71.3332
580.525	20.0173	569.404	0	180	-71.3346
580.456	20.0859	569.507	0	180	-71.3361
580.387	20.1545	569.61	0	180	-71.3376
580.318	20.223	569.713	0	180	-71.339
580.248	20.2916	569.815	0	180	-71.3405
580.179	20.3602	569.918	0	180	-71.342
580.11	20.4288	570.021	0	180	-71.3434
580.041	20.4974	570.124	0	180	-71.3449
579.972	20.566	570.227	0	180	-71.3464
579.903	20.6346	570.329	0	180	-71.3478
579.834	20.7032	570.432	0	180	-71.3493
579.765	20.7718	570.535	0	180	-71.3508
579.696	20.8404	570.638	0	180	-71.3522
579.627	20.909	570.74	0	180	-71.3537
579.558	20.9775	570.843	0	180	-71.3552
579.489	21.0461	570.946	0	180	-71.3567
579.42	21.1147	571.049	0	180	-71.3581
579.351	21.1833	571.151	0	180	-71.3596
579.282	21.2519	571.254	0	180	-71.3611
579.213	21.3205	571.357	0	180	-71.3625
579.143	21.3891	571.46	0	180	-71.364
579.074	21.4577	571.562	0	180	-71.3655
579.005	21.5263	571.665	0	180	-71.3669
578.936	21.5949	571.768	0	180	-71.3684
578.867	21.6635	571.871	0	180	-71.3699
578.798	21.732	571.973	0	180	-71.3713
578.729	21.8006	572.076	0	180	-71.3728
578.66	21.8692	572.179	0	180	-71.3743
578.591	21.9378	572.282	0	180	-71.3757
578.522	22.0064	572.384	0	180	-71.3772
578.453	22.075	572.487	0	180	-71.3787
578.384	22.1436	572.59	0	180	-71.3801
578.315	22.2122	572.693	0	180	-71.3816
578.246	22.2808	572.795	0	180	-71.3831
578.177	22.3494	572.898	0	180	-71.3845
578.108	22.4179	573.001	0	180	-71.386
578.038	22.4865	573.104	0	180	-71.3875
577.969	22.5551	573.206	0	180	-71.389
577.9	22.6237	573.309	0	180	-71.3904
577.831	22.6923	573.412	0	180	-71.3919
577.762	22.7609	573.515	0	180	-71.3934
577.693	22.8295	573.617	0	180	-71.3948
577.624	22.8981	573.72	0	180	-71.3963
577.555	22.9667	573.823	0	180	-71.3978
577.486	23.0353	573.926	0	180	-71.3992
577.417	23.1039	574.029	0	180	-71.4007
577.348	23.1724	574.131	0	180	-71.4022
577.279	23.241	574.234	0	180	-71.4036
577.21	23.3096	574.337	0	180	-71.4051
577.141	23.3782	574.44	0	180	-71.4066
577.072	23.4468	574.542	0	180	-71.408
577.003	23.5154	574.645	0	180	-71.4095
576.933	23.584	574.748	0	180	-71.411
576.864	23.6526	574.851	0	180	-71.4124
576.795	23.7212	574.953	0	180	-71.4139
576.726	23.7898	575.056	0	180	-71.4154
576.657	23.8584	575.159	0	180	-71.4168
576.588	23.9269	575.262	0	180	-71.4183
576.519	23.9955	575.364	0	180	-71.4198
576.45	24.0641	575.467	0	180	-71.4213
576.381	24.1327	575.57	0	180	-71.4227
576.312	24.2013	575.673	0	180	-71.4242
576.243	24.2699	575.775	0	180	-71.4257
576.174	24.3385	575.878	0	180	-71.4271
576.105	24.4071	575.981	0	180	-71.4286
576.036	24.4757	576.084	0	180	-71.4301
575.967	24.5443	576.186	0	180	-71.4315
575.898	24.6129	576.289	0	180	-71.433
575.828	24.6814	576.392	0	180	-71.4345
575.759	24.75	576.495	0	180	-71.4359
575.69	24.8186	576.597	0	180	-71.4374
575.621	24.8872	576.7	0	180	-71.4389
575.552	24.9558	576.803	0	180	-71.4403
575.483	25.0244	576.906	0	180	-71.4418
575.414	25.093	577.008	0	180	-71.4433
575.345	25.1616	577.111	0	180	-71.4447
575.276	25.2302	577.214	0	180	-71.4462
575.207	25.2988	577.317	0	180	-71.4477
575.138	25.3673	577.419	0	180	-71.4491
575.069	25.4359	577.522	0	180	-71.4506
575	25.5045	577.625	0	180	-71.4521
574.931	25.5731	577.728	0	180	-71.4536
574.862	25.6417	577.83	0	180	-71.455
574.793	25.7103	577.933	0	180	-71.4565
574.723	25.7789	578.036	0	180	-71.458
574.654	25.8475	578.139	0	180	-71.4594
574.585	25.9161	578.242	0	180	-71.4609
574.516	25.9847	578.344	0	180	-71.4624
574.447	26.0533	578.447	0	180	-71.4638
574.378	26.1218	578.55	0	180	-71.4653
574.309	26.1904	578.653	0	180	-71.4668
574.24	26.259	578.755	0	180	-71.4682
574.171	26.3276	578.858	0	180	-71.4697
574.102	26.3962	578.961	0	180	-71.4712
574.033	26.4648	579.064	0	180	-71.4726
573.964	26.5334	579.166	0	180	-71.4741
573.895	26.602	579.269	0	180	-71.4756
573.826	26.6706	579.372	0	180	-71.477
573.757	26.7392	579.475	0	180	-71.4785
573.688	26.8078	579.577	0	180	-71.48
573.618	26.8763	579.68	0	180	-71.4815
573.549	26.9449	579.783	0	180	-71.4829
573.48	27.0135	579.886	0	180	-71.4844
573.411	27.0821	579.988	0	180	-71.4859
573.342	27.1507	580.091	0	180	-71.4873
573.273	27.2193	580.194	0	180	-71.4888
573.204	27.2879	580.297	0	180	-71.4903
573.135	27.3565	580.399	0	180	-71.4917
573.066	27.4251	580.502	0	180	-71.4932
572.997	27.4937	580.605	0	180	-71.4947
572.928	27.5622	580.708	0	180	-71.4961
572.859	27.6308	580.81	0	180	-71.4976
572.79	27.6994	580.913	0	180	-71.4991
572.721	27.768	581.016	0	180	-71.5005
572.652	27.8366	581.119	0	180	-71.502
572.583	27.9052	581.221	0	180	-71.5035
572.513	27.9738	581.324	0	180	-71.5049
572.444	28.0424	581.427	0	180	-71.5064
572.375	28.111	581.53	0	180	-71.5079
572.306	28.1796	581.632	0	180	-71.5093
572.237	28.2482	581.735	0	180	-71.5108
572.168	28.3167	581.838	0	180	-71.5123
572.099	28.3853	581.941	0	180	-71.5138
572.03	28.4539	582.044	0	180	-71.5152
571.961	28.5225	582.146	0	180	-71.5167
571.892	28.5911	582.249	0	180	-71.5182
571.823	28.6597	582.352	0	180	-71.5196
571.754	28.7283	582.455	0	180	-71.5211
571.685	28.7969	582.557	0	180	-71.5226
571.616	28.8655	582.66	0	180	-71.524
571.547	28.9341	582.763	0	180	-71.5255
571.478	29.0027	582.866	0	180	-71.527
571.408	29.0712	582.968	0	180	-71.5284
571.339	29.1398	583.071	0	180	-71.5299
571.27	29.2084	583.174	0	180	-71.5314
571.201	29.277	583.277	0	180	-71.5328
571.132	29.3456	583.379	0	180	-71.5343
571.063	29.4142	583.482	0	180	-71.5358
570.994	29.4828	583.585	0	180	-71.5372
570.925	29.5514	583.688	0	180	-71.5387
570.856	29.62	583.79	0	180	-71.5402
570.787	29.6886	583.893	0	180	-71.5416
570.718	29.7572	583.996	0	180	-71.5431
570.649	29.8257	584.099	0	180	-71.5446
570.58	29.8943	584.201	0	180	-71.5461
570.511	29.9629	584.304	0	180	-71.5475
570.442	30.0315	584.407	0	180	-71.549
570.373	30.1001	584.51	0	180	-71.5505
570.303	30.1687	584.612	0	180	-71.5519
570.234	30.2373	584.715	0	180	-71.5534
570.165	30.3059	584.818	0	180	-71.5549
570.096	30.3745	584.921	0	180	-71.5563
570.027	30.4431	585.023	0	180	-71.5578
569.958	30.5116	585.126	0	180	-71.5593
569.889	30.5802	585.229	0	180	-71.5607
569.82	30.6488	585.332	0	180	-71.5622
569.751	30.7174	585.434	0	180	-71.5637
569.682	30.786	585.537	0	180	-71.5651
569.613	30.8546	585.64	0	180	-71.5666
569.544	30.9232	585.743	0	180	-71.5681
569.475	30.9918	585.846	0	180	-71.5695
569.406	31.0604	585.948	0	180	-71.571
569.337	31.129	586.051	0	180	-71.5725
569.268	31.1976	586.154	0	180	-71.5739
569.198	31.2661	586.257	0	180	-71.5754
569.129	31.3347	586.359	0	180	-71.5769
569.06	31.4033	586.462	0	180	-71.5784
568.991	31.4719	586.565	0	180	-71.5798
568.922	31.5405	586.668	0	180	-71.5813
568.853	31.6091	586.77	0	180	-71.5828
568.784	31.6777	586.873	0	180	-71.5842
568.715	31.7463	586.976	0	180	-71.5857
568.646	31.8149	587.079	0	180	-71.5872
568.577	31.8835	587.181	0	180	-71.5886
568.508	31.9521	587.284	0	180	-71.5901
568.439	32.0206	587.387	0	180	-71.5916
568.37	32.0892	587.49	0	180	-71.593
568.301	32.1578	587.592	0	180	-71.5945
568.232	32.2264	587.695	0	180	-71.596
568.163	32.295	587.798	0	180	-71.5974
568.093	32.3636	587.901	0	180	-71.5989
568.024	32.4322	588.003	0	180	-71.6004
567.955	32.5008	588.106	0	180	-71.6018
567.886	32.5694	588.209	0	180	-71.6033
567.817	32.638	588.312	0	180	-71.6048
567.748	32.7065	588.414	0	180	-71.6062
567.679	32.7751	588.517	0	180	-71.6077
567.61	32.8437	588.62	0	180	-71.6092
567.541	32.9123	588.723	0	180	-71.6107
567.472	32.9809	588.825	0	180	-71.6121
567.403	33.0495	588.928	0	180	-71.6136
567.334	33.1181	589.031	0	180	-71.6151
567.265	33.1867	589.134	0	180	-71.6165
567.196	33.2553	589.236	0	180	-71.618
567.127	33.3239	589.339	0	180	-71.6195
567.058	33.3925	589.442	0	180	-71.6209
566.988	33.461	589.545	0	180	-71.6224
566.919	33.5296	589.648	0	180	-71.6239
566.85	33.5982	589.75	0	180	-71.6253
566.781	33.6668	589.853	0	180	-71.6268
566.712	33.7354	589.956	0	180	-71.6283
566.643	33.804	590.059	0	180	-71.6297
566.574	33.8726	590.161	0	180	-71.6312
566.505	33.9412	590.264	0	180	-71.6327
566.436	34.0098	590.367	0	180	-71.6341
566.367	34.0784	590.47	0	180	-71.6356
566.298	34.147	590.572	0	180	-71.6371
566.229	34.2155	590.675	0	180	-71.6385
566.16	34.2841	590.778	0	180	-71.64
566.091	34.3527	590.881	0	180	-71.6415
566.022	34.4213	590.983	0	180	-71.643
565.953	34.4899	591.086	0	180	-71.6444
565.883	34.5585	591.189	0	180	-71.6459
565.814	34.6271	591.292	0	180	-71.6474
565.745	34.6957	591.394	0	180	-71.6488
565.676	34.7643	591.497	0	180	-71.6503
565.607	34.8329	591.6	0	180	-71.6518
565.538	34.9015	591.703	0	180	-71.6532
565.469	34.97	591.805	0	180	-71.6547
565.4	35.0386	591.908	0	180	-71.6562
565.331	35.1072	592.011	0	180	-71.6576
565.262	35.1758	592.114	0	180	-71.6591
565.193	35.2444	592.216	0	180	-71.6606
565.124	35.313	592.319	0	180	-71.662
565.055	35.3816	592.422	0	180	-71.6635
564.986	35.4502	592.525	0	180	-71.665
564.917	35.5188	592.627	0	180	-71.6664
564.848	35.5874	592.73	0	180	-71.6679
564.778	35.6559	592.833	0	180	-71.6694
564.709	35.7245	592.936	0	180	-71.6709
564.64	35.7931	593.038	0	180	-71.6723
564.571	35.8617	593.141	0	180	-71.6738
564.502	35.9303	593.244	0	180	-71.6753
564.433	35.9989	593.347	0	180	-71.6767
564.364	36.0675	593.45	0	180	-71.6782
564.295	36.1361	593.552	0	180	-71.6797
564.226	36.2047	593.655	0	180	-71.6811
564.157	36.2733	593.758	0	180	-71.6826
564.088	36.3419	593.861	0	180	-71.6841
564.019	36.4104	593.963	0	180	-71.6855
563.95	36.479	594.066	0	180	-71.687
563.881	36.5476	594.169	0	180	-71.6885
563.812	36.6162	594.272	0	180	-71.6899
563.743	36.6848	594.374	0	180	-71.6914
563.673	36.7534	594.477	0	180	-71.6929
563.604	36.822	594.58	0	180	-71.6943
563.535	36.8906	594.683	0	180	-71.6958
563.466	36.9592	594.785	0	180	-71.6973
563.397	37.0278	594.888	0	180	-71.6987
563.328	37.0964	594.991	0	180	-71.7002
563.259	37.1649	595.094	0	180	-71.7017
563.19	37.2335	595.196	0	180	-71.7032
563.121	37.3021	595.299	0	180	-71.7046
563.052	37.3707	595.402	0	180	-71.7061
562.983	37.4393	595.505	0	180	-71.7076
562.914	37.5079	595.607	0	180	-71.709
562.845	37.5765	595.71	0	180	-71.7105
562.776	37.6451	595.813	0	180	-71.712
562.707	37.7137	595.916	0	180	-71.7134
562.638	37.7823	596.018	0	180	-71.7149
562.568	37.8508	596.121	0	180	-71.7164
562.499	37.9194	596.224	0	180	-71.7178
562.43	37.988	596.327	0	180	-71.7193
562.361	38.0566	596.429	0	180	-71.7208
562.292	38.1252	596.532	0	180	-71.7222
562.223	38.1938	596.635	0	180	-71.7237
562.154	38.2624	596.738	0	180	-71.7252
562.085	38.331	596.84	0	180	-71.7266
562.016	38.3996	596.943	0	180	-71.7281
561.947	38.4682	597.046	0	180	-71.7296
561.878	38.5368	597.149	0	180	-71.731
561.809	38.6053	597.252	0	180	-71.7325
561.74	38.6739	597.354	0	180	-71.734
561.671	38.7425	597.457	0	180	-71.7355
561.602	38.8111	597.56	0	180	-71.7369
561.533	38.8797	597.663	0	180	-71.7384
561.463	38.9483	597.765	0	180	-71.7399
561.394	39.0169	597.868	0	180	-71.7413
561.325	39.0855	597.971	0	180	-71.7428
561.256	39.1541	598.074	0	180	-71.7443
561.187	39.2227	598.176	0	180	-71.7457
561.118	39.2913	598.279	0	180	-71.7472
561.049	39.3598	598.382	0	180	-71.7487
560.98	39.4284	598.485	0	180	-71.7501
560.911	39.497	598.587	0	180	-71.7516
560.842	39.5656	598.69	0	180	-71.7531
560.773	39.6342	598.793	0	180	-71.7545
560.704	39.7028	598.896	0	180	-71.756
560.635	39.7714	598.998	0	180	-71.7575
560.566	39.84	599.101	0	180	-71.7589
560.497	39.9086	599.204	0	180	-71.7604
560.428	39.9772	599.307	0	180	-71.7619
560.358	40.0457	599.409	0	180	-71.7633
560.289	40.1143	599.512	0	180	-71.7648
560.22	40.1829	599.615	0	180	-71.7663
560.151	40.2515	599.718	0	180	-71.7678
560.082	40.3201	599.82	0	180	-71.7692
560.013	40.3887	599.923	0	180	-71.7707
559.944	40.4573	600.026	0	180	-71.7722
559.875	40.5259	600.129	0	180	-71.7736
559.806	40.5945	600.231	0	180	-71.7751
559.737	40.6631	600.334	0	180	-71.7766
559.668	40.7317	600.437	0	180	-71.778
559.599	40.8002	600.54	0	180	-71.7795
559.53	40.8688	600.642	0	180	-71.781
559.461	40.9374	600.745	0	180	-71.7824
559.392	41.006	600.848	0	180	-71.7839
559.323	41.0746	600.951	0	180	-71.7854
559.253	41.1432	601.053	0	180	-71.7868
559.184	41.2118	601.156	0	180	-71.7883
559.115	41.2804	601.259	0	180	-71.7898
559.046	41.349	601.362	0	180	-71.7912
558.977	41.4176	601.465	0	180	-71.7927
558.908	41.4862	601.567	0	180	-71.7942
558.839	41.5547	601.67	0	180	-71.7956
558.77	41.6233	601.773	0	180	-71.7971
558.701	41.6919	601.876	0	180	-71.7986
558.632	41.7605	601.978	0	180	-71.8001
558.563	41.8291	602.081	0	180	-71.8015
558.494	41.8977	602.184	0	180	-71.803
558.425	41.9663	602.287	0	180	-71.8045
558.356	42.0349	602.389	0	180	-71.8059
558.287	42.1035	602.49	0	180	-71.8074
558.218	42.1721	602.591	0	180	-71.8089
558.148	42.2407	602.69	0	180	-71.8103
558.079	42.3092	602.788	0	180	-71.8118
558.01	42.3778	602.885	0	180	-71.8133
557.941	42.4464	602.982	0	180	-71.8147
557.872	42.515	603.077	0	180	-71.8162
557.803	42.5836	603.171	0	180	-71.8177
557.734	42.6522	603.265	0	180	-71.8191
557.665	42.7208	603.357	0	180	-71.8206
557.596	42.7894	603.448	0	180	-71.8221
557.527	42.858	603.539	0	180	-71.8235
557.458	42.9266	603.628	0	180	-71.825
557.389	42.9951	603.716	0	180	-71.8265
557.32	43.0637	603.804	0	180	-71.828
557.251	43.1323	603.89	0	180	-71.8294
557.182	43.2009	603.975	0	180	-71.8309
557.113	43.2695	604.06	0	180	-71.8324
557.043	43.3381	604.143	0	180	-71.8338
556.974	43.4067	604.225	0	180	-71.8353
556.905	43.4753	604.307	0	180	-71.8368
556.836	43.5439	604.387	0	180	-71.8382
556.767	43.6125	604.466	0	180	-71.8397
556.698	43.6811	604.545	0	180	-71.8412
556.629	43.7496	604.622	0	180	-71.8426
556.56	43.8182	604.698	0	180	-71.8441
556.491	43.8868	604.774	0	180	-71.8456
556.422	43.9554	604.848	0	180	-71.847
556.353	44.024	604.921	0	180	-71.8485
556.284	44.0926	604.993	0	180	-71.85
556.215	44.1612	605.065	0	180	-71.8514
556.146	44.2298	605.135	0	180	-71.8529
556.077	44.2984	605.204	0	180	-71.8544
556.008	44.367	605.273	0	180	-71.8558
555.938	44.4356	605.34	0	180	-71.8573
555.869	44.5041	605.406	0	180	-71.8588
555.8	44.5727	605.472	0	180	-71.8603
555.731	44.6413	605.536	0	180	-71.8617
555.662	44.7099	605.599	0	180	-71.8632
555.593	44.7785	605.662	0	180	-71.8647
555.524	44.8471	605.723	0	180	-71.8661
555.455	44.9157	605.783	0	180	-71.8676
555.386	44.9843	605.843	0	180	-71.8691
555.317	45.0529	605.901	0	180	-71.8705
555.248	45.1215	605.958	0	180	-71.872
555.179	45.19	606.015	0	180	-71.8735
555.11	45.2586	606.07	0	180	-71.8749
555.041	45.3272	606.124	0	180	-71.8764
554.972	45.3958	606.178	0	180	-71.8779
554.903	45.4644	606.23	0	180	-71.8793
554.833	45.533	606.281	0	180	-71.8808
554.764	45.6016	606.332	0	180	-71.8823
554.695	45.6702	606.381	0	180	-71.8837
554.626	45.7388	606.429	0	180	-71.8852
554.557	45.8074	606.476	0	180	-71.8867
554.488	45.876	606.523	0	180	-71.8881
554.419	45.9445	606.568	0	180	-71.8896
554.35	46.0131	606.612	0	180	-71.8911
554.281	46.0817	606.656	0	180	-71.8926
554.212	46.1503	606.698	0	180	-71.894
554.143	46.2189	606.739	0	180	-71.8955
554.074	46.2875	606.78	0	180	-71.897
554.005	46.3561	606.819	0	180	-71.8984
553.936	46.4247	606.857	0	180	-71.8999
553.867	46.4933	606.895	0	180	-71.9014
553.798	46.5619	606.931	0	180	-71.9028
553.728	46.6305	606.966	0	180	-71.9043
553.659	46.699	607.001	0	180	-71.9058
553.59	46.7676	607.034	0	180	-71.9072
553.521	46.8362	607.066	0	180	-71.9087
553.452	46.9048	607.098	0	180	-71.9102
553.383	46.9734	607.128	0	180	-71.9116
553.314	47.042	607.157	0	180	-71.9131
553.245	47.1106	607.186	0	180	-71.9146
553.176	47.1792	607.213	0	180	-71.916
553.107	47.2478	607.239	0	180	-71.9175
553.038	47.3163	607.265	0	180	-71.919
552.97	47.384	607.289	0	180	-71.9204
552.903	47.4507	607.312	0	180	-71.9219
552.837	47.5164	607.334	0	180	-71.9234
552.771	47.5811	607.356	0	180	-71.9249
552.707	47.6448	607.376	0	180	-71.9263
552.644	47.7075	607.395	0	180	-71.9277
552.582	47.7692	607.414	0	180	-71.9285
552.521	47.8299	607.431	0	180	-71.9293
552.461	47.8896	607.447	0	180	-71.9301
552.402	47.9484	607.463	0	180	-71.9309
552.343	48.0061	607.477	0	180	-71.9316
552.286	48.0628	607.49	0	180	-71.9324
552.23	48.1189	607.503	0	180	-71.9332
552.173	48.1751	607.514	0	180	-71.934
552.117	48.2313	607.524	0	180	-71.9348
552.06	48.2875	607.534	0	180	-71.9356
552.003	48.3436	607.542	0	180	-71.9364
551.947	48.3998	607.549	0	180	-71.9372
551.89	48.456	607.556	0	180	-71.938
551.834	48.5122	607.561	0	180	-71.9388
551.777	48.5683	607.565	0	180	-71.9396
551.721	48.6245	607.569	0	180	-71.9404
551.664	48.6807	607.571	0	180	-71.9412
551.608	48.7369	607.572	0	180	-71.942
551.551	48.793	607.573	0	180	-71.9428
551.494	48.8492	607.572	0	180	-71.9436
551.438	48.9054	607.57	0	180	-71.9444
551.381	48.9616	607.567	0	180	-71.9452
551.325	49.0177	607.564	0	180	-71.946
551.268	49.0739	607.559	0	180	-71.9468
551.212	49.1301	607.553	0	180	-71.9476
551.155	49.1863	607.547	0	180	-71.9484
551.098	49.2424	607.539	0	180	-71.9492
551.042	49.2986	607.53	0	180	-71.9499
550.985	49.3548	607.521	0	180	-71.9507
550.929	49.411	607.51	0	180	-71.9515
550.872	49.4671	607.498	0	180	-71.9523
550.816	49.5233	607.486	0	180	-71.9531
550.759	49.5795	607.472	0	180	-71.9539
550.702	49.6357	607.457	0	180	-71.9547
550.646	49.6918	607.442	0	180	-71.9555
550.589	49.748	607.425	0	180	-71.9563
550.533	49.8042	607.407	0	180	-71.9571
550.476	49.8604	607.389	0	180	-71.9579
550.42	49.9165	607.369	0	180	-71.9587
550.363	49.9727	607.348	0	180	-71.9595
550.307	50.0289	607.327	0	180	-71.9603
550.25	50.0851	607.304	0	180	-71.9611
550.193	50.1412	607.28	0	180	-71.9619
550.137	50.1974	607.256	0	180	-71.9627
550.08	50.2536	607.23	0	180	-71.9635
550.024	50.3098	607.203	0	180	-71.9643
549.967	50.3659	607.175	0	180	-71.9651
549.911	50.4221	607.147	0	180	-71.9659
549.854	50.4783	607.117	0	180	-71.9667
549.797	50.5345	607.086	0	180	-71.9675
549.741	50.5906	607.055	0	180	-71.9682
549.684	50.6468	607.022	0	180	-71.969
549.628	50.703	606.988	0	180	-71.9698
549.571	50.7592	606.954	0	180	-71.9706
549.515	50.8153	606.918	0	180	-71.9714
549.458	50.8715	606.881	0	180	-71.9722
549.402	50.9277	606.844	0	180	-71.973
549.345	50.9839	606.805	0	180	-71.9738
549.288	51.04	606.765	0	180	-71.9746
549.232	51.0962	606.725	0	180	-71.9754
549.175	51.1524	606.683	0	180	-71.9762
549.119	51.2086	606.64	0	180	-71.977
549.062	51.2647	606.597	0	180	-71.9778
549.006	51.3209	606.552	0	180	-71.9786
548.949	51.3771	606.506	0	180	-71.9794
548.892	51.4333	606.46	0	180	-71.9802
548.836	51.4894	606.412	0	180	-71.981
548.779	51.5456	606.363	0	180	-71.9818
548.723	51.6018	606.314	0	180	-71.9826
548.666	51.658	606.263	0	180	-71.9834
548.61	51.7141	606.211	0	180	-71.9842
548.553	51.7703	606.158	0	180	-71.985
548.496	51.8265	606.105	0	180	-71.9858
548.44	51.8827	606.05	0	180	-71.9865
548.383	51.9388	605.994	0	180	-71.9873
548.327	51.995	605.938	0	180	-71.9881
548.27	52.0512	605.88	0	180	-71.9889
548.214	52.1074	605.821	0	180	-71.9897
548.157	52.1635	605.762	0	180	-71.9905
548.101	52.2197	605.701	0	180	-71.9913
548.044	52.2759	605.639	0	180	-71.9921
547.987	52.3321	605.577	0	180	-71.9929
547.931	52.3882	605.513	0	180	-71.9937
547.874	52.4444	605.448	0	180	-71.9945
547.818	52.5006	605.384	0	180	-71.9953
547.761	52.5568	605.319	0	180	-71.9961
547.705	52.6129	605.254	0	180	-71.9969
547.648	52.6691	605.189	0	180	-71.9977
547.591	52.7253	605.125	0	180	-71.9985
547.535	52.7815	605.06	0	180	-71.9993
547.478	52.8376	604.995	0	180	-72.0001
547.422	52.8938	604.93	0	180	-72.0009
547.365	52.95	604.866	0	180	-72.0017
547.309	53.0062	604.801	0	180	-72.0025
547.252	53.0623	604.736	0	180	-72.0033
547.195	53.1185	604.671	0	180	-72.004
547.139	53.1747	604.606	0	180	-72.0048
547.082	53.2309	604.542	0	180	-72.0056
547.026	53.287	604.477	0	180	-72.0064
546.969	53.3432	604.412	0	180	-72.0072
546.913	53.3994	604.347	0	180	-72.008
546.856	53.4556	604.283	0	180	-72.0088
546.8	53.5118	604.218	0	180	-72.0096
546.743	53.5679	604.153	0	180	-72.0104
546.686	53.6241	604.088	0	180	-72.0112
546.63	53.6803	604.024	0	180	-72.012
546.573	53.7365	603.959	0	180	-72.0128
546.517	53.7926	603.894	0	180	-72.0136
546.46	53.8488	603.829	0	180	-72.0144
546.404	53.905	603.765	0	180	-72.0152
546.347	53.9612	603.7	0	180	-72.016
546.29	54.0173	603.635	0	180	-72.0168
546.234	54.0735	603.57	0	180	-72.0176
546.177	54.1297	603.505	0	180	-72.0184
546.121	54.1859	603.441	0	180	-72.0192
546.064	54.242	603.376	0	180	-72.02
546.008	54.2982	603.311	0	180	-72.0208
545.951	54.3544	603.246	0	180	-72.0216
545.895	54.4106	603.182	0	180	-72.0223
545.838	54.4667	603.117	0	180	-72.0231
545.781	54.5229	603.052	0	180	-72.0239
545.725	54.5791	602.987	0	180	-72.0247
545.668	54.6353	602.923	0	180	-72.0255
545.612	54.6914	602.858	0	180	-72.0263
545.555	54.7476	602.793	0	180	-72.0271
545.499	54.8038	602.728	0	180	-72.0279
545.442	54.86	602.664	0	180	-72.0287
545.385	54.9161	602.599	0	180	-72.0295
545.329	54.9723	602.534	0	180	-72.0303
545.272	55.0285	602.469	0	180	-72.0311
545.216	55.0847	602.404	0	180	-72.0319
545.159	55.1408	602.34	0	180	-72.0327
545.103	55.197	602.275	0	180	-72.0335
545.046	55.2532	602.21	0	180	-72.0343
544.989	55.3094	602.145	0	180	-72.0351
544.933	55.3655	602.081	0	180	-72.0359
544.876	55.4217	602.016	0	180	-72.0367
544.82	55.4779	601.951	0	180	-72.0375
544.763	55.5341	601.886	0	180	-72.0383
544.707	55.5902	601.822	0	180	-72.0391
544.65	55.6464	601.757	0	180	-72.0399
544.594	55.7026	601.692	0	180	-72.0406
544.537	55.7588	601.627	0	180	-72.0414
544.48	55.8149	601.563	0	180	-72.0422
544.424	55.8711	601.498	0	180	-72.043
544.367	55.9273	601.433	0	180	-72.0438
544.311	55.9835	601.368	0	180	-72.0446
544.254	56.0396	601.304	0	180	-72.0454
544.198	56.0958	601.239	0	180	-72.0462
544.141	56.152	601.174	0	180	-72.047
544.084	56.2082	601.109	0	180	-72.0478
544.028	56.2643	601.044	0	180	-72.0486
543.971	56.3205	600.98	0	180	-72.0494
543.915	56.3767	600.915	0	180	-72.0502
543.858	56.4329	600.85	0	180	-72.051
543.802	56.489	600.785	0	180	-72.0518
543.745	56.5452	600.721	0	180	-72.0526
543.688	56.6014	600.656	0	180	-72.0534
543.632	56.6576	600.591	0	180	-72.0542
543.575	56.7137	600.526	0	180	-72.055
543.519	56.7699	600.462	0	180	-72.0558
543.462	56.8261	600.397	0	180	-72.0566
543.406	56.8823	600.332	0	180	-72.0574
543.349	56.9384	600.267	0	180	-72.0582
543.293	56.9946	600.203	0	180	-72.0589
543.236	57.0508	600.138	0	180	-72.0597
543.179	57.107	600.073	0	180	-72.0605
543.123	57.1631	600.008	0	180	-72.0613
543.066	57.2193	599.943	0	180	-72.0621
543.01	57.2755	599.879	0	180	-72.0629
542.953	57.3317	599.814	0	180	-72.0637
542.897	57.3878	599.749	0	180	-72.0645
542.84	57.444	599.684	0	180	-72.0653
542.783	57.5002	599.62	0	180	-72.0661
542.727	57.5564	599.555	0	180	-72.0669
542.67	57.6125	599.49	0	180	-72.0677
542.614	57.6687	599.425	0	180	-72.0685
542.557	57.7249	599.361	0	180	-72.0693
542.501	57.7811	599.296	0	180	-72.0701
542.444	57.8372	599.231	0	180	-72.0709
542.387	57.8934	599.166	0	180	-72.0717
542.331	57.9496	599.102	0	180	-72.0725
542.274	58.0058	599.037	0	180	-72.0733
542.218	58.0619	598.972	0	180	-72.0741
542.161	58.1181	598.907	0	180	-72.0749
542.105	58.1743	598.842	0	180	-72.0757
542.048	58.2305	598.778	0	180	-72.0765
541.992	58.2866	598.713	0	180	-72.0772
541.935	58.3428	598.648	0	180	-72.078
541.878	58.399	598.583	0	180	-72.0788
541.822	58.4552	598.519	0	180	-72.0796
541.765	58.5113	598.454	0	180	-72.0804
541.709	58.5675	598.389	0	180	-72.0812
541.652	58.6237	598.324	0	180	-72.082
541.596	58.6799	598.26	0	180	-72.0828
541.539	58.736	598.195	0	180	-72.0836
541.482	58.7922	598.13	0	180	-72.0844
541.426	58.8484	598.065	0	180	-72.0852
541.369	58.9046	598.001	0	180	-72.086
541.313	58.9607	597.936	0	180	-72.0868
541.256	59.0169	597.871	0	180	-72.0876
541.2	59.0731	597.806	0	180	-72.0884
541.143	59.1293	597.741	0	180	-72.0892
541.087	59.1854	597.677	0	180	-72.09
541.03	59.2416	597.612	0	180	-72.0908
540.973	59.2978	597.547	0	180	-72.0916
540.917	59.354	597.482	0	180	-72.0924
540.86	59.4101	597.418	0	180	-72.0932
540.804	59.4663	597.353	0	180	-72.094
540.747	59.5225	597.288	0	180	-72.0948
540.691	59.5787	597.223	0	180	-72.0955
540.634	59.6348	597.159	0	180	-72.0963
540.577	59.691	597.094	0	180	-72.0971
540.521	59.7472	597.029	0	180	-72.0979
540.464	59.8034	596.964	0	180	-72.0987
540.408	59.8595	596.9	0	180	-72.0995
540.351	59.9157	596.835	0	180	-72.1003
540.295	59.9719	596.77	0	180	-72.1011
540.238	60.0281	596.705	0	180	-72.1019
540.181	60.0842	596.641	0	180	-72.1027
540.125	60.1404	596.576	0	180	-72.1035
540.068	60.1966	596.511	0	180	-72.1043
540.012	60.2528	596.446	0	180	-72.1051
539.955	60.3089	596.381	0	180	-72.1059
539.899	60.3651	596.317	0	180	-72.1067
539.842	60.4213	596.252	0	180	-72.1075
539.786	60.4775	596.187	0	180	-72.1083
539.729	60.5336	596.122	0	180	-72.1091
539.672	60.5898	596.058	0	180	-72.1099
539.616	60.646	595.993	0	180	-72.1107
539.559	60.7022	595.928	0	180	-72.1115
539.503	60.7583	595.863	0	180	-72.1123
539.446	60.8145	595.799	0	180	-72.113
539.39	60.8707	595.734	0	180	-72.1138
539.333	60.9269	595.669	0	180	-72.1146
539.276	60.983	595.604	0	180	-72.1154
539.22	61.0392	595.54	0	180	-72.1162
539.163	61.0954	595.475	0	180	-72.117
539.107	61.1516	595.41	0	180	-72.1178
539.05	61.2077	595.345	0	180	-72.1186
538.994	61.2639	595.28	0	180	-72.1194
538.937	61.3201	595.216	0	180	-72.1202
538.88	61.3763	595.151	0	180	-72.121
538.824	61.4324	595.086	0	180	-72.1218
538.767	61.4886	595.021	0	180	-72.1226
538.711	61.5448	594.957	0	180	-72.1234
538.654	61.601	594.892	0	180	-72.1242
538.598	61.6571	594.827	0	180	-72.125
538.541	61.7133	594.762	0	180	-72.1258
538.485	61.7695	594.698	0	180	-72.1266
538.428	61.8257	594.633	0	180	-72.1274
538.371	61.8818	594.568	0	180	-72.1282
538.315	61.938	594.503	0	180	-72.129
538.258	61.9942	594.439	0	180	-72.1298
538.202	62.0504	594.374	0	180	-72.1306
538.145	62.1065	594.309	0	180	-72.1313
538.089	62.1627	594.244	0	180	-72.1321
538.032	62.2189	594.179	0	180	-72.1329
537.975	62.2751	594.115	0	180	-72.1337
537.919	62.3312	594.05	0	180	-72.1345
537.862	62.3874	593.985	0	180	-72.1353
537.806	62.4436	593.92	0	180	-72.1361
537.749	62.4998	593.856	0	180	-72.1369
537.693	62.5559	593.791	0	180	-72.1377
537.636	62.6121	593.726	0	180	-72.1385
537.58	62.6683	593.661	0	180	-72.1393
537.523	62.7245	593.597	0	180	-72.1401
537.466	62.7806	593.532	0	180	-72.1409
537.41	62.8368	593.467	0	180	-72.1417
537.353	62.893	593.402	0	180	-72.1425
537.297	62.9492	593.338	0	180	-72.1433
537.24	63.0053	593.273	0	180	-72.1441
537.184	63.0615	593.208	0	180	-72.1449
537.127	63.1177	593.143	0	180	-72.1457
537.07	63.1739	593.078	0	180	-72.1465
537.014	63.23	593.014	0	180	-72.1473
536.957	63.2862	592.949	0	180	-72.1481
536.901	63.3424	592.884	0	180	-72.1489
536.844	63.3986	592.819	0	180	-72.1496
536.788	63.4547	592.755	0	180	-72.1504
536.731	63.5109	592.69	0	180	-72.1512
536.674	63.5671	592.625	0	180	-72.152
536.618	63.6233	592.56	0	180	-72.1528
536.561	63.6794	592.496	0	180	-72.1536
536.505	63.7356	592.431	0	180	-72.1544
536.448	63.7918	592.366	0	180	-72.1552
536.392	63.848	592.301	0	180	-72.156
536.335	63.9041	592.237	0	180	-72.1568
536.279	63.9603	592.172	0	180	-72.1576
536.222	64.0165	592.107	0	180	-72.1584
536.165	64.0727	592.042	0	180	-72.1592
536.109	64.1288	591.978	0	180	-72.16
536.052	64.185	591.913	0	180	-72.1608
535.996	64.2412	591.848	0	180	-72.1616
535.939	64.2974	591.783	0	180	-72.1624
535.883	64.3535	591.718	0	180	-72.1632
535.826	64.4097	591.654	0	180	-72.164
535.769	64.4659	591.589	0	180	-72.1648
535.713	64.5221	591.524	0	180	-72.1656
535.656	64.5782	591.459	0	180	-72.1664
535.6	64.6344	591.395	0	180	-72.1672
535.543	64.6906	591.33	0	180	-72.1679
535.487	64.7468	591.265	0	180	-72.1687
535.43	64.8029	591.2	0	180	-72.1695
535.373	64.8591	591.136	0	180	-72.1703
535.317	64.9153	591.071	0	180	-72.1711
535.26	64.9715	591.006	0	180	-72.1719
535.204	65.0276	590.941	0	180	-72.1727
535.147	65.0838	590.877	0	180	-72.1735
535.091	65.14	590.812	0	180	-72.1743
535.034	65.1962	590.747	0	180	-72.1751
534.978	65.2523	590.682	0	180	-72.1759
534.921	65.3085	590.617	0	180	-72.1767
534.864	65.3647	590.553	0	180	-72.1775
534.808	65.4209	590.488	0	180	-72.1783
534.751	65.477	590.423	0	180	-72.1791
534.695	65.5332	590.358	0	180	-72.1799
534.638	65.5894	590.294	0	180	-72.1807
534.582	65.6456	590.229	0	180	-72.1815
534.525	65.7017	590.164	0	180	-72.1823
534.468	65.7579	590.099	0	180	-72.1831
534.412	65.8141	590.035	0	180	-72.1839
534.355	65.8703	589.97	0	180	-72.1847
534.299	65.9265	589.905	0	180	-72.1855
534.242	65.9826	589.84	0	180	-72.1862
534.186	66.0388	589.776	0	180	-72.187
534.129	66.095	589.711	0	180	-72.1878
534.073	66.1512	589.646	0	180	-72.1886
534.016	66.2073	589.581	0	180	-72.1894
533.959	66.2635	589.516	0	180	-72.1902
533.903	66.3197	589.452	0	180	-72.191
533.846	66.3759	589.387	0	180	-72.1918
533.79	66.432	589.322	0	180	-72.1926
533.733	66.4882	589.257	0	180	-72.1934
533.677	66.5444	589.193	0	180	-72.1942
533.62	66.6006	589.128	0	180	-72.195
533.563	66.6567	589.063	0	180	-72.1958
533.507	66.7129	588.998	0	180	-72.1966
533.45	66.7691	588.934	0	180	-72.1974
533.394	66.8253	588.869	0	180	-72.1982
533.337	66.8814	588.804	0	180	-72.199
533.281	66.9376	588.739	0	180	-72.1998
533.224	66.9938	588.675	0	180	-72.2006
533.167	67.05	588.61	0	180	-72.2014
533.111	67.1061	588.545	0	180	-72.2022
533.054	67.1623	588.48	0	180	-72.203
532.998	67.2185	588.415	0	180	-72.2037
532.941	67.2747	588.351	0	180	-72.2045
532.885	67.3308	588.286	0	180	-72.2053
532.828	67.387	588.221	0	180	-72.2061
532.772	67.4432	588.156	0	180	-72.2069
532.715	67.4994	588.092	0	180	-72.2077
532.658	67.5555	588.027	0	180	-72.2085
532.602	67.6117	587.962	0	180	-72.2093
532.545	67.6679	587.897	0	180	-72.2101
532.489	67.7241	587.833	0	180	-72.2109
532.432	67.7802	587.768	0	180	-72.2117
532.376	67.8364	587.703	0	180	-72.2125
532.319	67.8926	587.638	0	180	-72.2133
532.262	67.9488	587.574	0	180	-72.2141
532.206	68.0049	587.509	0	180	-72.2149
532.149	68.0611	587.444	0	180	-72.2157
532.093	68.1173	587.379	0	180	-72.2165
532.036	68.1735	587.314	0	180	-72.2173
531.98	68.2296	587.25	0	180	-72.2181
531.923	68.2858	587.185	0	180	-72.2189
531.866	68.342	587.12	0	180	-72.2197
531.81	68.3982	587.055	0	180	-72.2205
531.753	68.4543	586.991	0	180	-72.2213
531.697	68.5105	586.926	0	180	-72.222
531.64	68.5667	586.861	0	180	-72.2228
531.584	68.6229	586.796	0	180	-72.2236
531.527	68.679	586.732	0	180	-72.2244
531.471	68.7352	586.667	0	180	-72.2252
531.414	68.7914	586.602	0	180	-72.226
531.357	68.8476	586.537	0	180	-72.2268
531.301	68.9037	586.473	0	180	-72.2276
531.244	68.9599	586.408	0	180	-72.2284
531.188	69.0161	586.343	0	180	-72.2292
531.131	69.0723	586.278	0	180	-72.23
531.075	69.1284	586.214	0	180	-72.2308
531.018	69.1846	586.149	0	180	-72.2316
530.961	69.2408	586.084	0	180	-72.2324
530.905	69.297	586.019	0	180	-72.2332
530.848	69.3531	585.954	0	180	-72.234
530.792	69.4093	585.89	0	180	-72.2348
530.735	69.4655	585.825	0	180	-72.2356
530.679	69.5217	585.76	0	180	-72.2364
530.622	69.5778	585.695	0	180	-72.2372
530.566	69.634	585.631	0	180	-72.238
530.509	69.6902	585.566	0	180	-72.2388
530.452	69.7464	585.501	0	180	-72.2396
530.396	69.8025	585.436	0	180	-72.2403
530.339	69.8587	585.372	0	180	-72.2411
530.283	69.9149	585.307	0	180	-72.2419
530.226	69.9711	585.242	0	180	-72.2427
530.17	70.0272	585.177	0	180	-72.2435
530.113	70.0834	585.113	0	180	-72.2443
530.056	70.1396	585.048	0	180	-72.2451
530	70.1958	584.983	0	180	-72.2459
529.943	70.2519	584.918	0	180	-72.2467
529.887	70.3081	584.853	0	180	-72.2475
529.83	70.3643	584.789	0	180	-72.2483
529.774	70.4205	584.724	0	180	-72.2491
529.717	70.4766	584.659	0	180	-72.2499
529.66	70.5328	584.594	0	180	-72.2507
529.604	70.589	584.53	0	180	-72.2515
529.547	70.6452	584.465	0	180	-72.2523
529.491	70.7013	584.4	0	180	-72.2531
529.434	70.7575	584.335	0	180	-72.2539
529.378	70.8137	584.271	0	180	-72.2547
529.321	70.8699	584.206	0	180	-72.2555
529.265	70.926	584.141	0	180	-72.2563
529.208	70.9822	584.076	0	180	-72.2571
529.151	71.0384	584.012	0	180	-72.2579
529.095	71.0946	583.947	0	180	-72.2586
529.038	71.1507	583.882	0	180	-72.2594
528.982	71.2069	583.817	0	180	-72.2602
528.925	71.2631	583.752	0	180	-72.261
528.869	71.3193	583.688	0	180	-72.2618
528.812	71.3754	583.623	0	180	-72.2626
528.755	71.4316	583.558	0	180	-72.2634
528.699	71.4878	583.493	0	180	-72.2642
528.642	71.544	583.429	0	180	-72.265
528.586	71.6001	583.364	0	180	-72.2658
528.529	71.6563	583.299	0	180	-72.2666
528.473	71.7125	583.234	0	180	-72.2674
528.416	71.7687	583.17	0	180	-72.2682
528.359	71.8248	583.105	0	180	-72.269
528.303	71.881	583.04	0	180	-72.2698
528.246	71.9372	582.975	0	180	-72.2706
528.19	71.9934	582.911	0	180	-72.2714
528.133	72.0495	582.846	0	180	-72.2722
528.077	72.1057	582.781	0	180	-72.273
528.02	72.1619	582.716	0	180	-72.2738
527.964	72.2181	582.651	0	180	-72.2746
527.907	72.2742	582.587	0	180	-72.2754
527.85	72.3304	582.522	0	180	-72.2762
527.794	72.3866	582.457	0	180	-72.2769
527.737	72.4428	582.392	0	180	-72.2777
527.681	72.4989	582.328	0	180	-72.2785
527.624	72.5551	582.263	0	180	-72.2793
527.568	72.6113	582.198	0	180	-72.2801
527.511	72.6675	582.133	0	180	-72.2809
527.454	72.7236	582.069	0	180	-72.2817
527.398	72.7798	582.004	0	180	-72.2825
527.341	72.836	581.939	0	180	-72.2833
527.285	72.8922	581.874	0	180	-72.2841
527.228	72.9483	581.81	0	180	-72.2849
527.172	73.0045	581.745	0	180	-72.2857
527.115	73.0607	581.68	0	180	-72.2865
527.058	73.1169	581.615	0	180	-72.2873
527.002	73.173	581.551	0	180	-72.2881
526.945	73.2292	581.486	0	180	-72.2889
526.889	73.2854	581.421	0	180	-72.2897
526.832	73.3416	581.356	0	180	-72.2905
526.776	73.3977	581.291	0	180	-72.2913
526.719	73.4539	581.227	0	180	-72.2921
526.663	73.5101	581.162	0	180	-72.2929
526.606	73.5663	581.097	0	180	-72.2937
526.549	73.6224	581.032	0	180	-72.2944
526.493	73.6786	580.968	0	180	-72.2952
526.436	73.7348	580.903	0	180	-72.296
526.38	73.791	580.838	0	180	-72.2968
526.323	73.8471	580.773	0	180	-72.2976
526.267	73.9033	580.709	0	180	-72.2984
526.21	73.9595	580.644	0	180	-72.2992
526.153	74.0157	580.579	0	180	-72.3
526.097	74.0718	580.514	0	180	-72.3008
526.04	74.128	580.45	0	180	-72.3016
525.984	74.1842	580.385	0	180	-72.3024
525.927	74.2404	580.32	0	180	-72.3032
525.871	74.2965	580.255	0	180	-72.304
525.814	74.3527	580.19	0	180	-72.3048
525.758	74.4089	580.126	0	180	-72.3056
525.701	74.4651	580.061	0	180	-72.3064
525.644	74.5212	579.996	0	180	-72.3072
525.588	74.5774	579.931	0	180	-72.308
525.531	74.6336	579.867	0	180	-72.3088
525.475	74.6898	579.802	0	180	-72.3096
525.418	74.7459	579.737	0	180	-72.3104
525.362	74.8021	579.672	0	180	-72.3112
525.305	74.8583	579.608	0	180	-72.312
525.248	74.9145	579.543	0	180	-72.3127
525.192	74.9706	579.478	0	180	-72.3135
525.135	75.0268	579.413	0	180	-72.3143
525.079	75.083	579.349	0	180	-72.3151
525.022	75.1392	579.284	0	180	-72.3159
524.966	75.1953	579.219	0	180	-72.3167
524.909	75.2515	579.154	0	180	-72.3175
524.852	75.3077	579.089	0	180	-72.3183
524.796	75.3639	579.025	0	180	-72.3191
524.739	75.42	578.96	0	180	-72.3199
524.683	75.4762	578.895	0	180	-72.3207
524.626	75.5324	578.83	0	180	-72.3215
524.57	75.5886	578.766	0	180	-72.3223
524.513	75.6447	578.701	0	180	-72.3231
524.457	75.7009	578.636	0	180	-72.3239
524.4	75.7571	578.571	0	180	-72.3247
524.343	75.8133	578.507	0	180	-72.3255
524.287	75.8694	578.442	0	180	-72.3263
524.23	75.9256	578.377	0	180	-72.3271
524.174	75.9818	578.312	0	180	-72.3279
524.117	76.038	578.248	0	180	-72.3287
524.061	76.0941	578.183	0	180	-72.3295
524.004	76.1503	578.118	0	180	-72.3303
523.947	76.2065	578.053	0	180	-72.331
523.891	76.2627	577.988	0	180	-72.3318
523.834	76.3188	577.924	0	180	-72.3326
523.778	76.375	577.859	0	180	-72.3334
523.721	76.4312	577.794	0	180	-72.3342
523.665	76.4874	577.729	0	180	-72.335
523.608	76.5435	577.665	0	180	-72.3358
523.551	76.5997	577.6	0	180	-72.3366
523.495	76.6559	577.535	0	180	-72.3374
523.438	76.7121	577.47	0	180	-72.3382
523.382	76.7682	577.406	0	180	-72.339
523.325	76.8244	577.341	0	180	-72.3398
523.269	76.8806	577.276	0	180	-72.3406
523.212	76.9368	577.211	0	180	-72.3414
523.156	76.9929	577.147	0	180	-72.3422
523.099	77.0491	577.082	0	180	-72.343
523.042	77.1053	577.017	0	180	-72.3438
522.986	77.1615	576.952	0	180	-72.3446
522.929	77.2176	576.888	0	180	-72.3454
522.873	77.2738	576.823	0	180	-72.3462
522.816	77.33	576.758	0	180	-72.347
522.76	77.3862	576.693	0	180	-72.3478
522.703	77.4423	576.628	0	180	-72.3486
522.646	77.4985	576.564	0	180	-72.3493
522.59	77.5547	576.499	0	180	-72.3501
522.533	77.6109	576.434	0	180	-72.3509
522.477	77.667	576.369	0	180	-72.3517
522.42	77.7232	576.305	0	180	-72.3525
522.364	77.7794	576.24	0	180	-72.3533
522.307	77.8356	576.175	0	180	-72.3541
522.251	77.8917	576.11	0	180	-72.3549
522.194	77.9479	576.046	0	180	-72.3557
522.137	78.0041	575.981	0	180	-72.3565
522.081	78.0603	575.916	0	180	-72.3573
522.024	78.1165	575.851	0	180	-72.3581
521.968	78.1726	575.787	0	180	-72.3589
521.911	78.2288	575.722	0	180	-72.3597
521.855	78.285	575.657	0	180	-72.3605
521.798	78.3412	575.592	0	180	-72.3613
521.741	78.3973	575.527	0	180	-72.3621
521.685	78.4535	575.463	0	180	-72.3629
521.628	78.5097	575.398	0	180	-72.3637
521.572	78.5659	575.333	0	180	-72.3645
521.515	78.622	575.268	0	180	-72.3653
521.459	78.6782	575.204	0	180	-72.3661
521.402	78.7344	575.139	0	180	-72.3669
521.345	78.7906	575.074	0	180	-72.3676
521.289	78.8467	575.009	0	180	-72.3684
521.232	78.9029	574.945	0	180	-72.3692
521.176	78.9591	574.88	0	180	-72.37
521.119	79.0153	574.815	0	180	-72.3708
521.063	79.0714	574.75	0	180	-72.3716
521.006	79.1276	574.686	0	180	-72.3724
520.95	79.1838	574.621	0	180	-72.3732
520.893	79.24	574.556	0	180	-72.374
520.836	79.2961	574.491	0	180	-72.3748
520.78	79.3523	574.426	0	180	-72.3756
520.723	79.4085	574.362	0	180	-72.3764
520.667	79.4647	574.297	0	180	-72.3772
520.61	79.5208	574.232	0	180	-72.378
520.554	79.577	574.167	0	180	-72.3788
520.497	79.6332	574.103	0	180	-72.3796
520.44	79.6894	574.038	0	180	-72.3804
520.384	79.7455	573.973	0	180	-72.3812
520.327	79.8017	573.908	0	180	-72.382
520.271	79.8579	573.844	0	180	-72.3828
520.214	79.9141	573.779	0	180	-72.3836
520.158	79.9702	573.714	0	180	-72.3844
520.101	80.0264	573.649	0	180	-72.3852
520.044	80.0826	573.585	0	180	-72.3859
519.988	80.1388	573.52	0	180	-72.3867
519.931	80.1949	573.455	0	180	-72.3875
519.875	80.2511	573.39	0	180	-72.3883
519.818	80.3073	573.325	0	180	-72.3891
519.762	80.3635	573.261	0	180	-72.3899
519.705	80.4196	573.196	0	180	-72.3907
519.649	80.4758	573.131	0	180	-72.3915
519.592	80.532	573.066	0	180	-72.3923
519.535	80.5882	573.002	0	180	-72.3931
519.479	80.6443	572.937	0	180	-72.3939
519.422	80.7005	572.872	0	180	-72.3947
519.366	80.7567	572.807	0	180	-72.3955
519.309	80.8129	572.743	0	180	-72.3963
519.253	80.869	572.678	0	180	-72.3971
519.196	80.9252	572.613	0	180	-72.3979
519.139	80.9814	572.548	0	180	-72.3987
519.083	81.0376	572.484	0	180	-72.3995
519.026	81.0937	572.419	0	180	-72.4003
518.97	81.1499	572.354	0	180	-72.4011
518.913	81.2061	572.289	0	180	-72.4019
518.857	81.2623	572.225	0	180	-72.4027
518.8	81.3184	572.16	0	180	-72.4034
518.744	81.3746	572.095	0	180	-72.4042
518.687	81.4308	572.03	0	180	-72.405
518.63	81.487	571.965	0	180	-72.4058
518.574	81.5431	571.901	0	180	-72.4066
518.517	81.5993	571.836	0	180	-72.4074
518.461	81.6555	571.771	0	180	-72.4082
518.404	81.7117	571.706	0	180	-72.409
518.348	81.7678	571.642	0	180	-72.4098
518.291	81.824	571.577	0	180	-72.4106
518.234	81.8802	571.512	0	180	-72.4114
518.178	81.9364	571.447	0	180	-72.4122
518.121	81.9925	571.383	0	180	-72.413
518.065	82.0487	571.318	0	180	-72.4138
518.008	82.1049	571.253	0	180	-72.4146
517.952	82.1611	571.188	0	180	-72.4154
517.895	82.2172	571.124	0	180	-72.4162
517.838	82.2734	571.059	0	180	-72.417
517.782	82.3296	570.994	0	180	-72.4178
517.725	82.3858	570.929	0	180	-72.4186
517.669	82.4419	570.864	0	180	-72.4194
517.612	82.4981	570.8	0	180	-72.4202
517.556	82.5543	570.735	0	180	-72.421
517.499	82.6105	570.67	0	180	-72.4217
517.443	82.6666	570.605	0	180	-72.4225
517.386	82.7228	570.541	0	180	-72.4233
517.329	82.779	570.476	0	180	-72.4241
517.273	82.8352	570.411	0	180	-72.4249
517.216	82.8913	570.346	0	180	-72.4257
517.16	82.9475	570.282	0	180	-72.4265
517.103	83.0037	570.217	0	180	-72.4273
517.047	83.0599	570.152	0	180	-72.4281
516.99	83.116	570.087	0	180	-72.4289
516.933	83.1722	570.023	0	180	-72.4297
516.877	83.2284	569.958	0	180	-72.4305
516.82	83.2846	569.893	0	180	-72.4313
516.764	83.3407	569.828	0	180	-72.4321
516.707	83.3969	569.763	0	180	-72.4329
516.651	83.4531	569.699	0	180	-72.4337
516.594	83.5093	569.634	0	180	-72.4345
516.537	83.5654	569.569	0	180	-72.4353
516.481	83.6216	569.504	0	180	-72.4361
516.424	83.6778	569.44	0	180	-72.4369
516.368	83.734	569.375	0	180	-72.4377
516.311	83.7901	569.31	0	180	-72.4385
516.255	83.8463	569.245	0	180	-72.4393
516.198	83.9025	569.181	0	180	-72.44
516.142	83.9587	569.116	0	180	-72.4408
516.085	84.0148	569.051	0	180	-72.4416
516.028	84.071	568.986	0	180	-72.4424
515.972	84.1272	568.922	0	180	-72.4432
515.915	84.1834	568.857	0	180	-72.444
515.859	84.2395	568.792	0	180	-72.4448
515.802	84.2957	568.727	0	180	-72.4456
515.746	84.3519	568.662	0	180	-72.4464
515.689	84.4081	568.598	0	180	-72.4472
515.632	84.4642	568.533	0	180	-72.448
515.576	84.5204	568.468	0	180	-72.4488
515.519	84.5766	568.403	0	180	-72.4496
515.463	84.6328	568.339	0	180	-72.4504
515.406	84.6889	568.274	0	180	-72.4512
515.35	84.7451	568.209	0	180	-72.452
515.293	84.8013	568.144	0	180	-72.4528
515.237	84.8575	568.08	0	180	-72.4536
515.18	84.9136	568.015	0	180	-72.4544
515.123	84.9698	567.95	0	180	-72.4552
515.067	85.026	567.885	0	180	-72.456
515.01	85.0822	567.821	0	180	-72.4568
514.954	85.1383	567.756	0	180	-72.4576
514.897	85.1945	567.691	0	180	-72.4583
514.841	85.2507	567.626	0	180	-72.4591
514.784	85.3069	567.561	0	180	-72.4599
514.727	85.363	567.497	0	180	-72.4607
514.671	85.4192	567.432	0	180	-72.4615
514.614	85.4754	567.367	0	180	-72.4623
514.558	85.5316	567.302	0	180	-72.4631
514.501	85.5877	567.238	0	180	-72.4639
514.445	85.6439	567.173	0	180	-72.4647
514.388	85.7001	567.108	0	180	-72.4655
514.331	85.7563	567.043	0	180	-72.4663
514.275	85.8124	566.979	0	180	-72.4671
514.218	85.8686	566.914	0	180	-72.4679
514.162	85.9248	566.849	0	180	-72.4687
514.105	85.981	566.784	0	180	-72.4695
514.049	86.0371	566.72	0	180	-72.4703
513.992	86.0933	566.655	0	180	-72.4711
513.936	86.1495	566.59	0	180	-72.4719
513.879	86.2057	566.525	0	180	-72.4727
513.822	86.2618	566.461	0	180	-72.4735
513.766	86.318	566.396	0	180	-72.4743
513.709	86.3742	566.331	0	180	-72.4751
513.653	86.4304	566.266	0	180	-72.4759
513.596	86.4865	566.201	0	180	-72.4766
513.54	86.5427	566.137	0	180	-72.4774
513.483	86.5989	566.072	0	180	-72.4782
513.426	86.6551	566.007	0	180	-72.479
513.37	86.7112	565.942	0	180	-72.4798
513.313	86.7674	565.878	0	180	-72.4806
513.257	86.8236	565.813	0	180	-72.4814
513.2	86.8798	565.748	0	180	-72.4822
513.144	86.9359	565.683	0	180	-72.483
513.087	86.9921	565.619	0	180	-72.4838
513.03	87.0483	565.554	0	180	-72.4846
512.974	87.1045	565.489	0	180	-72.4854
512.917	87.1606	565.424	0	180	-72.4862
512.861	87.2168	565.36	0	180	-72.487
512.804	87.273	565.295	0	180	-72.4878
512.748	87.3292	565.23	0	180	-72.4886
512.691	87.3853	565.165	0	180	-72.4894
512.635	87.4415	565.1	0	180	-72.4902
512.578	87.4977	565.036	0	180	-72.491
512.521	87.5539	564.971	0	180	-72.4918
512.465	87.61	564.906	0	180	-72.4926
512.408	87.6662	564.841	0	180	-72.4934
512.352	87.7224	564.777	0	180	-72.4941
512.295	87.7786	564.712	0	180	-72.4949
512.239	87.8347	564.647	0	180	-72.4957
512.182	87.8909	564.582	0	180	-72.4965
512.125	87.9471	564.518	0	180	-72.4973
512.069	88.0033	564.453	0	180	-72.4981
512.012	88.0594	564.388	0	180	-72.4989
511.956	88.1156	564.323	0	180	-72.4997
511.899	88.1718	564.259	0	180	-72.5005
511.843	88.228	564.194	0	180	-72.5013
511.786	88.2841	564.129	0	180	-72.5021
511.729	88.3403	564.064	0	180	-72.5029
511.673	88.3965	563.999	0	180	-72.5037
511.616	88.4527	563.935	0	180	-72.5045
511.56	88.5088	563.87	0	180	-72.5053
511.503	88.565	563.805	0	180	-72.5061
511.447	88.6212	563.74	0	180	-72.5069
511.39	88.6774	563.676	0	180	-72.5077
511.334	88.7335	563.611	0	180	-72.5085
511.277	88.7897	563.546	0	180	-72.5093
511.22	88.8459	563.481	0	180	-72.5101
511.164	88.9021	563.417	0	180	-72.5109
511.107	88.9582	563.352	0	180	-72.5117
511.051	89.0144	563.287	0	180	-72.5124
510.994	89.0706	563.222	0	180	-72.5132
510.938	89.1268	563.158	0	180	-72.514
510.881	89.1829	563.093	0	180	-72.5148
510.824	89.2391	563.028	0	180	-72.5156
510.768	89.2953	562.963	0	180	-72.5164
510.711	89.3515	562.898	0	180	-72.5172
510.655	89.4076	562.834	0	180	-72.518
510.598	89.4638	562.769	0	180	-72.5188
510.542	89.52	562.704	0	180	-72.5196
510.485	89.5762	562.639	0	180	-72.5204
510.429	89.6323	562.575	0	180	-72.5212
510.372	89.6885	562.51	0	180	-72.522
510.315	89.7447	562.445	0	180	-72.5228
510.259	89.8009	562.38	0	180	-72.5236
510.202	89.857	562.316	0	180	-72.5244
510.146	89.9132	562.251	0	180	-72.5252
510.089	89.9694	562.186	0	180	-72.526
510.033	90.0256	562.121	0	180	-72.5268
509.976	90.0817	562.057	0	180	-72.5276
509.919	90.1379	561.992	0	180	-72.5284
509.863	90.1941	561.927	0	180	-72.5292
509.806	90.2503	561.862	0	180	-72.53
509.75	90.3065	561.798	0	180	-72.5307
509.693	90.3626	561.733	0	180	-72.5315
509.637	90.4188	561.668	0	180	-72.5323
509.58	90.475	561.603	0	180	-72.5331
509.523	90.5312	561.538	0	180	-72.5339
509.467	90.5873	561.474	0	180	-72.5347
509.41	90.6435	561.409	0	180	-72.5355
509.354	90.6997	561.344	0	180	-72.5363
509.297	90.7559	561.279	0	180	-72.5371
509.241	90.812	561.215	0	180	-72.5379
509.184	90.8682	561.15	0	180	-72.5387
509.128	90.9244	561.085	0	180	-72.5395
509.071	90.9806	561.02	0	180	-72.5403
509.014	91.0367	560.956	0	180	-72.5411
508.958	91.0929	560.891	0	180	-72.5419
508.901	91.1491	560.826	0	180	-72.5427
508.845	91.2053	560.761	0	180	-72.5435
508.788	91.2614	560.697	0	180	-72.5443
508.732	91.3176	560.632	0	180	-72.5451
508.675	91.3738	560.567	0	180	-72.5459
508.618	91.43	560.502	0	180	-72.5467
508.562	91.4861	560.437	0	180	-72.5475
508.505	91.5423	560.373	0	180	-72.5483
508.449	91.5985	560.308	0	180	-72.549
508.392	91.6547	560.243	0	180	-72.5498
508.336	91.7108	560.178	0	180	-72.5506
508.279	91.767	560.114	0	180	-72.5514
508.222	91.8232	560.049	0	180	-72.5522
508.166	91.8794	559.984	0	180	-72.553
508.109	91.9355	559.919	0	180	-72.5538
508.053	91.9917	559.855	0	180	-72.5546
507.996	92.0479	559.79	0	180	-72.5554
507.94	92.1041	559.725	0	180	-72.5562
507.883	92.1602	559.66	0	180	-72.557
507.827	92.2164	559.596	0	180	-72.5578
507.77	92.2726	559.531	0	180	-72.5586
507.713	92.3288	559.466	0	180	-72.5594
507.657	92.3849	559.401	0	180	-72.5602
507.6	92.4411	559.336	0	180	-72.561
507.544	92.4973	559.272	0	180	-72.5618
507.487	92.5535	559.207	0	180	-72.5626
507.431	92.6096	559.142	0	180	-72.5634
507.374	92.6658	559.077	0	180	-72.5642
507.317	92.722	559.013	0	180	-72.565
507.261	92.7782	558.948	0	180	-72.5658
507.204	92.8343	558.883	0	180	-72.5666
507.148	92.8905	558.818	0	180	-72.5673
507.091	92.9467	558.754	0	180	-72.5681
507.035	93.0029	558.689	0	180	-72.5689
506.978	93.059	558.624	0	180	-72.5697
506.922	93.1152	558.559	0	180	-72.5705
506.865	93.1714	558.495	0	180	-72.5713
506.808	93.2276	558.43	0	180	-72.5721
506.752	93.2837	558.365	0	180	-72.5729
506.695	93.3399	558.3	0	180	-72.5737
506.639	93.3961	558.235	0	180	-72.5745
506.582	93.4523	558.171	0	180	-72.5753
506.526	93.5084	558.106	0	180	-72.5761
506.469	93.5646	558.041	0	180	-72.5769
506.412	93.6208	557.976	0	180	-72.5777
506.356	93.677	557.912	0	180	-72.5785
506.299	93.7331	557.847	0	180	-72.5793
506.243	93.7893	557.782	0	180	-72.5801
506.186	93.8455	557.717	0	180	-72.5809
506.13	93.9017	557.653	0	180	-72.5817
506.073	93.9578	557.588	0	180	-72.5825
506.016	94.014	557.523	0	180	-72.5833
505.96	94.0702	557.458	0	180	-72.5841
505.903	94.1264	557.394	0	180	-72.5849
505.847	94.1825	557.329	0	180	-72.5856
505.79	94.2387	557.264	0	180	-72.5864
505.734	94.2949	557.199	0	180	-72.5872
505.677	94.3511	557.135	0	180	-72.588
505.621	94.4072	557.07	0	180	-72.5888
505.564	94.4634	557.005	0	180	-72.5896
505.507	94.5196	556.94	0	180	-72.5904
505.451	94.5758	556.875	0	180	-72.5912
505.394	94.6319	556.811	0	180	-72.592
505.338	94.6881	556.746	0	180	-72.5928
505.281	94.7443	556.681	0	180	-72.5936
505.225	94.8005	556.616	0	180	-72.5944
505.168	94.8566	556.552	0	180	-72.5952
505.111	94.9128	556.487	0	180	-72.596
505.055	94.969	556.422	0	180	-72.5968
504.998	95.0252	556.357	0	180	-72.5976
504.942	95.0813	556.293	0	180	-72.5984
504.885	95.1375	556.228	0	180	-72.5992
504.829	95.1937	556.163	0	180	-72.6
504.772	95.2499	556.098	0	180	-72.6008
504.715	95.306	556.034	0	180	-72.6016
504.659	95.3622	555.969	0	180	-72.6024
504.602	95.4184	555.904	0	180	-72.6031
504.546	95.4746	555.839	0	180	-72.6039
504.489	95.5307	555.774	0	180	-72.6047
504.433	95.5869	555.71	0	180	-72.6055
504.376	95.6431	555.645	0	180	-72.6063
504.32	95.6993	555.58	0	180	-72.6071
504.263	95.7554	555.515	0	180	-72.6079
504.206	95.8116	555.451	0	180	-72.6087
504.15	95.8678	555.386	0	180	-72.6095
504.093	95.924	555.321	0	180	-72.6103
504.037	95.9801	555.256	0	180	-72.6111
503.98	96.0363	555.192	0	180	-72.6119
503.924	96.0925	555.127	0	180	-72.6127
503.867	96.1487	555.062	0	180	-72.6135
503.81	96.2048	554.997	0	180	-72.6143
503.754	96.261	554.933	0	180	-72.6151
503.697	96.3172	554.868	0	180	-72.6159
503.641	96.3734	554.803	0	180	-72.6167
503.584	96.4295	554.738	0	180	-72.6175
503.528	96.4857	554.673	0	180	-72.6183
503.471	96.5419	554.609	0	180	-72.6191
503.415	96.5981	554.544	0	180	-72.6199
503.358	96.6542	554.479	0	180	-72.6207
503.301	96.7104	554.414	0	180	-72.6214
503.245	96.7666	554.35	0	180	-72.6222
503.188	96.8228	554.285	0	180	-72.623
503.132	96.8789	554.22	0	180	-72.6238
503.075	96.9351	554.155	0	180	-72.6246
503.019	96.9913	554.091	0	180	-72.6254
502.962	97.0475	554.026	0	180	-72.6262
502.905	97.1036	553.961	0	180	-72.627
502.849	97.1598	553.896	0	180	-72.6278
502.792	97.216	553.832	0	180	-72.6286
502.736	97.2722	553.767	0	180	-72.6294
502.679	97.3283	553.702	0	180	-72.6302
502.623	97.3845	553.637	0	180	-72.631
502.566	97.4407	553.572	0	180	-72.6318
502.509	97.4969	553.508	0	180	-72.6326
502.453	97.553	553.443	0	180	-72.6334
502.396	97.6092	553.378	0	180	-72.6342
502.34	97.6654	553.313	0	180	-72.635
502.283	97.7216	553.249	0	180	-72.6358
502.227	97.7777	553.184	0	180	-72.6366
502.17	97.8339	553.119	0	180	-72.6374
502.114	97.8901	553.054	0	180	-72.6382
502.057	97.9463	552.99	0	180	-72.639
502	98.0024	552.925	0	180	-72.6397
501.944	98.0586	552.862	0	180	-72.6405
501.887	98.1148	552.8	0	180	-72.6413
501.831	98.171	552.739	0	180	-72.6421
501.774	98.2271	552.679	0	180	-72.6429
501.718	98.2833	552.62	0	180	-72.6437
501.661	98.3395	552.562	0	180	-72.6445
501.604	98.3957	552.504	0	180	-72.6453
501.548	98.4517	552.448	0	180	-72.6461
501.493	98.5068	552.393	0	180	-72.6469
501.439	98.561	552.339	0	180	-72.6477
501.386	98.6141	552.286	0	180	-72.6485
501.334	98.6663	552.234	0	180	-72.6493
501.283	98.7174	552.183	0	180	-72.6501
501.232	98.7676	552.132	0	180	-72.6509
501.183	98.8167	552.083	0	180	-72.6517
501.135	98.8649	552.035	0	180	-72.6525
501.088	98.912	551.988	0	180	-72.6533
501.042	98.9582	551.942	0	180	-72.6541
500.997	99.0033	551.897	0	180	-72.6549
500.953	99.0475	551.853	0	180	-72.6557
500.909	99.0906	551.809	0	180	-72.6565
500.867	99.1328	551.767	0	180	-72.6573
500.826	99.1739	551.726	0	180	-72.658
500.786	99.2141	551.686	0	180	-72.6588
500.747	99.2532	551.647	0	180	-72.6596
500.709	99.2913	551.609	0	180	-72.6604
500.672	99.3285	551.572	0	180	-72.6612
500.635	99.3646	551.535	0	180	-72.662
500.6	99.3998	551.5	0	180	-72.6628
500.566	99.4339	551.466	0	180	-72.6636
500.533	99.4671	551.433	0	180	-72.6644
500.501	99.4992	551.401	0	180	-72.6652
500.47	99.5304	551.37	0	180	-72.666
500.439	99.5605	551.339	0	180	-72.6668
500.41	99.5897	551.31	0	180	-72.6676
500.382	99.6178	551.282	0	180	-72.6684
500.355	99.645	551.255	0	180	-72.6692
500.329	99.6711	551.229	0	180	-72.67
500.304	99.6963	551.204	0	180	-72.6708
500.28	99.7204	551.18	0	180	-72.6716
500.256	99.7436	551.156	0	180	-72.6724
500.234	99.7657	551.134	0	180	-72.6732
500.213	99.7868	551.113	0	180	-72.674
500.193	99.807	551.093	0	180	-72.6748
500.174	99.8261	551.074	0	180	-72.6756
500.156	99.8443	551.056	0	180	-72.6763
500.139	99.8614	551.039	0	180	-72.6771
500.122	99.8776	551.022	0	180	-72.6779
500.107	99.8927	551.007	0	180	-72.6787
500.093	99.9069	550.993	0	180	-72.6795
500.08	99.92	550.98	0	180	-72.6803
500.068	99.9322	550.968	0	180	-72.6811
500.057	99.9433	550.957	0	180	-72.6819
500.047	99.9535	550.947	0	180	-72.6827
500.037	99.9626	550.937	0	180	-72.6835
500.029	99.9708	550.929	0	180	-72.6843
500.022	99.9779	550.922	0	180	-72.6851
500.016	99.9841	550.916	0	180	-72.6859
500.011	99.9892	550.911	0	180	-72.6867
500.007	99.9933	550.907	0	180	-72.6875
500.004	99.9965	550.904	0	180	-72.6883
500.001	99.9986	550.901	0	180	-72.6891
500	99.9998	550.9	0	180	-72.6899
