8.02201 37.0463 96.5252 -5.91423e-07 46.4285 -9.41285
8.02189 37.046 96.5255 -5.91414e-07 46.4285 -9.41435
8.02168 37.0455 96.5259 -5.91398e-07 46.4286 -9.41685
8.0214 37.0448 96.5265 -5.91377e-07 46.4286 -9.42035
8.02103 37.044 96.5273 -5.91349e-07 46.4287 -9.42485
8.0206 37.0429 96.5283 -5.91317e-07 46.4288 -9.43035
8.02017 37.0417 96.5294 -5.91284e-07 46.4289 -9.43685
8.01976 37.0402 96.5307 -5.91253e-07 46.429 -9.44435
8.01936 37.0386 96.5322 -5.91222e-07 46.4292 -9.45285
8.01897 37.0369 96.5338 -5.91192e-07 46.4294 -9.46235
8.0186 37.0349 96.5355 -5.91162e-07 46.4296 -9.47285
8.01824 37.0328 96.5374 -5.91134e-07 46.4298 -9.48435
8.01789 37.0304 96.5395 -5.91105e-07 46.4301 -9.49685
8.01756 37.0279 96.5417 -5.91078e-07 46.4304 -9.51035
8.01724 37.0252 96.5441 -5.91052e-07 46.4307 -9.52485
8.01693 37.0224 96.5466 -5.91026e-07 46.431 -9.54035
8.01663 37.0193 96.5493 -5.91001e-07 46.4314 -9.55685
8.01635 37.0161 96.5521 -5.90976e-07 46.4318 -9.57435
8.01609 37.0127 96.5551 -5.90953e-07 46.4322 -9.59285
8.01583 37.0091 96.5582 -5.9093e-07 46.4327 -9.61235
8.0156 37.0054 96.5615 -5.90907e-07 46.4332 -9.63285
8.01537 37.0014 96.5649 -5.90886e-07 46.4337 -9.65435
8.01516 36.9973 96.5685 -5.90865e-07 46.4342 -9.67685
8.01496 36.993 96.5723 -5.90845e-07 46.4347 -9.70035
8.01477 36.9885 96.5762 -5.90826e-07 46.4353 -9.72485
8.0146 36.9838 96.5803 -5.90807e-07 46.4359 -9.75035
8.01444 36.979 96.5845 -5.90789e-07 46.4365 -9.77685
8.01429 36.9739 96.5889 -5.90772e-07 46.4372 -9.80435
8.01416 36.9687 96.5934 -5.90756e-07 46.4379 -9.83285
8.01404 36.9633 96.5981 -5.9074e-07 46.4386 -9.86235
8.01393 36.9578 96.6029 -5.90725e-07 46.4393 -9.89285
8.01384 36.952 96.6079 -5.90711e-07 46.4401 -9.92435
8.01376 36.9461 96.613 -5.90697e-07 46.4409 -9.95685
8.01369 36.94 96.6183 -5.90684e-07 46.4417 -9.99035
8.01364 36.9337 96.6237 -5.90672e-07 46.4426 -10.0248
8.0136 36.9272 96.6293 -5.90661e-07 46.4434 -10.0603
8.01357 36.9206 96.6351 -5.9065e-07 46.4443 -10.0968
8.01356 36.9137 96.641 -5.9064e-07 46.4453 -10.1343
8.01356 36.9067 96.6471 -5.90631e-07 46.4462 -10.1728
8.01358 36.8995 96.6533 -5.90622e-07 46.4472 -10.2123
8.01361 36.8922 96.6596 -5.90614e-07 46.4482 -10.2528
8.01365 36.8846 96.6662 -5.90607e-07 46.4492 -10.2943
8.0137 36.8769 96.6728 -5.90601e-07 46.4503 -10.3368
8.01377 36.869 96.6797 -5.90595e-07 46.4514 -10.3803
8.01385 36.8609 96.6866 -5.9059e-07 46.4525 -10.4248
8.01394 36.8526 96.6938 -5.90586e-07 46.4536 -10.4703
8.01405 36.8441 96.701 -5.90582e-07 46.4548 -10.5168
8.01417 36.8355 96.7085 -5.90579e-07 46.456 -10.5643
8.01431 36.8267 96.7161 -5.90577e-07 46.4572 -10.6128
8.01446 36.8177 96.7238 -5.90576e-07 46.4585 -10.6623
8.01462 36.8085 96.7317 -5.90575e-07 46.4598 -10.7128
8.01479 36.7992 96.7398 -5.90575e-07 46.4611 -10.7643
8.01498 36.7896 96.748 -5.90576e-07 46.4624 -10.8168
8.01519 36.7799 96.7563 -5.90577e-07 46.4638 -10.8703
8.0154 36.77 96.7648 -5.90579e-07 46.4652 -10.9248
8.01563 36.7599 96.7735 -5.90582e-07 46.4666 -10.9803
8.01587 36.7497 96.7823 -5.90585e-07 46.4681 -11.0368
8.01613 36.7392 96.7912 -5.9059e-07 46.4696 -11.0943
8.0164 36.7286 96.8003 -5.90595e-07 46.4711 -11.1528
8.01668 36.7178 96.8096 -5.906e-07 46.4726 -11.2123
8.01698 36.7068 96.819 -5.90607e-07 46.4742 -11.2728
8.01728 36.6957 96.8285 -5.90613e-07 46.4758 -11.3343
8.01758 36.6845 96.8379 -5.90618e-07 46.4776 -11.3968
8.01788 36.6732 96.8474 -5.90622e-07 46.4794 -11.4603
8.01819 36.6619 96.8568 -5.90625e-07 46.4813 -11.5248
8.01849 36.6505 96.8662 -5.90628e-07 46.4833 -11.5903
8.01879 36.6392 96.8756 -5.90632e-07 46.4852 -11.6568
8.01909 36.6278 96.8851 -5.90635e-07 46.4871 -11.7243
8.0194 36.6165 96.8945 -5.90638e-07 46.4891 -11.7928
8.0197 36.6051 96.9039 -5.90641e-07 46.491 -11.8623
8.02 36.5938 96.9133 -5.90644e-07 46.4929 -11.9328
8.0203 36.5824 96.9227 -5.90648e-07 46.4949 -12.0043
8.02061 36.5711 96.9321 -5.90651e-07 46.4968 -12.0768
8.02091 36.5597 96.9415 -5.90654e-07 46.4987 -12.1503
8.02121 36.5484 96.9509 -5.90657e-07 46.5007 -12.2248
8.02152 36.537 96.9603 -5.9066e-07 46.5026 -12.3003
8.02182 36.5257 96.9697 -5.90663e-07 46.5046 -12.3768
8.02212 36.5143 96.9791 -5.90666e-07 46.5065 -12.4543
8.02243 36.503 96.9885 -5.90669e-07 46.5085 -12.5328
8.02273 36.4916 96.9979 -5.90673e-07 46.5105 -12.6123
8.02303 36.4803 97.0073 -5.90676e-07 46.5124 -12.6928
8.02334 36.4689 97.0167 -5.90679e-07 46.5144 -12.7743
8.02364 36.4576 97.0261 -5.90682e-07 46.5163 -12.8568
8.02394 36.4462 97.0355 -5.90685e-07 46.5183 -12.9403
8.02425 36.4349 97.0449 -5.90687e-07 46.5203 -13.0248
8.02455 36.4235 97.0542 -5.9069e-07 46.5222 -13.1103
8.02485 36.4122 97.0636 -5.90693e-07 46.5242 -13.1968
8.02516 36.4008 97.073 -5.90696e-07 46.5262 -13.2843
8.02546 36.3895 97.0824 -5.90699e-07 46.5282 -13.3728
8.02577 36.3781 97.0917 -5.90702e-07 46.5301 -13.4623
8.02607 36.3668 97.1011 -5.90705e-07 46.5321 -13.5528
8.02637 36.3554 97.1105 -5.90708e-07 46.5341 -13.6443
8.02668 36.3441 97.1199 -5.90711e-07 46.5361 -13.7368
8.02698 36.3327 97.1292 -5.90713e-07 46.5381 -13.8303
8.02729 36.3213 97.1386 -5.90716e-07 46.5401 -13.9243
8.02759 36.31 97.1479 -5.90719e-07 46.5421 -14.0182
8.0279 36.2986 97.1573 -5.90722e-07 46.5441 -14.1122
8.0282 36.2873 97.1667 -5.90725e-07 46.5461 -14.2061
8.0285 36.2759 97.176 -5.90727e-07 46.5481 -14.3001
8.02881 36.2646 97.1854 -5.9073e-07 46.5501 -14.394
8.02911 36.2532 97.1947 -5.90733e-07 46.5521 -14.4879
8.02942 36.2419 97.2041 -5.90735e-07 46.5541 -14.5819
8.02972 36.2305 97.2134 -5.90738e-07 46.5561 -14.6758
8.03003 36.2192 97.2228 -5.90741e-07 46.5581 -14.7698
8.03033 36.2078 97.2321 -5.90743e-07 46.5601 -14.8637
8.03064 36.1964 97.2414 -5.90746e-07 46.5621 -14.9577
8.03094 36.1851 97.2508 -5.90748e-07 46.5641 -15.0516
8.03125 36.1737 97.2601 -5.90751e-07 46.5662 -15.1455
8.03155 36.1624 97.2694 -5.90754e-07 46.5682 -15.2395
8.03186 36.151 97.2788 -5.90756e-07 46.5702 -15.3334
8.03216 36.1397 97.2881 -5.90759e-07 46.5722 -15.4274
8.03247 36.1283 97.2974 -5.90761e-07 46.5743 -15.5213
8.03277 36.1169 97.3068 -5.90764e-07 46.5763 -15.6152
8.03308 36.1056 97.3161 -5.90766e-07 46.5783 -15.7092
8.03339 36.0942 97.3254 -5.90769e-07 46.5804 -15.8031
8.03369 36.0829 97.3347 -5.90771e-07 46.5824 -15.8971
8.034 36.0715 97.344 -5.90773e-07 46.5844 -15.991
8.0343 36.0602 97.3534 -5.90776e-07 46.5865 -16.085
8.03461 36.0488 97.3627 -5.90778e-07 46.5885 -16.1789
8.03491 36.0374 97.372 -5.90781e-07 46.5906 -16.2728
8.03522 36.0261 97.3813 -5.90783e-07 46.5926 -16.3668
8.03553 36.0147 97.3906 -5.90785e-07 46.5947 -16.4607
8.03583 36.0034 97.3999 -5.90788e-07 46.5967 -16.5547
8.03614 35.992 97.4092 -5.9079e-07 46.5988 -16.6486
8.03644 35.9806 97.4185 -5.90792e-07 46.6008 -16.7426
8.03675 35.9693 97.4278 -5.90794e-07 46.6029 -16.8365
8.03706 35.9579 97.4371 -5.90797e-07 46.605 -16.9304
8.03736 35.9466 97.4464 -5.90799e-07 46.607 -17.0244
8.03767 35.9352 97.4557 -5.90801e-07 46.6091 -17.1183
8.03798 35.9238 97.465 -5.90803e-07 46.6112 -17.2123
8.03828 35.9125 97.4743 -5.90806e-07 46.6132 -17.3062
8.03859 35.9011 97.4836 -5.90808e-07 46.6153 -17.4001
8.0389 35.8898 97.4929 -5.9081e-07 46.6174 -17.4941
8.0392 35.8784 97.5021 -5.90812e-07 46.6195 -17.588
8.03951 35.867 97.5114 -5.90814e-07 46.6216 -17.682
8.03982 35.8557 97.5207 -5.90816e-07 46.6236 -17.7759
8.04012 35.8443 97.53 -5.90818e-07 46.6257 -17.8699
8.04043 35.8329 97.5393 -5.9082e-07 46.6278 -17.9638
8.04074 35.8216 97.5485 -5.90822e-07 46.6299 -18.0577
8.04104 35.8102 97.5578 -5.90825e-07 46.632 -18.1517
8.04135 35.7988 97.5671 -5.90827e-07 46.6341 -18.2456
8.04166 35.7875 97.5763 -5.90829e-07 46.6362 -18.3396
8.04197 35.7761 97.5856 -5.90831e-07 46.6383 -18.4335
8.04227 35.7648 97.5949 -5.90832e-07 46.6404 -18.5275
8.04258 35.7534 97.6041 -5.90834e-07 46.6425 -18.6214
8.04289 35.742 97.6134 -5.90836e-07 46.6446 -18.7153
8.0432 35.7307 97.6226 -5.90838e-07 46.6467 -18.8093
8.0435 35.7193 97.6319 -5.9084e-07 46.6488 -18.9032
8.04381 35.7079 97.6411 -5.90842e-07 46.6509 -18.9972
8.04412 35.6966 97.6504 -5.90844e-07 46.653 -19.0911
8.04443 35.6852 97.6596 -5.90846e-07 46.6552 -19.1851
8.04473 35.6738 97.6689 -5.90848e-07 46.6573 -19.279
8.04504 35.6625 97.6781 -5.90849e-07 46.6594 -19.3729
8.04535 35.6511 97.6874 -5.90851e-07 46.6615 -19.4669
8.04566 35.6397 97.6966 -5.90853e-07 46.6636 -19.5608
8.04597 35.6284 97.7059 -5.90855e-07 46.6658 -19.6548
8.04627 35.617 97.7151 -5.90857e-07 46.6679 -19.7487
8.04658 35.6056 97.7243 -5.90858e-07 46.67 -19.8426
8.04689 35.5943 97.7336 -5.9086e-07 46.6722 -19.9366
8.0472 35.5829 97.7428 -5.90862e-07 46.6743 -20.0305
8.04751 35.5715 97.752 -5.90863e-07 46.6765 -20.1245
8.04782 35.5602 97.7612 -5.90865e-07 46.6786 -20.2184
8.04812 35.5488 97.7705 -5.90867e-07 46.6807 -20.3124
8.04843 35.5374 97.7797 -5.90868e-07 46.6829 -20.4063
8.04874 35.5261 97.7889 -5.9087e-07 46.685 -20.5002
8.04905 35.5147 97.7981 -5.90872e-07 46.6872 -20.5942
8.04936 35.5033 97.8073 -5.90873e-07 46.6893 -20.6881
8.04967 35.492 97.8166 -5.90875e-07 46.6915 -20.7821
8.04998 35.4806 97.8258 -5.90876e-07 46.6937 -20.876
8.05029 35.4692 97.835 -5.90878e-07 46.6958 -20.97
8.0506 35.4578 97.8442 -5.90879e-07 46.698 -21.0639
8.0509 35.4465 97.8534 -5.90881e-07 46.7001 -21.1578
8.05121 35.4351 97.8626 -5.90882e-07 46.7023 -21.2518
8.05152 35.4237 97.8718 -5.90884e-07 46.7045 -21.3457
8.05183 35.4124 97.881 -5.90885e-07 46.7066 -21.4397
8.05214 35.401 97.8902 -5.90887e-07 46.7088 -21.5336
8.05245 35.3896 97.8994 -5.90888e-07 46.711 -21.6275
8.05276 35.3782 97.9086 -5.90889e-07 46.7132 -21.7215
8.05307 35.3669 97.9178 -5.90891e-07 46.7154 -21.8154
8.05338 35.3555 97.927 -5.90892e-07 46.7175 -21.9094
8.05369 35.3441 97.9361 -5.90894e-07 46.7197 -22.0033
8.054 35.3328 97.9453 -5.90895e-07 46.7219 -22.0973
8.05431 35.3214 97.9545 -5.90896e-07 46.7241 -22.1912
8.05462 35.31 97.9637 -5.90898e-07 46.7263 -22.2851
8.05493 35.2986 97.9729 -5.90899e-07 46.7285 -22.3791
8.05524 35.2873 97.9821 -5.909e-07 46.7307 -22.473
8.05555 35.2759 97.9912 -5.90901e-07 46.7329 -22.567
8.05586 35.2645 98.0004 -5.90903e-07 46.7351 -22.6609
8.05617 35.2531 98.0096 -5.90904e-07 46.7373 -22.7549
8.05648 35.2418 98.0187 -5.90905e-07 46.7395 -22.8488
8.05679 35.2304 98.0279 -5.90906e-07 46.7417 -22.9427
8.0571 35.219 98.0371 -5.90907e-07 46.7439 -23.0367
8.05741 35.2076 98.0462 -5.90908e-07 46.7461 -23.1306
8.05772 35.1963 98.0554 -5.9091e-07 46.7483 -23.2246
8.05803 35.1849 98.0646 -5.90911e-07 46.7506 -23.3185
8.05834 35.1735 98.0737 -5.90912e-07 46.7528 -23.4125
8.05865 35.1621 98.0829 -5.90913e-07 46.755 -23.5064
8.05896 35.1508 98.092 -5.90914e-07 46.7572 -23.6003
8.05928 35.1394 98.1012 -5.90915e-07 46.7594 -23.6943
8.05959 35.128 98.1103 -5.90916e-07 46.7617 -23.7882
8.0599 35.1166 98.1195 -5.90917e-07 46.7639 -23.8822
8.06021 35.1053 98.1286 -5.90918e-07 46.7661 -23.9761
8.06052 35.0939 98.1378 -5.90919e-07 46.7684 -24.07
8.06083 35.0825 98.1469 -5.9092e-07 46.7706 -24.164
8.06114 35.0711 98.156 -5.90921e-07 46.7729 -24.2579
8.06145 35.0597 98.1652 -5.90922e-07 46.7751 -24.3519
8.06177 35.0484 98.1743 -5.90923e-07 46.7773 -24.4458
8.06208 35.037 98.1834 -5.90924e-07 46.7796 -24.5398
8.06239 35.0256 98.1926 -5.90925e-07 46.7818 -24.6337
8.0627 35.0142 98.2017 -5.90926e-07 46.7841 -24.7276
8.06301 35.0028 98.2108 -5.90926e-07 46.7863 -24.8216
8.06332 34.9915 98.2199 -5.90927e-07 46.7886 -24.9155
8.06363 34.9801 98.2291 -5.90928e-07 46.7909 -25.0095
8.06395 34.9687 98.2382 -5.90929e-07 46.7931 -25.1034
8.06426 34.9573 98.2473 -5.9093e-07 46.7954 -25.1974
8.06457 34.9459 98.2564 -5.9093e-07 46.7976 -25.2913
8.06488 34.9346 98.2655 -5.90931e-07 46.7999 -25.3852
8.06519 34.9232 98.2746 -5.90932e-07 46.8022 -25.4792
8.06551 34.9118 98.2838 -5.90933e-07 46.8044 -25.5731
8.06582 34.9004 98.2929 -5.90933e-07 46.8067 -25.6671
8.06613 34.889 98.302 -5.90934e-07 46.809 -25.761
8.06644 34.8777 98.3111 -5.90935e-07 46.8113 -25.855
8.06676 34.8663 98.3202 -5.90935e-07 46.8136 -25.9489
8.06707 34.8549 98.3293 -5.90936e-07 46.8158 -26.0428
8.06738 34.8435 98.3384 -5.90937e-07 46.8181 -26.1368
8.06769 34.8321 98.3475 -5.90937e-07 46.8204 -26.2307
8.06801 34.8207 98.3566 -5.90938e-07 46.8227 -26.3247
8.06832 34.8094 98.3656 -5.90938e-07 46.825 -26.4186
8.06863 34.798 98.3747 -5.90939e-07 46.8273 -26.5125
8.06895 34.7866 98.3838 -5.9094e-07 46.8296 -26.6065
8.06926 34.7752 98.3929 -5.9094e-07 46.8319 -26.7004
8.06957 34.7638 98.402 -5.90941e-07 46.8342 -26.7944
8.06988 34.7524 98.4111 -5.90941e-07 46.8365 -26.8883
8.0702 34.7411 98.4202 -5.90942e-07 46.8388 -26.9823
8.07051 34.7297 98.4292 -5.90942e-07 46.8411 -27.0762
8.07082 34.7183 98.4383 -5.90942e-07 46.8434 -27.1701
8.07114 34.7069 98.4474 -5.90943e-07 46.8457 -27.2641
8.07145 34.6955 98.4565 -5.90943e-07 46.848 -27.358
8.07176 34.6841 98.4655 -5.90944e-07 46.8504 -27.452
8.07208 34.6727 98.4746 -5.90944e-07 46.8527 -27.5459
8.07239 34.6614 98.4837 -5.90944e-07 46.855 -27.6399
8.07271 34.65 98.4927 -5.90945e-07 46.8573 -27.7338
8.07302 34.6386 98.5018 -5.90945e-07 46.8596 -27.8277
8.07333 34.6272 98.5108 -5.90945e-07 46.862 -27.9217
8.07365 34.6158 98.5199 -5.90946e-07 46.8643 -28.0156
8.07396 34.6044 98.5289 -5.90946e-07 46.8666 -28.1096
8.07427 34.593 98.538 -5.90946e-07 46.869 -28.2035
8.07459 34.5816 98.5471 -5.90947e-07 46.8713 -28.2974
8.0749 34.5703 98.5561 -5.90947e-07 46.8736 -28.3914
8.07522 34.5589 98.5651 -5.90947e-07 46.876 -28.4853
8.07553 34.5475 98.5742 -5.90947e-07 46.8783 -28.5793
8.07585 34.5361 98.5832 -5.90947e-07 46.8807 -28.6732
8.07616 34.5247 98.5923 -5.90948e-07 46.883 -28.7672
8.07647 34.5133 98.6013 -5.90948e-07 46.8854 -28.8611
8.07679 34.5019 98.6103 -5.90948e-07 46.8877 -28.955
8.0771 34.4905 98.6194 -5.90948e-07 46.8901 -29.049
8.07742 34.4791 98.6284 -5.90948e-07 46.8924 -29.1429
8.07773 34.4677 98.6374 -5.90948e-07 46.8948 -29.2369
8.07805 34.4564 98.6465 -5.90948e-07 46.8972 -29.3308
8.07836 34.445 98.6555 -5.90948e-07 46.8995 -29.4248
8.07868 34.4336 98.6645 -5.90948e-07 46.9019 -29.5187
8.07899 34.4222 98.6735 -5.90948e-07 46.9043 -29.6126
8.07931 34.4108 98.6826 -5.90948e-07 46.9066 -29.7066
8.07962 34.3994 98.6916 -5.90948e-07 46.909 -29.8005
8.07994 34.388 98.7006 -5.90948e-07 46.9114 -29.8945
8.08025 34.3766 98.7096 -5.90948e-07 46.9138 -29.9884
8.08057 34.3652 98.7186 -5.90948e-07 46.9162 -30.0824
8.08088 34.3538 98.7276 -5.90948e-07 46.9185 -30.1763
8.0812 34.3424 98.7366 -5.90948e-07 46.9209 -30.2702
8.08152 34.331 98.7457 -5.90948e-07 46.9233 -30.3642
8.08183 34.3196 98.7547 -5.90948e-07 46.9257 -30.4581
8.08215 34.3082 98.7637 -5.90948e-07 46.9281 -30.5521
8.08246 34.2969 98.7727 -5.90948e-07 46.9305 -30.646
8.08278 34.2855 98.7817 -5.90947e-07 46.9329 -30.7399
8.08309 34.2741 98.7907 -5.90947e-07 46.9353 -30.8339
8.08341 34.2627 98.7996 -5.90947e-07 46.9377 -30.9278
8.08373 34.2513 98.8086 -5.90947e-07 46.9401 -31.0218
8.08404 34.2399 98.8176 -5.90946e-07 46.9425 -31.1157
8.08436 34.2285 98.8266 -5.90946e-07 46.9449 -31.2097
8.08467 34.2171 98.8356 -5.90946e-07 46.9473 -31.3036
8.08499 34.2057 98.8446 -5.90946e-07 46.9497 -31.3975
8.08531 34.1943 98.8536 -5.90945e-07 46.9521 -31.4915
8.08562 34.1829 98.8625 -5.90945e-07 46.9546 -31.5854
8.08594 34.1715 98.8715 -5.90945e-07 46.957 -31.6794
8.08626 34.1601 98.8805 -5.90944e-07 46.9594 -31.7733
8.08657 34.1487 98.8895 -5.90944e-07 46.9618 -31.8673
8.08689 34.1373 98.8984 -5.90944e-07 46.9642 -31.9612
8.08721 34.1259 98.9074 -5.90943e-07 46.9667 -32.0551
8.08752 34.1145 98.9164 -5.90943e-07 46.9691 -32.1491
8.08784 34.1031 98.9253 -5.90942e-07 46.9715 -32.243
8.08816 34.0917 98.9343 -5.90942e-07 46.974 -32.337
8.08847 34.0803 98.9433 -5.90942e-07 46.9764 -32.4309
8.08879 34.0689 98.9522 -5.90941e-07 46.9789 -32.5248
8.08911 34.0575 98.9612 -5.90941e-07 46.9813 -32.6188
8.08942 34.0461 98.9701 -5.9094e-07 46.9837 -32.7127
8.08974 34.0347 98.9791 -5.9094e-07 46.9862 -32.8067
8.09006 34.0233 98.988 -5.90939e-07 46.9886 -32.9006
8.09038 34.0119 98.997 -5.90938e-07 46.9911 -32.9946
8.09069 34.0005 99.0059 -5.90938e-07 46.9935 -33.0885
8.09101 33.9891 99.0149 -5.90937e-07 46.996 -33.1824
8.09133 33.9777 99.0238 -5.90937e-07 46.9985 -33.2764
8.09165 33.9663 99.0328 -5.90936e-07 47.0009 -33.3703
8.09196 33.9549 99.0417 -5.90935e-07 47.0034 -33.4643
8.09228 33.9435 99.0506 -5.90935e-07 47.0058 -33.5582
8.0926 33.9321 99.0596 -5.90934e-07 47.0083 -33.6522
8.09292 33.9207 99.0685 -5.90933e-07 47.0108 -33.7461
8.09324 33.9093 99.0774 -5.90933e-07 47.0133 -33.84
8.09355 33.8979 99.0864 -5.90932e-07 47.0157 -33.934
8.09387 33.8865 99.0953 -5.90931e-07 47.0182 -34.0279
8.09419 33.8751 99.1042 -5.9093e-07 47.0207 -34.1219
8.09451 33.8637 99.1132 -5.9093e-07 47.0232 -34.2158
8.09483 33.8523 99.1221 -5.90929e-07 47.0256 -34.3098
8.09515 33.8409 99.131 -5.90928e-07 47.0281 -34.4037
8.09546 33.8295 99.1399 -5.90927e-07 47.0306 -34.4976
8.09578 33.8181 99.1488 -5.90927e-07 47.0331 -34.5916
8.0961 33.8067 99.1577 -5.90926e-07 47.0356 -34.6855
8.09642 33.7953 99.1666 -5.90925e-07 47.0381 -34.7795
8.09674 33.7839 99.1756 -5.90924e-07 47.0406 -34.8734
8.09706 33.7724 99.1845 -5.90923e-07 47.0431 -34.9673
8.09738 33.761 99.1934 -5.90922e-07 47.0456 -35.0613
8.0977 33.7496 99.2023 -5.90921e-07 47.0481 -35.1552
8.09801 33.7382 99.2112 -5.9092e-07 47.0506 -35.2492
8.09833 33.7268 99.2201 -5.90919e-07 47.0531 -35.3431
8.09865 33.7154 99.229 -5.90918e-07 47.0556 -35.4371
8.09897 33.704 99.2379 -5.90917e-07 47.0581 -35.531
8.09929 33.6926 99.2467 -5.90916e-07 47.0607 -35.6249
8.09961 33.6812 99.2556 -5.90915e-07 47.0632 -35.7189
8.09993 33.6698 99.2645 -5.90914e-07 47.0657 -35.8128
8.10025 33.6584 99.2734 -5.90913e-07 47.0682 -35.9068
8.10057 33.647 99.2823 -5.90912e-07 47.0707 -36.0007
8.10089 33.6356 99.2912 -5.90911e-07 47.0733 -36.0947
8.10121 33.6241 99.3001 -5.9091e-07 47.0758 -36.1886
8.10153 33.6127 99.3089 -5.90909e-07 47.0783 -36.2825
8.10185 33.6013 99.3178 -5.90908e-07 47.0809 -36.3765
8.10217 33.5899 99.3267 -5.90907e-07 47.0834 -36.4704
8.10249 33.5785 99.3356 -5.90905e-07 47.0859 -36.5644
8.10281 33.5671 99.3444 -5.90904e-07 47.0885 -36.6583
8.10313 33.5557 99.3533 -5.90903e-07 47.091 -36.7522
8.10345 33.5443 99.3622 -5.90902e-07 47.0936 -36.8462
8.10377 33.5329 99.371 -5.90901e-07 47.0961 -36.9401
8.10409 33.5215 99.3799 -5.90899e-07 47.0987 -37.0341
8.10441 33.51 99.3888 -5.90898e-07 47.1012 -37.128
8.10473 33.4986 99.3976 -5.90897e-07 47.1038 -37.222
8.10505 33.4872 99.4065 -5.90896e-07 47.1063 -37.3159
8.10537 33.4758 99.4153 -5.90894e-07 47.1089 -37.4098
8.10569 33.4644 99.4242 -5.90893e-07 47.1114 -37.5038
8.10601 33.453 99.433 -5.90892e-07 47.114 -37.5977
8.10633 33.4416 99.4419 -5.9089e-07 47.1166 -37.6917
8.10665 33.4301 99.4507 -5.90889e-07 47.1191 -37.7856
8.10697 33.4187 99.4596 -5.90888e-07 47.1217 -37.8796
8.10729 33.4073 99.4684 -5.90886e-07 47.1243 -37.9735
8.10762 33.3959 99.4772 -5.90885e-07 47.1269 -38.0674
8.10794 33.3845 99.4861 -5.90883e-07 47.1294 -38.1614
8.10826 33.3731 99.4949 -5.90882e-07 47.132 -38.2553
8.10858 33.3617 99.5037 -5.9088e-07 47.1346 -38.3493
8.1089 33.3502 99.5126 -5.90879e-07 47.1372 -38.4432
8.10922 33.3388 99.5214 -5.90877e-07 47.1398 -38.5372
8.10954 33.3274 99.5302 -5.90876e-07 47.1424 -38.6311
8.10986 33.316 99.5391 -5.90874e-07 47.1449 -38.725
8.11019 33.3046 99.5479 -5.90873e-07 47.1475 -38.819
8.11051 33.2932 99.5567 -5.90871e-07 47.1501 -38.9129
8.11083 33.2817 99.5655 -5.9087e-07 47.1527 -39.0069
8.11115 33.2703 99.5743 -5.90868e-07 47.1553 -39.1008
8.11147 33.2589 99.5832 -5.90867e-07 47.1579 -39.1947
8.1118 33.2475 99.592 -5.90865e-07 47.1605 -39.2887
8.11212 33.2361 99.6008 -5.90863e-07 47.1631 -39.3826
8.11244 33.2247 99.6096 -5.90862e-07 47.1658 -39.4766
8.11276 33.2132 99.6184 -5.9086e-07 47.1684 -39.5705
8.11308 33.2018 99.6272 -5.90858e-07 47.171 -39.6645
8.11341 33.1904 99.636 -5.90857e-07 47.1736 -39.7584
8.11373 33.179 99.6448 -5.90855e-07 47.1762 -39.8523
8.11405 33.1676 99.6536 -5.90853e-07 47.1788 -39.9463
8.11437 33.1561 99.6624 -5.90851e-07 47.1815 -40.0402
8.1147 33.1447 99.6712 -5.9085e-07 47.1841 -40.1342
8.11502 33.1333 99.68 -5.90848e-07 47.1867 -40.2281
8.11534 33.1219 99.6888 -5.90846e-07 47.1893 -40.3221
8.11566 33.1105 99.6976 -5.90844e-07 47.192 -40.416
8.11599 33.099 99.7064 -5.90843e-07 47.1946 -40.5099
8.11631 33.0876 99.7151 -5.90841e-07 47.1972 -40.6039
8.11663 33.0762 99.7239 -5.90839e-07 47.1999 -40.6978
8.11695 33.0648 99.7327 -5.90837e-07 47.2025 -40.7918
8.11728 33.0534 99.7415 -5.90835e-07 47.2052 -40.8857
8.1176 33.0419 99.7503 -5.90833e-07 47.2078 -40.9796
8.11792 33.0305 99.759 -5.90831e-07 47.2105 -41.0736
8.11825 33.0191 99.7678 -5.90829e-07 47.2131 -41.1675
8.11857 33.0077 99.7766 -5.90827e-07 47.2158 -41.2615
8.11889 32.9962 99.7853 -5.90825e-07 47.2184 -41.3554
8.11922 32.9848 99.7941 -5.90823e-07 47.2211 -41.4494
8.11954 32.9734 99.8029 -5.90822e-07 47.2237 -41.5433
8.11987 32.962 99.8116 -5.9082e-07 47.2264 -41.6372
8.12019 32.9505 99.8204 -5.90817e-07 47.2291 -41.7312
8.12051 32.9391 99.8292 -5.90815e-07 47.2317 -41.8251
8.12084 32.9277 99.8379 -5.90813e-07 47.2344 -41.9191
8.12116 32.9163 99.8467 -5.90811e-07 47.2371 -42.013
8.12148 32.9048 99.8554 -5.90809e-07 47.2397 -42.107
8.12181 32.8934 99.8642 -5.90807e-07 47.2424 -42.2009
8.12213 32.882 99.8729 -5.90805e-07 47.2451 -42.2948
8.12246 32.8706 99.8817 -5.90803e-07 47.2478 -42.3888
8.12278 32.8591 99.8904 -5.90801e-07 47.2505 -42.4827
8.12311 32.8477 99.8992 -5.90799e-07 47.2531 -42.5767
8.12343 32.8363 99.9079 -5.90796e-07 47.2558 -42.6706
8.12375 32.8249 99.9166 -5.90794e-07 47.2585 -42.7646
8.12408 32.8134 99.9254 -5.90792e-07 47.2612 -42.8585
8.1244 32.802 99.9341 -5.9079e-07 47.2639 -42.9524
8.12473 32.7906 99.9428 -5.90788e-07 47.2666 -43.0464
8.12505 32.7791 99.9516 -5.90785e-07 47.2693 -43.1403
8.12538 32.7677 99.9603 -5.90783e-07 47.272 -43.2343
8.1257 32.7563 99.969 -5.90781e-07 47.2747 -43.3282
8.12603 32.7449 99.9777 -5.90778e-07 47.2774 -43.4221
8.12635 32.7334 99.9865 -5.90776e-07 47.2801 -43.5161
8.12668 32.722 99.9952 -5.90774e-07 47.2828 -43.61
8.127 32.7106 100.004 -5.90772e-07 47.2855 -43.704
8.12733 32.6991 100.013 -5.90769e-07 47.2882 -43.7979
8.12765 32.6877 100.021 -5.90767e-07 47.291 -43.8919
8.12798 32.6763 100.03 -5.90764e-07 47.2937 -43.9858
8.1283 32.6648 100.039 -5.90762e-07 47.2964 -44.0797
8.12863 32.6534 100.047 -5.9076e-07 47.2991 -44.1737
8.12895 32.642 100.056 -5.90757e-07 47.3019 -44.2676
8.12928 32.6305 100.065 -5.90755e-07 47.3046 -44.3616
8.12961 32.6191 100.074 -5.90752e-07 47.3073 -44.4555
8.12993 32.6077 100.082 -5.9075e-07 47.31 -44.5495
8.13026 32.5962 100.091 -5.90747e-07 47.3128 -44.6434
8.13058 32.5848 100.1 -5.90745e-07 47.3155 -44.7373
8.13091 32.5734 100.108 -5.90742e-07 47.3183 -44.8313
8.13124 32.5619 100.117 -5.9074e-07 47.321 -44.9252
8.13156 32.5505 100.126 -5.90737e-07 47.3237 -45.0192
8.13189 32.5391 100.134 -5.90735e-07 47.3265 -45.1131
8.13221 32.5276 100.143 -5.90732e-07 47.3292 -45.2071
8.13254 32.5162 100.152 -5.90729e-07 47.332 -45.301
8.13287 32.5048 100.16 -5.90727e-07 47.3347 -45.3949
8.13319 32.4933 100.169 -5.90724e-07 47.3375 -45.4889
8.13352 32.4819 100.178 -5.90721e-07 47.3403 -45.5828
8.13385 32.4705 100.187 -5.90719e-07 47.343 -45.6768
8.13417 32.459 100.195 -5.90716e-07 47.3458 -45.7707
8.1345 32.4476 100.204 -5.90713e-07 47.3485 -45.8646
8.13483 32.4362 100.213 -5.90711e-07 47.3513 -45.9586
8.13515 32.4247 100.221 -5.90708e-07 47.3541 -46.0525
8.13548 32.4133 100.23 -5.90705e-07 47.3569 -46.1465
8.13581 32.4018 100.239 -5.90702e-07 47.3596 -46.2404
8.13613 32.3904 100.247 -5.907e-07 47.3624 -46.3344
8.13646 32.379 100.256 -5.90697e-07 47.3652 -46.4283
8.13679 32.3675 100.265 -5.90694e-07 47.368 -46.5222
8.13712 32.3561 100.273 -5.90691e-07 47.3707 -46.6162
8.13744 32.3446 100.282 -5.90688e-07 47.3735 -46.7101
8.13777 32.3332 100.29 -5.90686e-07 47.3763 -46.8041
8.1381 32.3218 100.299 -5.90683e-07 47.3791 -46.898
8.13843 32.3103 100.308 -5.9068e-07 47.3819 -46.992
8.13875 32.2989 100.316 -5.90677e-07 47.3847 -47.0859
8.13908 32.2874 100.325 -5.90674e-07 47.3875 -47.1798
8.13941 32.276 100.334 -5.90671e-07 47.3903 -47.2738
8.13974 32.2646 100.342 -5.90668e-07 47.3931 -47.3677
8.14006 32.2531 100.351 -5.90665e-07 47.3959 -47.4617
8.14039 32.2417 100.36 -5.90662e-07 47.3987 -47.5556
8.14072 32.2302 100.368 -5.90659e-07 47.4015 -47.6495
8.14105 32.2188 100.377 -5.90656e-07 47.4043 -47.7435
8.14138 32.2074 100.385 -5.90653e-07 47.4071 -47.8374
8.14171 32.1959 100.394 -5.9065e-07 47.41 -47.9314
8.14203 32.1845 100.403 -5.90647e-07 47.4128 -48.0253
8.14236 32.173 100.411 -5.90644e-07 47.4156 -48.1193
8.14269 32.1616 100.42 -5.90641e-07 47.4184 -48.2132
8.14302 32.1501 100.429 -5.90638e-07 47.4212 -48.3071
8.14335 32.1387 100.437 -5.90635e-07 47.4241 -48.4011
8.14368 32.1273 100.446 -5.90632e-07 47.4269 -48.495
8.14401 32.1158 100.454 -5.90629e-07 47.4297 -48.589
8.14433 32.1044 100.463 -5.90626e-07 47.4326 -48.6829
8.14466 32.0929 100.472 -5.90622e-07 47.4354 -48.7769
8.14499 32.0815 100.48 -5.90619e-07 47.4382 -48.8708
8.14532 32.07 100.489 -5.90616e-07 47.4411 -48.9647
8.14565 32.0586 100.497 -5.90613e-07 47.4439 -49.0587
8.14598 32.0471 100.506 -5.9061e-07 47.4468 -49.1526
8.14631 32.0357 100.515 -5.90606e-07 47.4496 -49.2466
8.14664 32.0242 100.523 -5.90603e-07 47.4525 -49.3405
8.14697 32.0128 100.532 -5.906e-07 47.4553 -49.4345
8.1473 32.0013 100.54 -5.90597e-07 47.4582 -49.5284
8.14763 31.9899 100.549 -5.90593e-07 47.461 -49.6223
8.14796 31.9785 100.558 -5.9059e-07 47.4639 -49.7163
8.14829 31.967 100.566 -5.90587e-07 47.4668 -49.8102
8.14862 31.9556 100.575 -5.90583e-07 47.4696 -49.9042
8.14895 31.9441 100.583 -5.9058e-07 47.4725 -49.9981
8.14928 31.9327 100.592 -5.90577e-07 47.4754 -50.092
8.14961 31.9212 100.601 -5.90573e-07 47.4782 -50.186
8.14994 31.9098 100.609 -5.9057e-07 47.4811 -50.2799
8.15027 31.8983 100.618 -5.90566e-07 47.484 -50.3739
8.1506 31.8869 100.626 -5.90563e-07 47.4868 -50.4678
8.15093 31.8754 100.635 -5.90559e-07 47.4897 -50.5618
8.15126 31.864 100.643 -5.90556e-07 47.4926 -50.6557
8.15159 31.8525 100.652 -5.90553e-07 47.4955 -50.7496
8.15192 31.8411 100.661 -5.90549e-07 47.4984 -50.8436
8.15225 31.8296 100.669 -5.90546e-07 47.5013 -50.9375
8.15258 31.8182 100.678 -5.90542e-07 47.5042 -51.0315
8.15291 31.8067 100.686 -5.90538e-07 47.5071 -51.1254
8.15324 31.7952 100.695 -5.90535e-07 47.51 -51.2194
8.15357 31.7838 100.703 -5.90531e-07 47.5129 -51.3133
8.1539 31.7723 100.712 -5.90528e-07 47.5158 -51.4072
8.15423 31.7609 100.72 -5.90524e-07 47.5187 -51.5012
8.15456 31.7494 100.729 -5.90521e-07 47.5216 -51.5951
8.15489 31.738 100.738 -5.90517e-07 47.5245 -51.6891
8.15523 31.7265 100.746 -5.90513e-07 47.5274 -51.783
8.15556 31.7151 100.755 -5.9051e-07 47.5303 -51.8769
8.15589 31.7036 100.763 -5.90506e-07 47.5332 -51.9709
8.15622 31.6922 100.772 -5.90502e-07 47.5361 -52.0648
8.15655 31.6807 100.78 -5.90499e-07 47.539 -52.1588
8.15688 31.6693 100.789 -5.90495e-07 47.542 -52.2527
8.15721 31.6578 100.797 -5.90491e-07 47.5449 -52.3467
8.15755 31.6463 100.806 -5.90487e-07 47.5478 -52.4406
8.15788 31.6349 100.814 -5.90484e-07 47.5507 -52.5345
8.15821 31.6234 100.823 -5.9048e-07 47.5537 -52.6285
8.15854 31.612 100.831 -5.90476e-07 47.5566 -52.7224
8.15887 31.6005 100.84 -5.90472e-07 47.5595 -52.8164
8.15921 31.5891 100.848 -5.90469e-07 47.5625 -52.9103
8.15954 31.5776 100.857 -5.90465e-07 47.5654 -53.0043
8.15987 31.5661 100.865 -5.90461e-07 47.5684 -53.0982
8.1602 31.5547 100.874 -5.90457e-07 47.5713 -53.1921
8.16053 31.5432 100.883 -5.90453e-07 47.5743 -53.2861
8.16087 31.5318 100.891 -5.90449e-07 47.5772 -53.38
8.1612 31.5203 100.9 -5.90445e-07 47.5802 -53.474
8.16153 31.5088 100.908 -5.90441e-07 47.5831 -53.5679
8.16186 31.4974 100.917 -5.90437e-07 47.5861 -53.6619
8.1622 31.4859 100.925 -5.90434e-07 47.589 -53.7558
8.16253 31.4745 100.934 -5.9043e-07 47.592 -53.8497
8.16286 31.463 100.942 -5.90426e-07 47.5949 -53.9437
8.1632 31.4515 100.951 -5.90422e-07 47.5979 -54.0376
8.16353 31.4401 100.959 -5.90418e-07 47.6009 -54.1316
8.16386 31.4286 100.968 -5.90414e-07 47.6038 -54.2255
8.16419 31.4172 100.976 -5.9041e-07 47.6068 -54.3194
8.16453 31.4057 100.985 -5.90405e-07 47.6098 -54.4134
8.16486 31.3942 100.993 -5.90401e-07 47.6128 -54.5073
8.16519 31.3828 101.001 -5.90397e-07 47.6157 -54.6013
8.16553 31.3713 101.01 -5.90393e-07 47.6187 -54.6952
8.16586 31.3599 101.018 -5.90389e-07 47.6217 -54.7892
8.16619 31.3484 101.027 -5.90385e-07 47.6247 -54.8831
8.16653 31.3369 101.035 -5.90381e-07 47.6277 -54.977
8.16686 31.3255 101.044 -5.90377e-07 47.6307 -55.071
8.1672 31.314 101.052 -5.90373e-07 47.6337 -55.1649
8.16753 31.3025 101.061 -5.90368e-07 47.6367 -55.2589
8.16786 31.2911 101.069 -5.90364e-07 47.6397 -55.3528
8.1682 31.2796 101.078 -5.9036e-07 47.6427 -55.4468
8.16853 31.2681 101.086 -5.90356e-07 47.6457 -55.5407
8.16887 31.2567 101.095 -5.90352e-07 47.6487 -55.6346
8.1692 31.2452 101.103 -5.90347e-07 47.6517 -55.7286
8.16953 31.2337 101.112 -5.90343e-07 47.6547 -55.8225
8.16987 31.2223 101.12 -5.90339e-07 47.6577 -55.9165
8.1702 31.2108 101.128 -5.90334e-07 47.6607 -56.0104
8.17054 31.1993 101.137 -5.9033e-07 47.6637 -56.1043
8.17087 31.1879 101.145 -5.90326e-07 47.6667 -56.1983
8.17121 31.1764 101.154 -5.90321e-07 47.6698 -56.2922
8.17154 31.1649 101.162 -5.90317e-07 47.6728 -56.3862
8.17188 31.1535 101.171 -5.90313e-07 47.6758 -56.4801
8.17221 31.142 101.179 -5.90308e-07 47.6788 -56.5741
8.17255 31.1305 101.188 -5.90304e-07 47.6819 -56.668
8.17288 31.1191 101.196 -5.903e-07 47.6849 -56.7619
8.17322 31.1076 101.204 -5.90295e-07 47.6879 -56.8559
8.17355 31.0961 101.213 -5.90291e-07 47.691 -56.9498
8.17389 31.0846 101.221 -5.90286e-07 47.694 -57.0438
8.17422 31.0732 101.23 -5.90282e-07 47.6971 -57.1377
8.17456 31.0617 101.238 -5.90277e-07 47.7001 -57.2317
8.17489 31.0502 101.247 -5.90273e-07 47.7031 -57.3256
8.17523 31.0388 101.255 -5.90268e-07 47.7062 -57.4195
8.17556 31.0273 101.263 -5.90264e-07 47.7092 -57.5135
8.1759 31.0158 101.272 -5.90259e-07 47.7123 -57.6074
8.17623 31.0043 101.28 -5.90255e-07 47.7154 -57.7014
8.17657 30.9929 101.289 -5.9025e-07 47.7184 -57.7953
8.17691 30.9814 101.297 -5.90245e-07 47.7215 -57.8893
8.17724 30.9699 101.306 -5.90241e-07 47.7245 -57.9832
8.17758 30.9585 101.314 -5.90236e-07 47.7276 -58.0771
8.17791 30.947 101.322 -5.90232e-07 47.7307 -58.1711
8.17825 30.9355 101.331 -5.90227e-07 47.7337 -58.265
8.17859 30.924 101.339 -5.90222e-07 47.7368 -58.359
8.17892 30.9126 101.348 -5.90218e-07 47.7399 -58.4529
8.17926 30.9011 101.356 -5.90213e-07 47.743 -58.5468
8.1796 30.8896 101.364 -5.90208e-07 47.746 -58.6408
8.17993 30.8781 101.373 -5.90204e-07 47.7491 -58.7347
8.18027 30.8667 101.381 -5.90199e-07 47.7522 -58.8287
8.1806 30.8552 101.39 -5.90194e-07 47.7553 -58.9226
8.18094 30.8437 101.398 -5.90189e-07 47.7584 -59.0166
8.18128 30.8322 101.406 -5.90185e-07 47.7615 -59.1105
8.18162 30.8208 101.415 -5.9018e-07 47.7646 -59.2044
8.18195 30.8093 101.423 -5.90175e-07 47.7676 -59.2984
8.18229 30.7978 101.431 -5.9017e-07 47.7707 -59.3923
8.18263 30.7863 101.44 -5.90165e-07 47.7738 -59.4863
8.18296 30.7748 101.448 -5.9016e-07 47.7769 -59.5802
8.1833 30.7634 101.457 -5.90156e-07 47.78 -59.6742
8.18364 30.7519 101.465 -5.90151e-07 47.7832 -59.7681
8.18398 30.7404 101.473 -5.90146e-07 47.7863 -59.862
8.18431 30.7289 101.482 -5.90141e-07 47.7894 -59.956
8.18465 30.7175 101.49 -5.90136e-07 47.7925 -60.0499
8.18499 30.706 101.498 -5.90131e-07 47.7956 -60.1439
8.18533 30.6945 101.507 -5.90126e-07 47.7987 -60.2378
8.18566 30.683 101.515 -5.90121e-07 47.8018 -60.3317
8.186 30.6715 101.524 -5.90116e-07 47.805 -60.4257
8.18634 30.6601 101.532 -5.90111e-07 47.8081 -60.5196
8.18668 30.6486 101.54 -5.90106e-07 47.8112 -60.6136
8.18701 30.6371 101.549 -5.90101e-07 47.8143 -60.7075
8.18735 30.6256 101.557 -5.90096e-07 47.8175 -60.8015
8.18769 30.6141 101.565 -5.90091e-07 47.8206 -60.8954
8.18803 30.6026 101.574 -5.90086e-07 47.8237 -60.9893
8.18837 30.5912 101.582 -5.90081e-07 47.8269 -61.0833
8.18871 30.5797 101.59 -5.90076e-07 47.83 -61.1772
8.18904 30.5682 101.599 -5.90071e-07 47.8332 -61.2712
8.18938 30.5567 101.607 -5.90066e-07 47.8363 -61.3651
8.18972 30.5452 101.615 -5.90061e-07 47.8395 -61.4591
8.19006 30.5337 101.624 -5.90056e-07 47.8426 -61.553
8.1904 30.5223 101.632 -5.9005e-07 47.8458 -61.6469
8.19074 30.5108 101.64 -5.90045e-07 47.8489 -61.7409
8.19108 30.4993 101.649 -5.9004e-07 47.8521 -61.8348
8.19142 30.4878 101.657 -5.90035e-07 47.8552 -61.9288
8.19176 30.4763 101.665 -5.9003e-07 47.8584 -62.0227
8.19209 30.4648 101.674 -5.90024e-07 47.8616 -62.1167
8.19243 30.4533 101.682 -5.90019e-07 47.8647 -62.2106
8.19277 30.4419 101.69 -5.90014e-07 47.8679 -62.3045
8.19311 30.4304 101.699 -5.90009e-07 47.8711 -62.3985
8.19345 30.4189 101.707 -5.90003e-07 47.8742 -62.4924
8.19379 30.4074 101.715 -5.89998e-07 47.8774 -62.5864
8.19413 30.3959 101.723 -5.89993e-07 47.8806 -62.6803
8.19447 30.3844 101.732 -5.89987e-07 47.8838 -62.7742
8.19481 30.3729 101.74 -5.89982e-07 47.887 -62.8682
8.19515 30.3614 101.748 -5.89977e-07 47.8901 -62.9621
8.19549 30.35 101.757 -5.89971e-07 47.8933 -63.0561
8.19583 30.3385 101.765 -5.89966e-07 47.8965 -63.15
8.19617 30.327 101.773 -5.89961e-07 47.8997 -63.244
8.19651 30.3155 101.782 -5.89955e-07 47.9029 -63.3379
8.19685 30.304 101.79 -5.8995e-07 47.9061 -63.4318
8.19719 30.2925 101.798 -5.89944e-07 47.9093 -63.5258
8.19753 30.281 101.806 -5.89939e-07 47.9125 -63.6197
8.19787 30.2695 101.815 -5.89934e-07 47.9157 -63.7137
8.19821 30.258 101.823 -5.89928e-07 47.9189 -63.8076
8.19855 30.2465 101.831 -5.89923e-07 47.9221 -63.9016
8.19889 30.2351 101.84 -5.89917e-07 47.9253 -63.9955
8.19923 30.2236 101.848 -5.89912e-07 47.9285 -64.0894
8.19957 30.2121 101.856 -5.89906e-07 47.9318 -64.1834
8.19992 30.2006 101.864 -5.899e-07 47.935 -64.2773
8.20026 30.1891 101.873 -5.89895e-07 47.9382 -64.3713
8.2006 30.1776 101.881 -5.89889e-07 47.9414 -64.4652
8.20094 30.1661 101.889 -5.89884e-07 47.9446 -64.5592
8.20128 30.1546 101.898 -5.89878e-07 47.9479 -64.6531
8.20162 30.1431 101.906 -5.89873e-07 47.9511 -64.747
8.20196 30.1316 101.914 -5.89867e-07 47.9543 -64.841
8.2023 30.1201 101.922 -5.89861e-07 47.9576 -64.9349
8.20264 30.1086 101.931 -5.89856e-07 47.9608 -65.0289
8.20299 30.0971 101.939 -5.8985e-07 47.964 -65.1228
8.20333 30.0856 101.947 -5.89844e-07 47.9673 -65.2167
8.20367 30.0741 101.955 -5.89839e-07 47.9705 -65.3107
8.20401 30.0626 101.964 -5.89833e-07 47.9738 -65.4046
8.20435 30.0511 101.972 -5.89827e-07 47.977 -65.4986
8.20469 30.0396 101.98 -5.89821e-07 47.9803 -65.5925
8.20504 30.0282 101.988 -5.89816e-07 47.9835 -65.6865
8.20538 30.0167 101.997 -5.8981e-07 47.9868 -65.7804
8.20572 30.0052 102.005 -5.89804e-07 47.99 -65.8743
8.20606 29.9937 102.013 -5.89798e-07 47.9933 -65.9683
8.20641 29.9822 102.021 -5.89793e-07 47.9965 -66.0622
8.20675 29.9707 102.03 -5.89787e-07 47.9998 -66.1562
8.20709 29.9592 102.038 -5.89781e-07 48.0031 -66.2501
8.20743 29.9477 102.046 -5.89775e-07 48.0063 -66.3441
8.20778 29.9362 102.054 -5.89769e-07 48.0096 -66.438
8.20812 29.9247 102.062 -5.89763e-07 48.0129 -66.5319
8.20846 29.9132 102.071 -5.89757e-07 48.0162 -66.6259
8.2088 29.9017 102.079 -5.89752e-07 48.0194 -66.7198
8.20915 29.8902 102.087 -5.89746e-07 48.0227 -66.8138
8.20949 29.8787 102.095 -5.8974e-07 48.026 -66.9077
8.20983 29.8672 102.104 -5.89734e-07 48.0293 -67.0016
8.21018 29.8557 102.112 -5.89728e-07 48.0326 -67.0956
8.21052 29.8442 102.12 -5.89722e-07 48.0359 -67.1895
8.21086 29.8327 102.128 -5.89716e-07 48.0392 -67.2835
8.2112 29.8212 102.136 -5.8971e-07 48.0424 -67.3774
8.21155 29.8096 102.145 -5.89704e-07 48.0457 -67.4714
8.21189 29.7981 102.153 -5.89698e-07 48.049 -67.5653
8.21224 29.7866 102.161 -5.89692e-07 48.0523 -67.6592
8.21258 29.7751 102.169 -5.89686e-07 48.0556 -67.7532
8.21292 29.7636 102.177 -5.8968e-07 48.059 -67.8471
8.21327 29.7521 102.186 -5.89674e-07 48.0623 -67.9411
8.21361 29.7406 102.194 -5.89667e-07 48.0656 -68.035
8.21395 29.7291 102.202 -5.89661e-07 48.0689 -68.129
8.2143 29.7176 102.21 -5.89655e-07 48.0722 -68.2229
8.21464 29.7061 102.218 -5.89649e-07 48.0755 -68.3168
8.21499 29.6946 102.227 -5.89643e-07 48.0788 -68.4108
8.21533 29.6831 102.235 -5.89637e-07 48.0822 -68.5047
8.21567 29.6716 102.243 -5.89631e-07 48.0855 -68.5987
8.21602 29.6601 102.251 -5.89624e-07 48.0888 -68.6926
8.21636 29.6486 102.259 -5.89618e-07 48.0921 -68.7866
8.21671 29.6371 102.267 -5.89612e-07 48.0955 -68.8805
8.21705 29.6256 102.276 -5.89606e-07 48.0988 -68.9744
8.2174 29.6141 102.284 -5.896e-07 48.1021 -69.0684
8.21774 29.6025 102.292 -5.89593e-07 48.1055 -69.1623
8.21809 29.591 102.3 -5.89587e-07 48.1088 -69.2563
8.21843 29.5795 102.308 -5.89581e-07 48.1122 -69.3502
8.21878 29.568 102.316 -5.89575e-07 48.1155 -69.4441
8.21912 29.5565 102.325 -5.89568e-07 48.1188 -69.5381
8.21947 29.545 102.333 -5.89562e-07 48.1222 -69.632
8.21981 29.5335 102.341 -5.89556e-07 48.1256 -69.726
8.22016 29.522 102.349 -5.89549e-07 48.1289 -69.8199
8.2205 29.5105 102.357 -5.89543e-07 48.1323 -69.9139
8.22085 29.499 102.365 -5.89536e-07 48.1356 -70.0078
8.22119 29.4874 102.374 -5.8953e-07 48.139 -70.1017
8.22154 29.4759 102.382 -5.89524e-07 48.1423 -70.1957
8.22188 29.4644 102.39 -5.89517e-07 48.1457 -70.2896
8.22223 29.4529 102.398 -5.89511e-07 48.1491 -70.3836
8.22258 29.4414 102.406 -5.89504e-07 48.1525 -70.4775
8.22292 29.4299 102.414 -5.89498e-07 48.1558 -70.5715
8.22327 29.4184 102.422 -5.89492e-07 48.1592 -70.6654
8.22361 29.4069 102.431 -5.89485e-07 48.1626 -70.7593
8.22396 29.3953 102.439 -5.89479e-07 48.166 -70.8533
8.22431 29.3838 102.447 -5.89472e-07 48.1693 -70.9472
8.22465 29.3723 102.455 -5.89466e-07 48.1727 -71.0412
8.225 29.3608 102.463 -5.89459e-07 48.1761 -71.1351
8.22535 29.3493 102.471 -5.89452e-07 48.1795 -71.229
8.22569 29.3378 102.479 -5.89446e-07 48.1829 -71.323
8.22604 29.3263 102.487 -5.89439e-07 48.1863 -71.4169
8.22639 29.3147 102.496 -5.89433e-07 48.1897 -71.5109
8.22673 29.3032 102.504 -5.89426e-07 48.1931 -71.6048
8.22708 29.2917 102.512 -5.8942e-07 48.1965 -71.6988
8.22743 29.2802 102.52 -5.89413e-07 48.1999 -71.7927
8.22777 29.2687 102.528 -5.89406e-07 48.2033 -71.8866
8.22812 29.2572 102.536 -5.894e-07 48.2067 -71.9806
8.22847 29.2456 102.544 -5.89393e-07 48.2101 -72.0745
8.22881 29.2341 102.552 -5.89386e-07 48.2135 -72.1685
8.22916 29.2226 102.56 -5.8938e-07 48.2169 -72.2624
8.22951 29.2111 102.569 -5.89373e-07 48.2204 -72.3564
8.22986 29.1996 102.577 -5.89366e-07 48.2238 -72.4503
8.2302 29.188 102.585 -5.89359e-07 48.2272 -72.5442
8.23055 29.1765 102.593 -5.89353e-07 48.2306 -72.6382
8.2309 29.165 102.601 -5.89346e-07 48.234 -72.7321
8.23125 29.1535 102.609 -5.89339e-07 48.2375 -72.8261
8.23159 29.142 102.617 -5.89332e-07 48.2409 -72.92
8.23194 29.1304 102.625 -5.89326e-07 48.2443 -73.014
8.23229 29.1189 102.633 -5.89319e-07 48.2478 -73.1079
8.23264 29.1074 102.641 -5.89312e-07 48.2512 -73.2018
8.23299 29.0959 102.649 -5.89305e-07 48.2547 -73.2958
8.23333 29.0844 102.658 -5.89298e-07 48.2581 -73.3897
8.23368 29.0728 102.666 -5.89291e-07 48.2615 -73.4837
8.23403 29.0613 102.674 -5.89284e-07 48.265 -73.5776
8.23438 29.0498 102.682 -5.89278e-07 48.2684 -73.6715
8.23473 29.0383 102.69 -5.89271e-07 48.2719 -73.7655
8.23508 29.0267 102.698 -5.89264e-07 48.2753 -73.8594
8.23542 29.0152 102.706 -5.89257e-07 48.2788 -73.9534
8.23577 29.0037 102.714 -5.8925e-07 48.2823 -74.0473
8.23612 28.9922 102.722 -5.89243e-07 48.2857 -74.1413
8.23647 28.9806 102.73 -5.89236e-07 48.2892 -74.2352
8.23682 28.9691 102.738 -5.89229e-07 48.2927 -74.3291
8.23717 28.9576 102.746 -5.89222e-07 48.2961 -74.4231
8.23752 28.9461 102.754 -5.89215e-07 48.2996 -74.517
8.23787 28.9345 102.762 -5.89208e-07 48.3031 -74.611
8.23822 28.923 102.77 -5.89201e-07 48.3065 -74.7049
8.23857 28.9115 102.778 -5.89194e-07 48.31 -74.7989
8.23891 28.9 102.787 -5.89187e-07 48.3135 -74.8928
8.23926 28.8884 102.795 -5.8918e-07 48.317 -74.9867
8.23961 28.8769 102.803 -5.89173e-07 48.3205 -75.0807
8.23996 28.8654 102.811 -5.89166e-07 48.324 -75.1746
8.24031 28.8539 102.819 -5.89159e-07 48.3274 -75.2686
8.24066 28.8423 102.827 -5.89151e-07 48.3309 -75.3625
8.24101 28.8308 102.835 -5.89144e-07 48.3344 -75.4564
8.24136 28.8193 102.843 -5.89137e-07 48.3379 -75.5504
8.24171 28.8077 102.851 -5.8913e-07 48.3414 -75.6443
8.24206 28.7962 102.859 -5.89123e-07 48.3449 -75.7383
8.24241 28.7847 102.867 -5.89116e-07 48.3484 -75.8322
8.24276 28.7732 102.875 -5.89108e-07 48.3519 -75.9262
8.24311 28.7616 102.883 -5.89101e-07 48.3554 -76.0201
8.24346 28.7501 102.891 -5.89094e-07 48.359 -76.114
8.24381 28.7386 102.899 -5.89087e-07 48.3625 -76.208
8.24417 28.727 102.907 -5.89079e-07 48.366 -76.3019
8.24452 28.7155 102.915 -5.89072e-07 48.3695 -76.3959
8.24487 28.704 102.923 -5.89065e-07 48.373 -76.4898
8.24522 28.6924 102.931 -5.89058e-07 48.3765 -76.5838
8.24557 28.6809 102.939 -5.8905e-07 48.3801 -76.6777
8.24592 28.6694 102.947 -5.89043e-07 48.3836 -76.7716
8.24627 28.6578 102.955 -5.89036e-07 48.3871 -76.8656
8.24662 28.6463 102.963 -5.89028e-07 48.3906 -76.9595
8.24697 28.6348 102.971 -5.89021e-07 48.3942 -77.0535
8.24732 28.6232 102.979 -5.89014e-07 48.3977 -77.1474
8.24767 28.6117 102.987 -5.89006e-07 48.4013 -77.2414
8.24803 28.6002 102.995 -5.88999e-07 48.4048 -77.3353
8.24838 28.5886 103.003 -5.88991e-07 48.4083 -77.4292
8.24873 28.5771 103.011 -5.88984e-07 48.4119 -77.5232
8.24908 28.5656 103.019 -5.88977e-07 48.4154 -77.6171
8.24943 28.554 103.027 -5.88969e-07 48.419 -77.7111
8.24978 28.5425 103.035 -5.88962e-07 48.4225 -77.805
8.25014 28.5309 103.043 -5.88954e-07 48.4261 -77.8989
8.25049 28.5194 103.051 -5.88947e-07 48.4296 -77.9929
8.25084 28.5079 103.059 -5.88939e-07 48.4332 -78.0868
8.25119 28.4963 103.067 -5.88932e-07 48.4368 -78.1808
8.25154 28.4848 103.075 -5.88924e-07 48.4403 -78.2747
8.2519 28.4733 103.083 -5.88917e-07 48.4439 -78.3687
8.25225 28.4617 103.091 -5.88909e-07 48.4475 -78.4626
8.2526 28.4502 103.099 -5.88902e-07 48.451 -78.5565
8.25295 28.4386 103.107 -5.88894e-07 48.4546 -78.6505
8.25331 28.4271 103.115 -5.88886e-07 48.4582 -78.7444
8.25366 28.4156 103.123 -5.88879e-07 48.4618 -78.8384
8.25401 28.404 103.131 -5.88871e-07 48.4653 -78.9323
8.25437 28.3925 103.139 -5.88864e-07 48.4689 -79.0263
8.25472 28.3809 103.147 -5.88856e-07 48.4725 -79.1202
8.25507 28.3694 103.154 -5.88848e-07 48.4761 -79.2141
8.25542 28.3579 103.162 -5.88841e-07 48.4797 -79.3081
8.25578 28.3463 103.17 -5.88833e-07 48.4833 -79.402
8.25613 28.3348 103.178 -5.88825e-07 48.4869 -79.496
8.25648 28.3232 103.186 -5.88818e-07 48.4905 -79.5899
8.25684 28.3117 103.194 -5.8881e-07 48.4941 -79.6838
8.25719 28.3001 103.202 -5.88802e-07 48.4977 -79.7778
8.25754 28.2886 103.21 -5.88795e-07 48.5013 -79.8717
8.2579 28.2771 103.218 -5.88787e-07 48.5049 -79.9657
8.25825 28.2655 103.226 -5.88779e-07 48.5085 -80.0596
8.2586 28.254 103.234 -5.88771e-07 48.5121 -80.1536
8.25896 28.2424 103.242 -5.88763e-07 48.5157 -80.2475
8.25931 28.2309 103.25 -5.88756e-07 48.5193 -80.3414
8.25967 28.2193 103.258 -5.88748e-07 48.523 -80.4354
8.26002 28.2078 103.266 -5.8874e-07 48.5266 -80.5293
8.26037 28.1962 103.274 -5.88732e-07 48.5302 -80.6233
8.26073 28.1847 103.281 -5.88724e-07 48.5338 -80.7172
8.26108 28.1732 103.289 -5.88717e-07 48.5374 -80.8112
8.26144 28.1616 103.297 -5.88709e-07 48.5411 -80.9051
8.26179 28.1501 103.305 -5.88701e-07 48.5447 -80.999
8.26215 28.1385 103.313 -5.88693e-07 48.5483 -81.093
8.2625 28.127 103.321 -5.88685e-07 48.552 -81.1869
8.26286 28.1154 103.329 -5.88677e-07 48.5556 -81.2809
8.26321 28.1039 103.337 -5.88669e-07 48.5593 -81.3748
8.26357 28.0923 103.345 -5.88661e-07 48.5629 -81.4688
8.26392 28.0808 103.353 -5.88653e-07 48.5665 -81.5627
8.26428 28.0692 103.361 -5.88645e-07 48.5702 -81.6566
8.26463 28.0577 103.368 -5.88637e-07 48.5738 -81.7506
8.26499 28.0461 103.376 -5.88629e-07 48.5775 -81.8445
8.26534 28.0346 103.384 -5.88621e-07 48.5812 -81.9385
8.2657 28.023 103.392 -5.88613e-07 48.5848 -82.0324
8.26605 28.0115 103.4 -5.88605e-07 48.5885 -82.1263
8.26641 27.9999 103.408 -5.88597e-07 48.5921 -82.2203
8.26676 27.9884 103.416 -5.88589e-07 48.5958 -82.3142
8.26712 27.9768 103.424 -5.88581e-07 48.5995 -82.4082
8.26747 27.9653 103.432 -5.88573e-07 48.6031 -82.5021
8.26783 27.9537 103.439 -5.88565e-07 48.6068 -82.5961
8.26819 27.9422 103.447 -5.88557e-07 48.6105 -82.69
8.26854 27.9306 103.455 -5.88549e-07 48.6142 -82.7839
8.2689 27.9191 103.463 -5.8854e-07 48.6178 -82.8779
8.26925 27.9075 103.471 -5.88532e-07 48.6215 -82.9718
8.26961 27.8959 103.479 -5.88524e-07 48.6252 -83.0658
8.26997 27.8844 103.487 -5.88516e-07 48.6289 -83.1597
8.27032 27.8728 103.495 -5.88508e-07 48.6326 -83.2537
8.27068 27.8613 103.502 -5.885e-07 48.6363 -83.3476
8.27104 27.8497 103.51 -5.88491e-07 48.64 -83.4415
8.27139 27.8382 103.518 -5.88483e-07 48.6437 -83.5355
8.27175 27.8266 103.526 -5.88475e-07 48.6474 -83.6294
8.27211 27.8151 103.534 -5.88467e-07 48.651 -83.7234
8.27246 27.8035 103.542 -5.88459e-07 48.6548 -83.8173
8.27282 27.7919 103.55 -5.8845e-07 48.6585 -83.9112
8.27318 27.7804 103.557 -5.88442e-07 48.6622 -84.0052
8.27353 27.7688 103.565 -5.88434e-07 48.6659 -84.0991
8.27389 27.7573 103.573 -5.88425e-07 48.6696 -84.1931
8.27425 27.7457 103.581 -5.88417e-07 48.6733 -84.287
8.27461 27.7342 103.589 -5.88409e-07 48.677 -84.381
8.27496 27.7226 103.597 -5.884e-07 48.6807 -84.4749
8.27532 27.711 103.605 -5.88392e-07 48.6845 -84.5688
8.27568 27.6995 103.612 -5.88384e-07 48.6882 -84.6628
8.27604 27.6879 103.62 -5.88375e-07 48.6919 -84.7567
8.27639 27.6764 103.628 -5.88367e-07 48.6956 -84.8507
8.27675 27.6648 103.636 -5.88359e-07 48.6994 -84.9446
8.27711 27.6532 103.644 -5.8835e-07 48.7031 -85.0386
8.27747 27.6417 103.651 -5.88342e-07 48.7068 -85.1325
8.27782 27.6301 103.659 -5.88333e-07 48.7106 -85.2264
8.27818 27.6186 103.667 -5.88325e-07 48.7143 -85.3204
8.27854 27.607 103.675 -5.88316e-07 48.718 -85.4143
8.2789 27.5954 103.683 -5.88308e-07 48.7218 -85.5083
8.27926 27.5839 103.691 -5.88299e-07 48.7255 -85.6022
8.27962 27.5723 103.698 -5.88291e-07 48.7293 -85.6962
8.27997 27.5607 103.706 -5.88282e-07 48.733 -85.7901
8.28033 27.5492 103.714 -5.88274e-07 48.7368 -85.884
8.28069 27.5376 103.722 -5.88265e-07 48.7405 -85.978
8.28105 27.5261 103.73 -5.88257e-07 48.7443 -86.0719
8.28141 27.5145 103.737 -5.88248e-07 48.7481 -86.1659
8.28177 27.5029 103.745 -5.8824e-07 48.7518 -86.2598
8.28213 27.4914 103.753 -5.88231e-07 48.7556 -86.3537
8.28249 27.4798 103.761 -5.88223e-07 48.7594 -86.4477
8.28285 27.4682 103.769 -5.88214e-07 48.7631 -86.5416
8.28321 27.4567 103.776 -5.88205e-07 48.7669 -86.6356
8.28356 27.4451 103.784 -5.88197e-07 48.7707 -86.7295
8.28392 27.4335 103.792 -5.88188e-07 48.7745 -86.8235
8.28428 27.422 103.8 -5.88179e-07 48.7782 -86.9174
8.28464 27.4104 103.808 -5.88171e-07 48.782 -87.0113
8.285 27.3988 103.815 -5.88162e-07 48.7858 -87.1053
8.28536 27.3873 103.823 -5.88153e-07 48.7896 -87.1992
8.28572 27.3757 103.831 -5.88145e-07 48.7934 -87.2932
8.28608 27.3641 103.839 -5.88136e-07 48.7972 -87.3871
8.28644 27.3526 103.846 -5.88127e-07 48.801 -87.4811
8.2868 27.341 103.854 -5.88119e-07 48.8048 -87.575
8.28716 27.3294 103.862 -5.8811e-07 48.8086 -87.6689
8.28752 27.3179 103.87 -5.88101e-07 48.8124 -87.7629
8.28788 27.3063 103.878 -5.88092e-07 48.8162 -87.8568
8.28824 27.2947 103.885 -5.88084e-07 48.82 -87.9508
8.2886 27.2831 103.893 -5.88075e-07 48.8238 -88.0447
8.28896 27.2716 103.901 -5.88066e-07 48.8276 -88.1387
8.28932 27.26 103.909 -5.88057e-07 48.8314 -88.2326
8.28969 27.2484 103.916 -5.88048e-07 48.8352 -88.3265
8.29005 27.2369 103.924 -5.8804e-07 48.839 -88.4205
8.29041 27.2253 103.932 -5.88031e-07 48.8428 -88.5144
8.29077 27.2137 103.94 -5.88022e-07 48.8467 -88.6084
8.29113 27.2021 103.947 -5.88013e-07 48.8505 -88.7023
8.29149 27.1906 103.955 -5.88004e-07 48.8543 -88.7962
8.29185 27.179 103.963 -5.87995e-07 48.8581 -88.8902
8.29221 27.1674 103.971 -5.87986e-07 48.862 -88.9841
8.29257 27.1558 103.978 -5.87977e-07 48.8658 -89.0781
8.29293 27.1443 103.986 -5.87968e-07 48.8696 -89.172
8.2933 27.1327 103.994 -5.87959e-07 48.8735 -89.266
8.29366 27.1211 104.002 -5.8795e-07 48.8773 -89.3599
8.29402 27.1095 104.009 -5.87942e-07 48.8812 -89.4538
8.29438 27.098 104.017 -5.87933e-07 48.885 -89.5478
8.29474 27.0864 104.025 -5.87924e-07 48.8889 -89.6417
8.29511 27.0748 104.032 -5.87915e-07 48.8927 -89.7357
8.29547 27.0632 104.04 -5.87906e-07 48.8966 -89.8296
8.29583 27.0517 104.048 -5.87897e-07 48.9004 -89.9236
8.29619 27.0401 104.056 -5.87887e-07 48.9043 -90.0175
8.29655 27.0285 104.063 -5.87878e-07 48.9081 -90.1114
8.29692 27.0169 104.071 -5.87869e-07 48.912 -90.2054
8.29728 27.0054 104.079 -5.8786e-07 48.9159 -90.2993
8.29764 26.9938 104.087 -5.87851e-07 48.9197 -90.3933
8.298 26.9822 104.094 -5.87842e-07 48.9236 -90.4872
8.29837 26.9707 104.102 -5.87834e-07 48.9273 -90.5811
8.29873 26.9593 104.11 -5.87827e-07 48.931 -90.6751
8.29909 26.948 104.118 -5.87821e-07 48.9345 -90.769
8.29945 26.9368 104.125 -5.87816e-07 48.9379 -90.863
8.29982 26.9256 104.133 -5.87812e-07 48.9412 -90.9569
8.30018 26.9145 104.141 -5.87809e-07 48.9444 -91.0509
8.30054 26.9036 104.149 -5.87808e-07 48.9474 -91.1448
8.30091 26.8927 104.157 -5.87807e-07 48.9504 -91.2387
8.30127 26.8819 104.165 -5.87807e-07 48.9532 -91.3327
8.30163 26.8711 104.173 -5.87808e-07 48.9559 -91.4266
8.302 26.8605 104.181 -5.87811e-07 48.9585 -91.5206
8.30236 26.85 104.189 -5.87814e-07 48.961 -91.6145
8.30272 26.8395 104.197 -5.87818e-07 48.9634 -91.7085
8.30309 26.8291 104.205 -5.87824e-07 48.9657 -91.8024
8.30345 26.8188 104.213 -5.8783e-07 48.9678 -91.8963
8.30382 26.8086 104.222 -5.87838e-07 48.9698 -91.9903
8.30418 26.7985 104.23 -5.87846e-07 48.9718 -92.0842
8.30454 26.7885 104.238 -5.87856e-07 48.9736 -92.1782
8.30491 26.7785 104.246 -5.87866e-07 48.9752 -92.2721
8.30527 26.7687 104.255 -5.87878e-07 48.9768 -92.3661
8.30564 26.7589 104.263 -5.8789e-07 48.9783 -92.46
8.306 26.7492 104.271 -5.87904e-07 48.9796 -92.5539
8.30636 26.7396 104.28 -5.87919e-07 48.9808 -92.6479
8.30673 26.7301 104.288 -5.87935e-07 48.9819 -92.7418
8.30709 26.7207 104.296 -5.87951e-07 48.9829 -92.8358
8.30746 26.7113 104.305 -5.87969e-07 48.9838 -92.9297
8.30782 26.702 104.313 -5.87988e-07 48.9845 -93.0236
8.30819 26.6929 104.322 -5.88008e-07 48.9852 -93.1176
8.30855 26.6838 104.331 -5.88029e-07 48.9857 -93.2115
8.30892 26.6748 104.339 -5.88051e-07 48.9861 -93.3055
8.30928 26.6659 104.348 -5.88074e-07 48.9864 -93.3994
8.30965 26.657 104.356 -5.88098e-07 48.9866 -93.4934
8.31001 26.6483 104.365 -5.88123e-07 48.9866 -93.5873
8.31038 26.6396 104.374 -5.88149e-07 48.9866 -93.6812
8.31074 26.6311 104.383 -5.88177e-07 48.9864 -93.7752
8.31111 26.6226 104.391 -5.88205e-07 48.9861 -93.8691
8.31148 26.6142 104.4 -5.88234e-07 48.9857 -93.9631
8.31184 26.6059 104.409 -5.88264e-07 48.9852 -94.057
8.31221 26.5976 104.418 -5.88296e-07 48.9846 -94.151
8.31257 26.5895 104.427 -5.88328e-07 48.9838 -94.2449
8.31294 26.5814 104.436 -5.88362e-07 48.9829 -94.3388
8.3133 26.5735 104.445 -5.88396e-07 48.982 -94.4328
8.31367 26.5656 104.454 -5.88432e-07 48.9809 -94.5267
8.31404 26.5578 104.463 -5.88468e-07 48.9796 -94.6207
8.3144 26.5501 104.472 -5.88506e-07 48.9783 -94.7146
8.31477 26.5424 104.481 -5.88545e-07 48.9769 -94.8085
8.31514 26.5349 104.49 -5.88585e-07 48.9753 -94.9025
8.3155 26.5274 104.499 -5.88625e-07 48.9736 -94.9964
8.31587 26.5201 104.508 -5.88667e-07 48.9718 -95.0904
8.31624 26.5128 104.517 -5.8871e-07 48.9699 -95.1843
8.3166 26.5056 104.527 -5.88754e-07 48.9678 -95.2783
8.31697 26.4985 104.536 -5.88799e-07 48.9657 -95.3722
8.31734 26.4914 104.545 -5.88845e-07 48.9634 -95.4661
8.3177 26.4845 104.554 -5.88892e-07 48.961 -95.5601
8.31807 26.4777 104.564 -5.88941e-07 48.9585 -95.654
8.31844 26.4709 104.573 -5.8899e-07 48.9559 -95.748
8.3188 26.4642 104.583 -5.8904e-07 48.9532 -95.8419
8.31917 26.4576 104.592 -5.89092e-07 48.9503 -95.9359
8.31954 26.4511 104.602 -5.89144e-07 48.9474 -96.0298
8.31991 26.4447 104.611 -5.89198e-07 48.9443 -96.1237
8.32027 26.4384 104.621 -5.89252e-07 48.9411 -96.2177
8.32064 26.4321 104.63 -5.89308e-07 48.9377 -96.3116
8.32101 26.426 104.64 -5.89364e-07 48.9343 -96.4056
8.32138 26.4199 104.649 -5.89422e-07 48.9308 -96.4995
8.32175 26.4139 104.659 -5.89481e-07 48.9271 -96.5935
8.32211 26.408 104.669 -5.89541e-07 48.9233 -96.6874
8.32248 26.4022 104.678 -5.89602e-07 48.9194 -96.7813
8.32285 26.3965 104.688 -5.89664e-07 48.9154 -96.8753
8.32322 26.3908 104.698 -5.89727e-07 48.9112 -96.9692
8.32359 26.3853 104.708 -5.89791e-07 48.907 -97.0632
8.32395 26.3798 104.718 -5.89856e-07 48.9026 -97.1571
8.32432 26.3744 104.728 -5.89923e-07 48.8981 -97.251
8.32469 26.3691 104.737 -5.8999e-07 48.8935 -97.345
8.32506 26.3639 104.747 -5.90058e-07 48.8887 -97.4389
8.32543 26.3588 104.757 -5.90128e-07 48.8839 -97.5329
8.3258 26.3538 104.767 -5.90198e-07 48.8789 -97.6268
8.32617 26.3488 104.777 -5.9027e-07 48.8738 -97.7208
8.32654 26.3439 104.787 -5.90343e-07 48.8686 -97.8147
8.3269 26.3392 104.798 -5.90417e-07 48.8633 -97.9086
8.32727 26.3345 104.808 -5.90492e-07 48.8579 -98.0026
8.32764 26.3299 104.818 -5.90568e-07 48.8523 -98.0965
8.32801 26.3254 104.828 -5.90645e-07 48.8467 -98.1905
8.32838 26.321 104.838 -5.90723e-07 48.8409 -98.2844
8.32875 26.3166 104.848 -5.90802e-07 48.835 -98.3784
8.32912 26.3124 104.859 -5.90883e-07 48.8289 -98.4723
8.32949 26.3082 104.869 -5.90964e-07 48.8228 -98.5662
8.32986 26.3041 104.879 -5.91047e-07 48.8165 -98.6602
8.33023 26.3001 104.89 -5.9113e-07 48.8102 -98.7541
8.3306 26.2962 104.9 -5.91215e-07 48.8037 -98.8481
8.33097 26.2924 104.911 -5.91301e-07 48.797 -98.942
8.33134 26.2887 104.921 -5.91388e-07 48.7903 -99.0359
8.33171 26.2851 104.931 -5.91476e-07 48.7835 -99.1299
8.33208 26.2815 104.942 -5.91565e-07 48.7765 -99.2238
8.33245 26.2781 104.953 -5.91655e-07 48.7694 -99.3178
8.33282 26.2747 104.963 -5.91747e-07 48.7622 -99.4117
8.33319 26.2714 104.974 -5.91839e-07 48.7549 -99.5057
8.33356 26.2682 104.984 -5.91933e-07 48.7474 -99.5996
8.33393 26.2651 104.995 -5.92027e-07 48.7399 -99.6935
8.3343 26.2621 105.006 -5.92123e-07 48.7322 -99.7875
8.33467 26.2591 105.016 -5.9222e-07 48.7244 -99.8814
8.33505 26.2563 105.027 -5.92318e-07 48.7165 -99.9754
8.33542 26.2535 105.038 -5.92417e-07 48.7084 -100.069
8.33579 26.2508 105.049 -5.92517e-07 48.7003 -100.163
8.33616 26.2483 105.06 -5.92619e-07 48.692 -100.257
8.33653 26.2458 105.071 -5.92721e-07 48.6836 -100.351
8.3369 26.2434 105.082 -5.92825e-07 48.6751 -100.445
8.33727 26.241 105.092 -5.92929e-07 48.6665 -100.539
8.33764 26.2388 105.103 -5.93035e-07 48.6577 -100.633
8.33802 26.2367 105.114 -5.93142e-07 48.6489 -100.727
8.33839 26.2346 105.125 -5.9325e-07 48.6399 -100.821
8.33876 26.2327 105.137 -5.9336e-07 48.6308 -100.915
8.33914 26.2307 105.148 -5.93471e-07 48.6215 -101.009
8.33954 26.2288 105.159 -5.93585e-07 48.6121 -101.102
8.33995 26.2268 105.171 -5.93702e-07 48.6025 -101.194
8.34038 26.2249 105.182 -5.93822e-07 48.5927 -101.286
8.34082 26.2229 105.194 -5.93944e-07 48.5828 -101.376
8.34128 26.2209 105.206 -5.94069e-07 48.5726 -101.465
8.34175 26.2189 105.219 -5.94197e-07 48.5623 -101.554
8.34224 26.2169 105.231 -5.94328e-07 48.5518 -101.641
8.34268 26.2149 105.244 -5.94457e-07 48.5412 -101.727
8.34309 26.2129 105.257 -5.94585e-07 48.5303 -101.813
8.34351 26.2109 105.27 -5.94716e-07 48.5193 -101.897
8.34394 26.2088 105.283 -5.94849e-07 48.5081 -101.98
8.34439 26.2068 105.297 -5.94986e-07 48.4967 -102.063
8.34486 26.2047 105.31 -5.95125e-07 48.4851 -102.144
8.34534 26.2026 105.324 -5.95267e-07 48.4734 -102.224
8.34584 26.2006 105.338 -5.95412e-07 48.4615 -102.304
8.34636 26.1985 105.352 -5.9556e-07 48.4494 -102.383
8.34688 26.1964 105.366 -5.95709e-07 48.4372 -102.461
8.3474 26.1945 105.381 -5.9586e-07 48.4248 -102.54
8.34792 26.1926 105.395 -5.96012e-07 48.4124 -102.619
8.34844 26.1909 105.409 -5.96165e-07 48.3998 -102.698
8.34896 26.1892 105.424 -5.9632e-07 48.3871 -102.777
8.34948 26.1876 105.438 -5.96475e-07 48.3742 -102.856
8.35 26.1861 105.453 -5.96632e-07 48.3613 -102.935
8.35052 26.1847 105.467 -5.9679e-07 48.3482 -103.014
8.35105 26.1834 105.482 -5.96949e-07 48.335 -103.093
8.35157 26.1822 105.496 -5.9711e-07 48.3217 -103.171
8.35209 26.1811 105.511 -5.97272e-07 48.3083 -103.25
8.35261 26.18 105.525 -5.97434e-07 48.2948 -103.329
8.35314 26.1791 105.54 -5.97599e-07 48.2811 -103.408
8.35366 26.1782 105.554 -5.97764e-07 48.2673 -103.487
8.35418 26.1775 105.569 -5.9793e-07 48.2534 -103.566
8.3547 26.1768 105.584 -5.98098e-07 48.2394 -103.645
8.35523 26.1762 105.599 -5.98267e-07 48.2253 -103.724
8.35575 26.1757 105.613 -5.98438e-07 48.211 -103.803
8.35627 26.1753 105.628 -5.98609e-07 48.1966 -103.881
8.3568 26.175 105.643 -5.98782e-07 48.1821 -103.96
8.35732 26.1748 105.658 -5.98956e-07 48.1675 -104.039
8.35784 26.1747 105.673 -5.99131e-07 48.1528 -104.118
8.35837 26.1747 105.687 -5.99308e-07 48.1379 -104.197
8.35889 26.1747 105.702 -5.99485e-07 48.1229 -104.276
8.35942 26.1749 105.717 -5.99664e-07 48.1078 -104.355
8.35994 26.1752 105.732 -5.99845e-07 48.0926 -104.434
8.36047 26.1755 105.747 -6.00026e-07 48.0773 -104.513
8.36099 26.1759 105.762 -6.00209e-07 48.0618 -104.591
8.36152 26.1765 105.777 -6.00393e-07 48.0462 -104.67
8.36204 26.1771 105.792 -6.00579e-07 48.0305 -104.749
8.36257 26.1778 105.807 -6.00765e-07 48.0147 -104.828
8.36309 26.1786 105.823 -6.00953e-07 47.9988 -104.907
8.36362 26.1795 105.838 -6.01142e-07 47.9827 -104.986
8.36414 26.1805 105.853 -6.01333e-07 47.9665 -105.065
8.36467 26.1816 105.868 -6.01525e-07 47.9502 -105.144
8.36519 26.1828 105.883 -6.01718e-07 47.9338 -105.223
8.36572 26.184 105.899 -6.01912e-07 47.9173 -105.301
8.36625 26.1854 105.914 -6.02108e-07 47.9006 -105.38
8.36677 26.1869 105.929 -6.02305e-07 47.8839 -105.459
8.3673 26.1884 105.945 -6.02503e-07 47.867 -105.538
8.36783 26.1901 105.96 -6.02703e-07 47.8499 -105.617
8.36835 26.1918 105.975 -6.02904e-07 47.8328 -105.696
8.36888 26.1936 105.991 -6.03106e-07 47.8155 -105.775
8.36941 26.1956 106.006 -6.0331e-07 47.7982 -105.854
8.36994 26.1976 106.022 -6.03515e-07 47.7807 -105.933
8.37046 26.1997 106.037 -6.03721e-07 47.763 -106.011
8.37099 26.2019 106.053 -6.03928e-07 47.7453 -106.09
8.37152 26.2043 106.068 -6.04137e-07 47.7274 -106.169
8.37205 26.2067 106.084 -6.04348e-07 47.7095 -106.248
8.37257 26.2092 106.099 -6.04559e-07 47.6914 -106.327
8.3731 26.2118 106.115 -6.04772e-07 47.6731 -106.406
8.37363 26.2144 106.131 -6.04987e-07 47.6548 -106.485
8.37416 26.2172 106.146 -6.05202e-07 47.6363 -106.564
8.37469 26.2201 106.162 -6.05419e-07 47.6177 -106.643
8.37522 26.2231 106.178 -6.05638e-07 47.599 -106.721
8.37575 26.2262 106.194 -6.05858e-07 47.5802 -106.8
8.37628 26.2293 106.209 -6.06079e-07 47.5613 -106.879
8.37681 26.2326 106.225 -6.06301e-07 47.5422 -106.958
8.37734 26.236 106.241 -6.06525e-07 47.523 -107.037
8.37787 26.2394 106.257 -6.0675e-07 47.5037 -107.116
8.37839 26.243 106.273 -6.06977e-07 47.4843 -107.195
8.37892 26.2466 106.289 -6.07205e-07 47.4647 -107.274
8.37946 26.2504 106.305 -6.07435e-07 47.4451 -107.353
8.37999 26.2542 106.321 -6.07666e-07 47.4253 -107.431
8.38052 26.2582 106.336 -6.07898e-07 47.4054 -107.51
8.38105 26.2622 106.352 -6.08132e-07 47.3853 -107.589
8.38158 26.2663 106.368 -6.08367e-07 47.3652 -107.668
8.38211 26.2706 106.385 -6.08603e-07 47.3449 -107.747
8.38264 26.2749 106.401 -6.08841e-07 47.3245 -107.826
8.38317 26.2793 106.417 -6.09081e-07 47.304 -107.905
8.3837 26.2838 106.433 -6.09322e-07 47.2834 -107.984
8.38423 26.2885 106.449 -6.09564e-07 47.2626 -108.063
8.38477 26.2932 106.465 -6.09808e-07 47.2417 -108.141
8.3853 26.298 106.481 -6.10053e-07 47.2207 -108.22
8.38583 26.3029 106.497 -6.10299e-07 47.1996 -108.299
8.38636 26.3079 106.514 -6.10548e-07 47.1784 -108.378
8.38689 26.313 106.53 -6.10797e-07 47.157 -108.457
8.38743 26.3183 106.546 -6.11048e-07 47.1355 -108.536
8.38796 26.3236 106.563 -6.11301e-07 47.1139 -108.615
8.38849 26.329 106.579 -6.11555e-07 47.0922 -108.694
8.38903 26.3345 106.595 -6.1181e-07 47.0704 -108.773
8.38956 26.3401 106.612 -6.12067e-07 47.0484 -108.851
8.39009 26.3458 106.628 -6.12325e-07 47.0263 -108.93
8.39063 26.3516 106.644 -6.12585e-07 47.0041 -109.009
8.39116 26.3575 106.661 -6.12847e-07 46.9818 -109.088
8.39169 26.3635 106.677 -6.1311e-07 46.9593 -109.167
8.39223 26.3696 106.694 -6.13374e-07 46.9368 -109.246
8.39276 26.3758 106.71 -6.1364e-07 46.9141 -109.325
8.39329 26.3821 106.727 -6.13907e-07 46.8912 -109.404
8.39383 26.3885 106.743 -6.14176e-07 46.8683 -109.483
8.39436 26.395 106.76 -6.14447e-07 46.8453 -109.561
8.3949 26.4016 106.776 -6.14719e-07 46.8221 -109.64
8.39543 26.4083 106.793 -6.14992e-07 46.7988 -109.719
8.39597 26.4151 106.809 -6.15268e-07 46.7754 -109.798
8.3965 26.4221 106.826 -6.15544e-07 46.7518 -109.877
8.39704 26.4291 106.843 -6.15823e-07 46.7282 -109.956
8.39757 26.4362 106.859 -6.16102e-07 46.7044 -110.035
8.39811 26.4434 106.876 -6.16384e-07 46.6805 -110.114
8.39865 26.4507 106.893 -6.16667e-07 46.6565 -110.193
8.39918 26.4581 106.91 -6.16951e-07 46.6323 -110.271
8.39972 26.4656 106.926 -6.17237e-07 46.608 -110.35
8.40025 26.4732 106.943 -6.17525e-07 46.5837 -110.429
8.40079 26.481 106.96 -6.17814e-07 46.5591 -110.508
8.40133 26.4888 106.977 -6.18105e-07 46.5345 -110.587
8.40186 26.4967 106.994 -6.18397e-07 46.5098 -110.666
8.4024 26.5047 107.01 -6.18692e-07 46.4849 -110.745
8.40294 26.5129 107.027 -6.18987e-07 46.4599 -110.824
8.40348 26.5211 107.044 -6.19285e-07 46.4348 -110.903
8.40401 26.5294 107.061 -6.19584e-07 46.4095 -110.981
8.40455 26.5379 107.078 -6.19884e-07 46.3842 -111.06
8.40509 26.5464 107.095 -6.20186e-07 46.3587 -111.139
8.40563 26.555 107.112 -6.2049e-07 46.3331 -111.218
8.40616 26.5637 107.129 -6.20794e-07 46.3076 -111.297
8.4067 26.5723 107.146 -6.21099e-07 46.282 -111.376
8.40724 26.581 107.163 -6.21403e-07 46.2564 -111.455
8.40778 26.5897 107.18 -6.21709e-07 46.2308 -111.534
8.40832 26.5984 107.196 -6.22014e-07 46.2052 -111.613
8.40886 26.6071 107.213 -6.22321e-07 46.1796 -111.691
8.4094 26.6158 107.23 -6.22627e-07 46.154 -111.77
8.40994 26.6245 107.247 -6.22934e-07 46.1284 -111.849
8.41047 26.6332 107.264 -6.23242e-07 46.1028 -111.928
8.41101 26.642 107.281 -6.23549e-07 46.0772 -112.007
8.41155 26.6507 107.298 -6.23858e-07 46.0516 -112.086
8.41209 26.6595 107.315 -6.24166e-07 46.026 -112.165
8.41263 26.6683 107.331 -6.24476e-07 46.0004 -112.244
8.41317 26.6771 107.348 -6.24785e-07 45.9748 -112.323
8.41371 26.6859 107.365 -6.25095e-07 45.9492 -112.401
8.41425 26.6947 107.382 -6.25405e-07 45.9236 -112.48
8.4148 26.7035 107.399 -6.25716e-07 45.898 -112.559
8.41534 26.7123 107.415 -6.26028e-07 45.8723 -112.638
8.41588 26.7212 107.432 -6.26339e-07 45.8467 -112.717
8.41642 26.73 107.449 -6.26651e-07 45.8211 -112.796
8.41696 26.7389 107.466 -6.26964e-07 45.7955 -112.875
8.4175 26.7478 107.482 -6.27277e-07 45.7698 -112.954
8.41804 26.7567 107.499 -6.2759e-07 45.7442 -113.033
8.41858 26.7656 107.516 -6.27904e-07 45.7186 -113.111
8.41913 26.7745 107.533 -6.28218e-07 45.6929 -113.19
8.41967 26.7835 107.549 -6.28533e-07 45.6673 -113.269
8.42021 26.7924 107.566 -6.28848e-07 45.6417 -113.348
8.42075 26.8013 107.583 -6.29164e-07 45.616 -113.427
8.4213 26.8103 107.599 -6.2948e-07 45.5904 -113.506
8.42184 26.8193 107.616 -6.29796e-07 45.5647 -113.585
8.42238 26.8283 107.633 -6.30113e-07 45.5391 -113.664
8.42292 26.8373 107.649 -6.30431e-07 45.5134 -113.743
8.42347 26.8463 107.666 -6.30749e-07 45.4878 -113.821
8.42401 26.8553 107.683 -6.31067e-07 45.4621 -113.9
8.42455 26.8643 107.699 -6.31385e-07 45.4365 -113.979
8.4251 26.8734 107.716 -6.31705e-07 45.4108 -114.058
8.42564 26.8824 107.732 -6.32024e-07 45.3852 -114.137
8.42619 26.8915 107.749 -6.32344e-07 45.3595 -114.216
8.42673 26.9006 107.766 -6.32665e-07 45.3338 -114.295
8.42727 26.9097 107.782 -6.32986e-07 45.3082 -114.374
8.42782 26.9188 107.799 -6.33307e-07 45.2825 -114.453
8.42836 26.9279 107.815 -6.33629e-07 45.2568 -114.531
8.42891 26.937 107.832 -6.33951e-07 45.2312 -114.61
8.42945 26.9462 107.848 -6.34274e-07 45.2055 -114.689
8.43 26.9553 107.865 -6.34597e-07 45.1798 -114.768
8.43054 26.9645 107.881 -6.3492e-07 45.1541 -114.847
8.43109 26.9737 107.898 -6.35244e-07 45.1285 -114.926
8.43164 26.9828 107.914 -6.35569e-07 45.1028 -115.005
8.43218 26.992 107.931 -6.35894e-07 45.0771 -115.084
8.43273 27.0013 107.947 -6.36219e-07 45.0514 -115.163
8.43327 27.0105 107.964 -6.36545e-07 45.0257 -115.241
8.43382 27.0197 107.98 -6.36871e-07 45 -115.32
8.43437 27.029 107.997 -6.37198e-07 44.9743 -115.399
8.43491 27.0382 108.013 -6.37526e-07 44.9486 -115.478
8.43546 27.0475 108.03 -6.37853e-07 44.9229 -115.557
8.43601 27.0568 108.046 -6.38181e-07 44.8972 -115.636
8.43655 27.066 108.062 -6.3851e-07 44.8715 -115.715
8.4371 27.0753 108.079 -6.38839e-07 44.8458 -115.794
8.43765 27.0847 108.095 -6.39169e-07 44.8201 -115.873
8.4382 27.094 108.112 -6.39499e-07 44.7944 -115.951
8.43874 27.1033 108.128 -6.39829e-07 44.7687 -116.03
8.43929 27.1127 108.144 -6.4016e-07 44.743 -116.109
8.43984 27.122 108.161 -6.40491e-07 44.7173 -116.188
8.44039 27.1314 108.177 -6.40823e-07 44.6915 -116.267
8.44094 27.1408 108.193 -6.41156e-07 44.6658 -116.346
8.44148 27.1502 108.21 -6.41488e-07 44.6401 -116.425
8.44203 27.1596 108.226 -6.41822e-07 44.6144 -116.504
8.44258 27.169 108.242 -6.42155e-07 44.5886 -116.583
8.44313 27.1784 108.259 -6.4249e-07 44.5629 -116.661
8.44368 27.1879 108.275 -6.42824e-07 44.5372 -116.74
8.44423 27.1973 108.291 -6.4316e-07 44.5115 -116.819
8.44478 27.2068 108.307 -6.43495e-07 44.4857 -116.898
8.44533 27.2163 108.324 -6.43831e-07 44.46 -116.977
8.44588 27.2258 108.34 -6.44168e-07 44.4342 -117.056
8.44643 27.2353 108.356 -6.44505e-07 44.4085 -117.135
8.44698 27.2448 108.372 -6.44842e-07 44.3828 -117.214
8.44753 27.2543 108.389 -6.4518e-07 44.357 -117.293
8.44808 27.2638 108.405 -6.45519e-07 44.3313 -117.371
8.44863 27.2734 108.421 -6.45858e-07 44.3055 -117.45
8.44918 27.2829 108.437 -6.46197e-07 44.2798 -117.529
8.44973 27.2925 108.454 -6.46537e-07 44.254 -117.608
8.45028 27.3021 108.47 -6.46878e-07 44.2282 -117.687
8.45084 27.3117 108.486 -6.47219e-07 44.2025 -117.766
8.45139 27.3213 108.502 -6.4756e-07 44.1767 -117.845
8.45194 27.3309 108.518 -6.47902e-07 44.151 -117.924
8.45249 27.3405 108.534 -6.48244e-07 44.1252 -118.003
8.45304 27.3502 108.55 -6.48587e-07 44.0994 -118.081
8.4536 27.3598 108.567 -6.4893e-07 44.0736 -118.16
8.45415 27.3695 108.583 -6.49274e-07 44.0479 -118.239
8.4547 27.3792 108.599 -6.49618e-07 44.0221 -118.318
8.45525 27.3888 108.615 -6.49963e-07 43.9963 -118.397
8.45581 27.3985 108.631 -6.50309e-07 43.9705 -118.476
8.45636 27.4083 108.647 -6.50654e-07 43.9448 -118.555
8.45691 27.418 108.663 -6.51001e-07 43.919 -118.634
8.45747 27.4277 108.679 -6.51347e-07 43.8932 -118.713
8.45802 27.4375 108.695 -6.51695e-07 43.8674 -118.792
8.45857 27.4472 108.711 -6.52042e-07 43.8416 -118.87
8.45913 27.457 108.727 -6.52391e-07 43.8158 -118.949
8.45968 27.4668 108.743 -6.52739e-07 43.79 -119.028
8.46023 27.4766 108.759 -6.53089e-07 43.7642 -119.107
8.46079 27.4864 108.775 -6.53438e-07 43.7384 -119.186
8.46134 27.4962 108.791 -6.53789e-07 43.7126 -119.265
8.4619 27.506 108.807 -6.54139e-07 43.6868 -119.344
8.46245 27.5158 108.823 -6.54491e-07 43.661 -119.423
8.46301 27.5257 108.839 -6.54842e-07 43.6352 -119.502
8.46356 27.5355 108.855 -6.55195e-07 43.6094 -119.58
8.46412 27.5454 108.871 -6.55547e-07 43.5836 -119.659
8.46467 27.5553 108.887 -6.55901e-07 43.5578 -119.738
8.46523 27.5652 108.903 -6.56254e-07 43.532 -119.817
8.46579 27.5751 108.919 -6.56609e-07 43.5062 -119.896
8.46634 27.585 108.935 -6.56964e-07 43.4803 -119.975
8.4669 27.595 108.951 -6.57319e-07 43.4545 -120.054
8.46745 27.6049 108.966 -6.57675e-07 43.4287 -120.133
8.46801 27.6149 108.982 -6.58031e-07 43.4029 -120.212
8.46857 27.6248 108.998 -6.58388e-07 43.377 -120.29
8.46912 27.6348 109.014 -6.58745e-07 43.3512 -120.369
8.46968 27.6448 109.03 -6.59103e-07 43.3254 -120.448
8.47024 27.6548 109.046 -6.59461e-07 43.2995 -120.527
8.4708 27.6648 109.061 -6.5982e-07 43.2737 -120.606
8.47135 27.6749 109.077 -6.6018e-07 43.2478 -120.685
8.47191 27.6849 109.093 -6.6054e-07 43.222 -120.764
8.47247 27.6949 109.109 -6.609e-07 43.1962 -120.843
8.47303 27.705 109.125 -6.61261e-07 43.1703 -120.922
8.47359 27.7151 109.14 -6.61623e-07 43.1445 -121
8.47414 27.7252 109.156 -6.61985e-07 43.1186 -121.079
8.4747 27.7353 109.172 -6.62347e-07 43.0928 -121.158
8.47526 27.7454 109.188 -6.6271e-07 43.0669 -121.237
8.47582 27.7555 109.203 -6.63074e-07 43.0411 -121.316
8.47638 27.7656 109.219 -6.63438e-07 43.0152 -121.395
8.47694 27.7758 109.235 -6.63803e-07 42.9893 -121.474
8.4775 27.7859 109.251 -6.64168e-07 42.9635 -121.553
8.47806 27.7961 109.266 -6.64534e-07 42.9376 -121.632
8.47862 27.8063 109.282 -6.649e-07 42.9117 -121.71
8.47918 27.8164 109.298 -6.65266e-07 42.8859 -121.789
8.47974 27.8265 109.313 -6.65631e-07 42.8602 -121.868
8.4803 27.8365 109.329 -6.65996e-07 42.8346 -121.947
8.48086 27.8464 109.345 -6.66359e-07 42.8091 -122.026
8.48142 27.8562 109.36 -6.66722e-07 42.7838 -122.105
8.48198 27.8659 109.376 -6.67083e-07 42.7585 -122.184
8.48254 27.8755 109.391 -6.67443e-07 42.7334 -122.263
8.4831 27.8851 109.407 -6.67803e-07 42.7084 -122.342
8.48366 27.8945 109.422 -6.68161e-07 42.6835 -122.42
8.48422 27.9039 109.437 -6.68519e-07 42.6587 -122.499
8.48479 27.9132 109.453 -6.68875e-07 42.634 -122.578
8.48535 27.9224 109.468 -6.6923e-07 42.6095 -122.657
8.48591 27.9315 109.483 -6.69585e-07 42.5851 -122.736
8.48647 27.9405 109.499 -6.69938e-07 42.5608 -122.815
8.48703 27.9494 109.514 -6.7029e-07 42.5366 -122.894
8.4876 27.9582 109.529 -6.70642e-07 42.5125 -122.973
8.48816 27.967 109.544 -6.70992e-07 42.4885 -123.052
8.48872 27.9757 109.56 -6.71341e-07 42.4647 -123.13
8.48929 27.9842 109.575 -6.71689e-07 42.441 -123.209
8.48985 27.9927 109.59 -6.72036e-07 42.4174 -123.288
8.49041 28.0011 109.605 -6.72382e-07 42.3939 -123.367
8.49098 28.0094 109.62 -6.72727e-07 42.3705 -123.446
8.49154 28.0176 109.635 -6.73071e-07 42.3473 -123.525
8.4921 28.0257 109.65 -6.73414e-07 42.3241 -123.604
8.49267 28.0337 109.665 -6.73756e-07 42.3011 -123.683
8.49323 28.0417 109.68 -6.74096e-07 42.2782 -123.762
8.4938 28.0495 109.695 -6.74436e-07 42.2554 -123.84
8.49436 28.0573 109.71 -6.74774e-07 42.2328 -123.919
8.49492 28.0649 109.725 -6.75111e-07 42.2102 -123.998
8.49549 28.0725 109.74 -6.75447e-07 42.1878 -124.077
8.49605 28.08 109.755 -6.75782e-07 42.1655 -124.156
8.49662 28.0874 109.769 -6.76116e-07 42.1433 -124.235
8.49719 28.0947 109.784 -6.76449e-07 42.1212 -124.314
8.49775 28.1019 109.799 -6.76781e-07 42.0992 -124.393
8.49832 28.109 109.814 -6.77111e-07 42.0774 -124.472
8.49888 28.116 109.828 -6.77441e-07 42.0556 -124.55
8.49945 28.1229 109.843 -6.77769e-07 42.034 -124.629
8.50001 28.1298 109.858 -6.78096e-07 42.0125 -124.708
8.50058 28.1365 109.872 -6.78422e-07 41.9912 -124.787
8.50115 28.1432 109.887 -6.78747e-07 41.9699 -124.866
8.50171 28.1497 109.902 -6.7907e-07 41.9488 -124.945
8.50228 28.1562 109.916 -6.79392e-07 41.9277 -125.024
8.50285 28.1626 109.931 -6.79714e-07 41.9068 -125.103
8.50342 28.1688 109.945 -6.80034e-07 41.886 -125.182
8.50398 28.175 109.96 -6.80352e-07 41.8654 -125.26
8.50455 28.1811 109.974 -6.8067e-07 41.8448 -125.339
8.50512 28.1871 109.989 -6.80986e-07 41.8244 -125.418
8.50569 28.193 110.003 -6.81302e-07 41.8041 -125.497
8.50625 28.1988 110.017 -6.81616e-07 41.7838 -125.576
8.50682 28.2046 110.032 -6.81928e-07 41.7638 -125.655
8.50739 28.2102 110.046 -6.8224e-07 41.7438 -125.734
8.50796 28.2157 110.06 -6.8255e-07 41.7239 -125.813
8.50853 28.2212 110.075 -6.82859e-07 41.7042 -125.892
8.5091 28.2265 110.089 -6.83167e-07 41.6846 -125.97
8.50967 28.2318 110.103 -6.83474e-07 41.6651 -126.049
8.51024 28.2369 110.117 -6.83779e-07 41.6457 -126.128
8.51081 28.242 110.132 -6.84083e-07 41.6265 -126.207
8.51138 28.2469 110.146 -6.84386e-07 41.6073 -126.286
8.51195 28.2518 110.16 -6.84688e-07 41.5883 -126.365
8.51252 28.2566 110.174 -6.84988e-07 41.5694 -126.444
8.51309 28.2613 110.188 -6.85287e-07 41.5506 -126.523
8.51366 28.2659 110.202 -6.85585e-07 41.5319 -126.602
8.51423 28.2704 110.216 -6.85881e-07 41.5134 -126.68
8.5148 28.2748 110.23 -6.86176e-07 41.4949 -126.759
8.51537 28.2791 110.244 -6.8647e-07 41.4766 -126.838
8.51594 28.2833 110.258 -6.86763e-07 41.4584 -126.917
8.51651 28.2874 110.272 -6.87054e-07 41.4403 -126.996
8.51708 28.2914 110.286 -6.87344e-07 41.4223 -127.075
8.51765 28.2953 110.3 -6.87632e-07 41.4045 -127.154
8.51823 28.2991 110.314 -6.8792e-07 41.3867 -127.233
8.5188 28.3028 110.328 -6.88206e-07 41.3691 -127.312
8.51937 28.3065 110.342 -6.8849e-07 41.3516 -127.39
8.51994 28.31 110.356 -6.88774e-07 41.3343 -127.469
8.52051 28.3134 110.37 -6.89056e-07 41.317 -127.548
8.52109 28.3168 110.383 -6.89336e-07 41.2999 -127.627
8.52166 28.32 110.397 -6.89616e-07 41.2828 -127.706
8.52223 28.3232 110.411 -6.89894e-07 41.2659 -127.785
8.52281 28.3262 110.425 -6.9017e-07 41.2491 -127.864
8.52338 28.3292 110.438 -6.90445e-07 41.2325 -127.943
8.52395 28.332 110.452 -6.90719e-07 41.2159 -128.022
8.52453 28.3348 110.466 -6.90992e-07 41.1995 -128.1
8.5251 28.3375 110.479 -6.91263e-07 41.1831 -128.179
8.52568 28.34 110.493 -6.91533e-07 41.1669 -128.258
8.52625 28.3425 110.507 -6.91801e-07 41.1509 -128.337
8.52682 28.3448 110.52 -6.92068e-07 41.1349 -128.416
8.5274 28.3471 110.534 -6.92333e-07 41.1191 -128.495
8.52797 28.3493 110.547 -6.92597e-07 41.1033 -128.574
8.52855 28.3514 110.561 -6.9286e-07 41.0877 -128.653
8.52912 28.3533 110.574 -6.93122e-07 41.0722 -128.732
8.5297 28.3552 110.588 -6.93381e-07 41.0569 -128.81
8.53027 28.357 110.601 -6.9364e-07 41.0416 -128.889
8.53085 28.3587 110.615 -6.93897e-07 41.0265 -128.968
8.53143 28.3603 110.628 -6.94153e-07 41.0114 -129.047
8.532 28.3618 110.642 -6.94407e-07 40.9965 -129.126
8.53258 28.3631 110.655 -6.9466e-07 40.9818 -129.205
8.53315 28.3644 110.668 -6.94911e-07 40.9671 -129.284
8.53373 28.3656 110.682 -6.95161e-07 40.9526 -129.363
8.53431 28.3667 110.695 -6.95409e-07 40.9381 -129.441
8.53487 28.3678 110.708 -6.95655e-07 40.9239 -129.518
8.53542 28.3688 110.721 -6.95897e-07 40.9098 -129.595
8.53596 28.3698 110.734 -6.96135e-07 40.8959 -129.67
8.53647 28.3708 110.747 -6.96369e-07 40.8822 -129.744
8.53697 28.3718 110.76 -6.966e-07 40.8686 -129.818
8.53746 28.3728 110.772 -6.96827e-07 40.8553 -129.89
8.53793 28.3738 110.784 -6.9705e-07 40.8421 -129.961
8.53838 28.3748 110.796 -6.97269e-07 40.8291 -130.032
8.53881 28.3757 110.808 -6.97485e-07 40.8163 -130.101
8.53923 28.3767 110.82 -6.97697e-07 40.8037 -130.169
8.53963 28.3776 110.831 -6.97905e-07 40.7912 -130.237
8.54001 28.3785 110.843 -6.98109e-07 40.779 -130.303
8.54038 28.3794 110.854 -6.9831e-07 40.7669 -130.368
8.54073 28.3803 110.865 -6.98506e-07 40.755 -130.433
8.54106 28.3812 110.876 -6.98699e-07 40.7433 -130.496
8.54138 28.3821 110.886 -6.98888e-07 40.7318 -130.558
8.54168 28.3829 110.897 -6.99073e-07 40.7204 -130.619
8.54196 28.3838 110.907 -6.99254e-07 40.7092 -130.68
8.54223 28.3846 110.917 -6.99432e-07 40.6983 -130.739
8.54248 28.3854 110.927 -6.99606e-07 40.6875 -130.797
8.54272 28.3862 110.937 -6.99775e-07 40.6769 -130.855
8.54293 28.387 110.947 -6.99941e-07 40.6664 -130.911
8.54313 28.3878 110.956 -7.00103e-07 40.6562 -130.966
8.54332 28.3885 110.965 -7.00261e-07 40.6461 -131.021
8.54348 28.3893 110.974 -7.00416e-07 40.6363 -131.074
8.54363 28.39 110.983 -7.00566e-07 40.6266 -131.126
8.54377 28.3907 110.992 -7.00712e-07 40.617 -131.178
8.54388 28.3914 111.001 -7.00855e-07 40.6077 -131.228
8.54398 28.3921 111.009 -7.00993e-07 40.5986 -131.277
8.54407 28.3928 111.018 -7.01128e-07 40.5896 -131.326
8.54413 28.3935 111.026 -7.01259e-07 40.5808 -131.373
8.54418 28.3941 111.034 -7.01386e-07 40.5722 -131.419
8.54421 28.3948 111.041 -7.01509e-07 40.5638 -131.465
8.54423 28.3954 111.049 -7.01628e-07 40.5556 -131.509
8.54423 28.396 111.056 -7.01743e-07 40.5476 -131.552
8.54421 28.3966 111.064 -7.01854e-07 40.5397 -131.595
8.54418 28.3972 111.071 -7.01961e-07 40.532 -131.636
8.54412 28.3977 111.078 -7.02064e-07 40.5245 -131.676
8.54406 28.3983 111.085 -7.02163e-07 40.5172 -131.716
8.54397 28.3988 111.091 -7.02258e-07 40.5101 -131.754
8.54387 28.3993 111.098 -7.0235e-07 40.5032 -131.791
8.54375 28.3998 111.104 -7.02437e-07 40.4964 -131.828
8.54361 28.4003 111.11 -7.0252e-07 40.4898 -131.863
8.54346 28.4008 111.116 -7.026e-07 40.4835 -131.897
8.54329 28.4012 111.122 -7.02675e-07 40.4773 -131.931
8.54311 28.4016 111.127 -7.02746e-07 40.4712 -131.963
8.5429 28.4021 111.133 -7.02813e-07 40.4654 -131.994
8.54268 28.4025 111.138 -7.02877e-07 40.4598 -132.025
8.54245 28.4029 111.143 -7.02936e-07 40.4543 -132.054
8.54219 28.4032 111.148 -7.02991e-07 40.449 -132.082
8.54192 28.4036 111.152 -7.03043e-07 40.4439 -132.109
8.54164 28.4039 111.157 -7.0309e-07 40.439 -132.136
8.54133 28.4043 111.161 -7.03133e-07 40.4343 -132.161
8.54101 28.4046 111.166 -7.03173e-07 40.4297 -132.185
8.54067 28.4049 111.17 -7.03208e-07 40.4254 -132.209
8.54032 28.4052 111.174 -7.03239e-07 40.4212 -132.231
8.53995 28.4054 111.177 -7.03266e-07 40.4172 -132.252
8.53956 28.4057 111.181 -7.03289e-07 40.4134 -132.273
8.53915 28.4059 111.184 -7.03309e-07 40.4097 -132.292
8.53873 28.4061 111.188 -7.03324e-07 40.4063 -132.31
8.53829 28.4063 111.191 -7.03335e-07 40.403 -132.328
8.53784 28.4065 111.194 -7.03342e-07 40.4 -132.344
8.53737 28.4067 111.196 -7.03345e-07 40.3971 -132.359
8.53688 28.4068 111.199 -7.03344e-07 40.3944 -132.374
8.53637 28.407 111.201 -7.03339e-07 40.3919 -132.387
8.53585 28.4071 111.203 -7.0333e-07 40.3895 -132.399
8.53531 28.4072 111.205 -7.03316e-07 40.3874 -132.411
8.53475 28.4073 111.207 -7.03299e-07 40.3854 -132.421
8.53418 28.4073 111.209 -7.03278e-07 40.3836 -132.43
8.53359 28.4074 111.211 -7.03253e-07 40.382 -132.439
8.53298 28.4074 111.212 -7.03224e-07 40.3806 -132.446
8.53238 28.4074 111.213 -7.03192e-07 40.3794 -132.452
8.53187 28.4075 111.214 -7.03166e-07 40.3784 -132.458
8.53146 28.4075 111.215 -7.03144e-07 40.3775 -132.462
8.53115 28.4075 111.216 -7.03128e-07 40.3769 -132.465
8.53092 28.4075 111.216 -7.03116e-07 40.3764 -132.468
