591.296	83.3333	456	0	180	-9.41235
591.296	83.3328	456.001	0	180	-9.41285
591.294	83.3313	456.002	0	180	-9.41435
591.292	83.3288	456.005	0	180	-9.41685
591.288	83.3253	456.008	0	180	-9.42035
591.284	83.3208	456.013	0	180	-9.42485
591.278	83.3155	456.018	0	180	-9.43035
591.272	83.3101	456.024	0	180	-9.43685
591.264	83.3047	456.032	0	180	-9.44435
591.256	83.2992	456.041	0	180	-9.45285
591.246	83.2938	456.05	0	180	-9.46235
591.236	83.2884	456.061	0	180	-9.47285
591.224	83.283	456.072	0	180	-9.48435
591.212	83.2776	456.084	0	180	-9.49685
591.198	83.2722	456.098	0	180	-9.51035
591.184	83.2668	456.113	0	180	-9.52485
591.168	83.2614	456.128	0	180	-9.54035
591.152	83.256	456.144	0	180	-9.55685
591.134	83.2505	456.162	0	180	-9.57435
591.115	83.2451	456.18	0	180	-9.59285
591.096	83.2397	456.2	0	180	-9.61235
591.076	83.2343	456.221	0	180	-9.63285
591.054	83.2289	456.242	0	180	-9.65435
591.032	83.2235	456.264	0	180	-9.67685
591.008	83.2181	456.288	0	180	-9.70035
590.984	83.2127	456.312	0	180	-9.72485
590.958	83.2073	456.338	0	180	-9.75035
590.932	83.2018	456.365	0	180	-9.77685
590.904	83.1964	456.392	0	180	-9.80435
590.875	83.191	456.421	0	180	-9.83285
590.846	83.1856	456.45	0	180	-9.86235
590.816	83.1802	456.481	0	180	-9.89285
590.784	83.1748	456.512	0	180	-9.92435
590.752	83.1694	456.545	0	180	-9.95685
590.718	83.164	456.578	0	180	-9.99035
590.683	83.1586	456.613	0	180	-10.0248
590.648	83.1531	456.648	0	180	-10.0603
590.612	83.1477	456.685	0	180	-10.0968
590.574	83.1423	456.722	0	180	-10.1343
590.535	83.1369	456.761	0	180	-10.1728
590.496	83.1315	456.8	0	180	-10.2123
590.456	83.1261	456.841	0	180	-10.2528
590.414	83.1207	456.882	0	180	-10.2943
590.372	83.1153	456.925	0	180	-10.3368
590.328	83.1099	456.968	0	180	-10.3803
590.284	83.1044	457.013	0	180	-10.4248
590.238	83.099	457.058	0	180	-10.4703
590.192	83.0936	457.105	0	180	-10.5168
590.144	83.0882	457.152	0	180	-10.5643
590.096	83.0828	457.201	0	180	-10.6128
590.046	83.0774	457.25	0	180	-10.6623
589.995	83.072	457.3	0	180	-10.7128
589.944	83.0666	457.352	0	180	-10.7643
589.892	83.0612	457.404	0	180	-10.8168
589.838	83.0557	457.458	0	180	-10.8703
589.784	83.0503	457.512	0	180	-10.9248
589.728	83.0449	457.568	0	180	-10.9803
589.672	83.0395	457.625	0	180	-11.0368
589.614	83.0341	457.682	0	180	-11.0943
589.556	83.0287	457.74	0	180	-11.1528
589.496	83.0233	457.8	0	180	-11.2123
589.436	83.0179	457.861	0	180	-11.2728
589.375	83.0125	457.922	0	180	-11.3343
589.314	83.007	457.985	0	180	-11.3968
589.253	83.0016	458.048	0	180	-11.4603
589.192	82.9962	458.112	0	180	-11.5248
589.131	82.9908	458.176	0	180	-11.5903
589.07	82.9854	458.241	0	180	-11.6568
589.009	82.98	458.305	0	180	-11.7243
588.948	82.9746	458.369	0	180	-11.7928
588.887	82.9692	458.433	0	180	-11.8623
588.826	82.9638	458.497	0	180	-11.9328
588.765	82.9583	458.561	0	180	-12.0043
588.704	82.9529	458.626	0	180	-12.0768
588.643	82.9475	458.69	0	180	-12.1503
588.583	82.9421	458.754	0	180	-12.2248
588.522	82.9367	458.818	0	180	-12.3003
588.461	82.9313	458.882	0	180	-12.3768
588.4	82.9259	458.946	0	180	-12.4543
588.339	82.9205	459.011	0	180	-12.5328
588.278	82.9151	459.075	0	180	-12.6123
588.217	82.9096	459.139	0	180	-12.6928
588.156	82.9042	459.203	0	180	-12.7743
588.095	82.8988	459.267	0	180	-12.8568
588.034	82.8934	459.331	0	180	-12.9403
587.973	82.888	459.396	0	180	-13.0248
587.912	82.8826	459.46	0	180	-13.1103
587.851	82.8772	459.524	0	180	-13.1968
587.79	82.8718	459.588	0	180	-13.2843
587.73	82.8664	459.652	0	180	-13.3728
587.669	82.8609	459.716	0	180	-13.4623
587.608	82.8555	459.781	0	180	-13.5528
587.547	82.8501	459.845	0	180	-13.6443
587.486	82.8447	459.909	0	180	-13.7368
587.425	82.8393	459.973	0	180	-13.8303
587.364	82.8339	460.037	0	180	-13.9243
587.303	82.8285	460.101	0	180	-14.0182
587.242	82.8231	460.166	0	180	-14.1122
587.181	82.8177	460.23	0	180	-14.2061
587.12	82.8122	460.294	0	180	-14.3001
587.059	82.8068	460.358	0	180	-14.394
586.998	82.8014	460.422	0	180	-14.4879
586.937	82.796	460.487	0	180	-14.5819
586.877	82.7906	460.551	0	180	-14.6758
586.816	82.7852	460.615	0	180	-14.7698
586.755	82.7798	460.679	0	180	-14.8637
586.694	82.7744	460.743	0	180	-14.9577
586.633	82.769	460.807	0	180	-15.0516
586.572	82.7635	460.872	0	180	-15.1455
586.511	82.7581	460.936	0	180	-15.2395
586.45	82.7527	461	0	180	-15.3334
586.389	82.7473	461.064	0	180	-15.4274
586.328	82.7419	461.128	0	180	-15.5213
586.267	82.7365	461.192	0	180	-15.6152
586.206	82.7311	461.257	0	180	-15.7092
586.145	82.7257	461.321	0	180	-15.8031
586.084	82.7203	461.385	0	180	-15.8971
586.024	82.7148	461.449	0	180	-15.991
585.963	82.7094	461.513	0	180	-16.085
585.902	82.704	461.577	0	180	-16.1789
585.841	82.6986	461.642	0	180	-16.2728
585.78	82.6932	461.706	0	180	-16.3668
585.719	82.6878	461.77	0	180	-16.4607
585.658	82.6824	461.834	0	180	-16.5547
585.597	82.677	461.898	0	180	-16.6486
585.536	82.6716	461.962	0	180	-16.7426
585.475	82.6662	462.027	0	180	-16.8365
585.414	82.6607	462.091	0	180	-16.9304
585.353	82.6553	462.155	0	180	-17.0244
585.292	82.6499	462.219	0	180	-17.1183
585.231	82.6445	462.283	0	180	-17.2123
585.171	82.6391	462.347	0	180	-17.3062
585.11	82.6337	462.412	0	180	-17.4001
585.049	82.6283	462.476	0	180	-17.4941
584.988	82.6229	462.54	0	180	-17.588
584.927	82.6175	462.604	0	180	-17.682
584.866	82.612	462.668	0	180	-17.7759
584.805	82.6066	462.733	0	180	-17.8699
584.744	82.6012	462.797	0	180	-17.9638
584.683	82.5958	462.861	0	180	-18.0577
584.622	82.5904	462.925	0	180	-18.1517
584.561	82.585	462.989	0	180	-18.2456
584.5	82.5796	463.053	0	180	-18.3396
584.439	82.5742	463.118	0	180	-18.4335
584.378	82.5688	463.182	0	180	-18.5275
584.318	82.5633	463.246	0	180	-18.6214
584.257	82.5579	463.31	0	180	-18.7153
584.196	82.5525	463.374	0	180	-18.8093
584.135	82.5471	463.438	0	180	-18.9032
584.074	82.5417	463.503	0	180	-18.9972
584.013	82.5363	463.567	0	180	-19.0911
583.952	82.5309	463.631	0	180	-19.1851
583.891	82.5255	463.695	0	180	-19.279
583.83	82.5201	463.759	0	180	-19.3729
583.769	82.5146	463.823	0	180	-19.4669
583.708	82.5092	463.888	0	180	-19.5608
583.647	82.5038	463.952	0	180	-19.6548
583.586	82.4984	464.016	0	180	-19.7487
583.525	82.493	464.08	0	180	-19.8426
583.465	82.4876	464.144	0	180	-19.9366
583.404	82.4822	464.208	0	180	-20.0305
583.343	82.4768	464.273	0	180	-20.1245
583.282	82.4714	464.337	0	180	-20.2184
583.221	82.4659	464.401	0	180	-20.3124
583.16	82.4605	464.465	0	180	-20.4063
583.099	82.4551	464.529	0	180	-20.5002
583.038	82.4497	464.593	0	180	-20.5942
582.977	82.4443	464.658	0	180	-20.6881
582.916	82.4389	464.722	0	180	-20.7821
582.855	82.4335	464.786	0	180	-20.876
582.794	82.4281	464.85	0	180	-20.97
582.733	82.4227	464.914	0	180	-21.0639
582.672	82.4172	464.979	0	180	-21.1578
582.612	82.4118	465.043	0	180	-21.2518
582.551	82.4064	465.107	0	180	-21.3457
582.49	82.401	465.171	0	180	-21.4397
582.429	82.3956	465.235	0	180	-21.5336
582.368	82.3902	465.299	0	180	-21.6275
582.307	82.3848	465.364	0	180	-21.7215
582.246	82.3794	465.428	0	180	-21.8154
582.185	82.374	465.492	0	180	-21.9094
582.124	82.3685	465.556	0	180	-22.0033
582.063	82.3631	465.62	0	180	-22.0973
582.002	82.3577	465.684	0	180	-22.1912
581.941	82.3523	465.749	0	180	-22.2851
581.88	82.3469	465.813	0	180	-22.3791
581.819	82.3415	465.877	0	180	-22.473
581.759	82.3361	465.941	0	180	-22.567
581.698	82.3307	466.005	0	180	-22.6609
581.637	82.3253	466.069	0	180	-22.7549
581.576	82.3198	466.134	0	180	-22.8488
581.515	82.3144	466.198	0	180	-22.9427
581.454	82.309	466.262	0	180	-23.0367
581.393	82.3036	466.326	0	180	-23.1306
581.332	82.2982	466.39	0	180	-23.2246
581.271	82.2928	466.454	0	180	-23.3185
581.21	82.2874	466.519	0	180	-23.4125
581.149	82.282	466.583	0	180	-23.5064
581.088	82.2766	466.647	0	180	-23.6003
581.027	82.2711	466.711	0	180	-23.6943
580.966	82.2657	466.775	0	180	-23.7882
580.906	82.2603	466.839	0	180	-23.8822
580.845	82.2549	466.904	0	180	-23.9761
580.784	82.2495	466.968	0	180	-24.07
580.723	82.2441	467.032	0	180	-24.164
580.662	82.2387	467.096	0	180	-24.2579
580.601	82.2333	467.16	0	180	-24.3519
580.54	82.2279	467.225	0	180	-24.4458
580.479	82.2224	467.289	0	180	-24.5398
580.418	82.217	467.353	0	180	-24.6337
580.357	82.2116	467.417	0	180	-24.7276
580.296	82.2062	467.481	0	180	-24.8216
580.235	82.2008	467.545	0	180	-24.9155
580.174	82.1954	467.61	0	180	-25.0095
580.114	82.19	467.674	0	180	-25.1034
580.053	82.1846	467.738	0	180	-25.1974
579.992	82.1792	467.802	0	180	-25.2913
579.931	82.1737	467.866	0	180	-25.3852
579.87	82.1683	467.93	0	180	-25.4792
579.809	82.1629	467.995	0	180	-25.5731
579.748	82.1575	468.059	0	180	-25.6671
579.687	82.1521	468.123	0	180	-25.761
579.626	82.1467	468.187	0	180	-25.855
579.565	82.1413	468.251	0	180	-25.9489
579.504	82.1359	468.315	0	180	-26.0428
579.443	82.1305	468.38	0	180	-26.1368
579.382	82.125	468.444	0	180	-26.2307
579.321	82.1196	468.508	0	180	-26.3247
579.261	82.1142	468.572	0	180	-26.4186
579.2	82.1088	468.636	0	180	-26.5125
579.139	82.1034	468.7	0	180	-26.6065
579.078	82.098	468.765	0	180	-26.7004
579.017	82.0926	468.829	0	180	-26.7944
578.956	82.0872	468.893	0	180	-26.8883
578.895	82.0818	468.957	0	180	-26.9823
578.834	82.0763	469.021	0	180	-27.0762
578.773	82.0709	469.085	0	180	-27.1701
578.712	82.0655	469.15	0	180	-27.2641
578.651	82.0601	469.214	0	180	-27.358
578.59	82.0547	469.278	0	180	-27.452
578.529	82.0493	469.342	0	180	-27.5459
578.468	82.0439	469.406	0	180	-27.6399
578.408	82.0385	469.471	0	180	-27.7338
578.347	82.0331	469.535	0	180	-27.8277
578.286	82.0276	469.599	0	180	-27.9217
578.225	82.0222	469.663	0	180	-28.0156
578.164	82.0168	469.727	0	180	-28.1096
578.103	82.0114	469.791	0	180	-28.2035
578.042	82.006	469.856	0	180	-28.2974
577.981	82.0006	469.92	0	180	-28.3914
577.92	81.9952	469.984	0	180	-28.4853
577.859	81.9898	470.048	0	180	-28.5793
577.798	81.9844	470.112	0	180	-28.6732
577.737	81.979	470.176	0	180	-28.7672
577.676	81.9735	470.241	0	180	-28.8611
577.615	81.9681	470.305	0	180	-28.955
577.555	81.9627	470.369	0	180	-29.049
577.494	81.9573	470.433	0	180	-29.1429
577.433	81.9519	470.497	0	180	-29.2369
577.372	81.9465	470.561	0	180	-29.3308
577.311	81.9411	470.626	0	180	-29.4248
577.25	81.9357	470.69	0	180	-29.5187
577.189	81.9303	470.754	0	180	-29.6126
577.128	81.9248	470.818	0	180	-29.7066
577.067	81.9194	470.882	0	180	-29.8005
577.006	81.914	470.946	0	180	-29.8945
576.945	81.9086	471.011	0	180	-29.9884
576.884	81.9032	471.075	0	180	-30.0824
576.823	81.8978	471.139	0	180	-30.1763
576.762	81.8924	471.203	0	180	-30.2702
576.702	81.887	471.267	0	180	-30.3642
576.641	81.8816	471.332	0	180	-30.4581
576.58	81.8761	471.396	0	180	-30.5521
576.519	81.8707	471.46	0	180	-30.646
576.458	81.8653	471.524	0	180	-30.7399
576.397	81.8599	471.588	0	180	-30.8339
576.336	81.8545	471.652	0	180	-30.9278
576.275	81.8491	471.717	0	180	-31.0218
576.214	81.8437	471.781	0	180	-31.1157
576.153	81.8383	471.845	0	180	-31.2097
576.092	81.8329	471.909	0	180	-31.3036
576.031	81.8274	471.973	0	180	-31.3975
575.97	81.822	472.037	0	180	-31.4915
575.909	81.8166	472.102	0	180	-31.5854
575.849	81.8112	472.166	0	180	-31.6794
575.788	81.8058	472.23	0	180	-31.7733
575.727	81.8004	472.294	0	180	-31.8673
575.666	81.795	472.358	0	180	-31.9612
575.605	81.7896	472.422	0	180	-32.0551
575.544	81.7842	472.487	0	180	-32.1491
575.483	81.7787	472.551	0	180	-32.243
575.422	81.7733	472.615	0	180	-32.337
575.361	81.7679	472.679	0	180	-32.4309
575.3	81.7625	472.743	0	180	-32.5248
575.239	81.7571	472.807	0	180	-32.6188
575.178	81.7517	472.872	0	180	-32.7127
575.117	81.7463	472.936	0	180	-32.8067
575.056	81.7409	473	0	180	-32.9006
574.996	81.7355	473.064	0	180	-32.9946
574.935	81.73	473.128	0	180	-33.0885
574.874	81.7246	473.192	0	180	-33.1824
574.813	81.7192	473.257	0	180	-33.2764
574.752	81.7138	473.321	0	180	-33.3703
574.691	81.7084	473.385	0	180	-33.4643
574.63	81.703	473.449	0	180	-33.5582
574.569	81.6976	473.513	0	180	-33.6522
574.508	81.6922	473.578	0	180	-33.7461
574.447	81.6868	473.642	0	180	-33.84
574.386	81.6813	473.706	0	180	-33.934
574.325	81.6759	473.77	0	180	-34.0279
574.264	81.6705	473.834	0	180	-34.1219
574.203	81.6651	473.898	0	180	-34.2158
574.143	81.6597	473.963	0	180	-34.3098
574.082	81.6543	474.027	0	180	-34.4037
574.021	81.6489	474.091	0	180	-34.4976
573.96	81.6435	474.155	0	180	-34.5916
573.899	81.6381	474.219	0	180	-34.6855
573.838	81.6326	474.283	0	180	-34.7795
573.777	81.6272	474.348	0	180	-34.8734
573.716	81.6218	474.412	0	180	-34.9673
573.655	81.6164	474.476	0	180	-35.0613
573.594	81.611	474.54	0	180	-35.1552
573.533	81.6056	474.604	0	180	-35.2492
573.472	81.6002	474.668	0	180	-35.3431
573.411	81.5948	474.733	0	180	-35.4371
573.35	81.5894	474.797	0	180	-35.531
573.29	81.5839	474.861	0	180	-35.6249
573.229	81.5785	474.925	0	180	-35.7189
573.168	81.5731	474.989	0	180	-35.8128
573.107	81.5677	475.053	0	180	-35.9068
573.046	81.5623	475.118	0	180	-36.0007
572.985	81.5569	475.182	0	180	-36.0947
572.924	81.5515	475.246	0	180	-36.1886
572.863	81.5461	475.31	0	180	-36.2825
572.802	81.5407	475.374	0	180	-36.3765
572.741	81.5352	475.438	0	180	-36.4704
572.68	81.5298	475.503	0	180	-36.5644
572.619	81.5244	475.567	0	180	-36.6583
572.558	81.519	475.631	0	180	-36.7522
572.497	81.5136	475.695	0	180	-36.8462
572.437	81.5082	475.759	0	180	-36.9401
572.376	81.5028	475.824	0	180	-37.0341
572.315	81.4974	475.888	0	180	-37.128
572.254	81.492	475.952	0	180	-37.222
572.193	81.4865	476.016	0	180	-37.3159
572.132	81.4811	476.08	0	180	-37.4098
572.071	81.4757	476.144	0	180	-37.5038
572.01	81.4703	476.209	0	180	-37.5977
571.949	81.4649	476.273	0	180	-37.6917
571.888	81.4595	476.337	0	180	-37.7856
571.827	81.4541	476.401	0	180	-37.8796
571.766	81.4487	476.465	0	180	-37.9735
571.705	81.4433	476.529	0	180	-38.0674
571.644	81.4378	476.594	0	180	-38.1614
571.584	81.4324	476.658	0	180	-38.2553
571.523	81.427	476.722	0	180	-38.3493
571.462	81.4216	476.786	0	180	-38.4432
571.401	81.4162	476.85	0	180	-38.5372
571.34	81.4108	476.914	0	180	-38.6311
571.279	81.4054	476.979	0	180	-38.725
571.218	81.4	477.043	0	180	-38.819
571.157	81.3946	477.107	0	180	-38.9129
571.096	81.3891	477.171	0	180	-39.0069
571.035	81.3837	477.235	0	180	-39.1008
570.974	81.3783	477.299	0	180	-39.1947
570.913	81.3729	477.364	0	180	-39.2887
570.852	81.3675	477.428	0	180	-39.3826
570.791	81.3621	477.492	0	180	-39.4766
570.731	81.3567	477.556	0	180	-39.5705
570.67	81.3513	477.62	0	180	-39.6645
570.609	81.3459	477.684	0	180	-39.7584
570.548	81.3404	477.749	0	180	-39.8523
570.487	81.335	477.813	0	180	-39.9463
570.426	81.3296	477.877	0	180	-40.0402
570.365	81.3242	477.941	0	180	-40.1342
570.304	81.3188	478.005	0	180	-40.2281
570.243	81.3134	478.07	0	180	-40.3221
570.182	81.308	478.134	0	180	-40.416
570.121	81.3026	478.198	0	180	-40.5099
570.06	81.2972	478.262	0	180	-40.6039
569.999	81.2918	478.326	0	180	-40.6978
569.939	81.2863	478.39	0	180	-40.7918
569.878	81.2809	478.455	0	180	-40.8857
569.817	81.2755	478.519	0	180	-40.9796
569.756	81.2701	478.583	0	180	-41.0736
569.695	81.2647	478.647	0	180	-41.1675
569.634	81.2593	478.711	0	180	-41.2615
569.573	81.2539	478.775	0	180	-41.3554
569.512	81.2485	478.84	0	180	-41.4494
569.451	81.2431	478.904	0	180	-41.5433
569.39	81.2376	478.968	0	180	-41.6372
569.329	81.2322	479.032	0	180	-41.7312
569.268	81.2268	479.096	0	180	-41.8251
569.207	81.2214	479.16	0	180	-41.9191
569.146	81.216	479.225	0	180	-42.013
569.086	81.2106	479.289	0	180	-42.107
569.025	81.2052	479.353	0	180	-42.2009
568.964	81.1998	479.417	0	180	-42.2948
568.903	81.1944	479.481	0	180	-42.3888
568.842	81.1889	479.545	0	180	-42.4827
568.781	81.1835	479.61	0	180	-42.5767
568.72	81.1781	479.674	0	180	-42.6706
568.659	81.1727	479.738	0	180	-42.7646
568.598	81.1673	479.802	0	180	-42.8585
568.537	81.1619	479.866	0	180	-42.9524
568.476	81.1565	479.93	0	180	-43.0464
568.415	81.1511	479.995	0	180	-43.1403
568.354	81.1457	480.059	0	180	-43.2343
568.293	81.1402	480.123	0	180	-43.3282
568.233	81.1348	480.187	0	180	-43.4221
568.172	81.1294	480.251	0	180	-43.5161
568.111	81.124	480.316	0	180	-43.61
568.05	81.1186	480.38	0	180	-43.704
567.989	81.1132	480.444	0	180	-43.7979
567.928	81.1078	480.508	0	180	-43.8919
567.867	81.1024	480.572	0	180	-43.9858
567.806	81.097	480.636	0	180	-44.0797
567.745	81.0915	480.701	0	180	-44.1737
567.684	81.0861	480.765	0	180	-44.2676
567.623	81.0807	480.829	0	180	-44.3616
567.562	81.0753	480.893	0	180	-44.4555
567.501	81.0699	480.957	0	180	-44.5495
567.44	81.0645	481.021	0	180	-44.6434
567.38	81.0591	481.086	0	180	-44.7373
567.319	81.0537	481.15	0	180	-44.8313
567.258	81.0483	481.214	0	180	-44.9252
567.197	81.0428	481.278	0	180	-45.0192
567.136	81.0374	481.342	0	180	-45.1131
567.075	81.032	481.406	0	180	-45.2071
567.014	81.0266	481.471	0	180	-45.301
566.953	81.0212	481.535	0	180	-45.3949
566.892	81.0158	481.599	0	180	-45.4889
566.831	81.0104	481.663	0	180	-45.5828
566.77	81.005	481.727	0	180	-45.6768
566.709	80.9996	481.791	0	180	-45.7707
566.648	80.9941	481.856	0	180	-45.8646
566.587	80.9887	481.92	0	180	-45.9586
566.527	80.9833	481.984	0	180	-46.0525
566.466	80.9779	482.048	0	180	-46.1465
566.405	80.9725	482.112	0	180	-46.2404
566.344	80.9671	482.177	0	180	-46.3344
566.283	80.9617	482.241	0	180	-46.4283
566.222	80.9563	482.305	0	180	-46.5222
566.161	80.9509	482.369	0	180	-46.6162
566.1	80.9454	482.433	0	180	-46.7101
566.039	80.94	482.497	0	180	-46.8041
565.978	80.9346	482.562	0	180	-46.898
565.917	80.9292	482.626	0	180	-46.992
565.856	80.9238	482.69	0	180	-47.0859
565.795	80.9184	482.754	0	180	-47.1798
565.734	80.913	482.818	0	180	-47.2738
565.674	80.9076	482.882	0	180	-47.3677
565.613	80.9022	482.947	0	180	-47.4617
565.552	80.8967	483.011	0	180	-47.5556
565.491	80.8913	483.075	0	180	-47.6495
565.43	80.8859	483.139	0	180	-47.7435
565.369	80.8805	483.203	0	180	-47.8374
565.308	80.8751	483.267	0	180	-47.9314
565.247	80.8697	483.332	0	180	-48.0253
565.186	80.8643	483.396	0	180	-48.1193
565.125	80.8589	483.46	0	180	-48.2132
565.064	80.8535	483.524	0	180	-48.3071
565.003	80.848	483.588	0	180	-48.4011
564.942	80.8426	483.652	0	180	-48.495
564.881	80.8372	483.717	0	180	-48.589
564.821	80.8318	483.781	0	180	-48.6829
564.76	80.8264	483.845	0	180	-48.7769
564.699	80.821	483.909	0	180	-48.8708
564.638	80.8156	483.973	0	180	-48.9647
564.577	80.8102	484.037	0	180	-49.0587
564.516	80.8048	484.102	0	180	-49.1526
564.455	80.7993	484.166	0	180	-49.2466
564.394	80.7939	484.23	0	180	-49.3405
564.333	80.7885	484.294	0	180	-49.4345
564.272	80.7831	484.358	0	180	-49.5284
564.211	80.7777	484.423	0	180	-49.6223
564.15	80.7723	484.487	0	180	-49.7163
564.089	80.7669	484.551	0	180	-49.8102
564.028	80.7615	484.615	0	180	-49.9042
563.968	80.7561	484.679	0	180	-49.9981
563.907	80.7506	484.743	0	180	-50.092
563.846	80.7452	484.808	0	180	-50.186
563.785	80.7398	484.872	0	180	-50.2799
563.724	80.7344	484.936	0	180	-50.3739
563.663	80.729	485	0	180	-50.4678
563.602	80.7236	485.064	0	180	-50.5618
563.541	80.7182	485.128	0	180	-50.6557
563.48	80.7128	485.193	0	180	-50.7496
563.419	80.7074	485.257	0	180	-50.8436
563.358	80.7019	485.321	0	180	-50.9375
563.297	80.6965	485.385	0	180	-51.0315
563.236	80.6911	485.449	0	180	-51.1254
563.175	80.6857	485.513	0	180	-51.2194
563.115	80.6803	485.578	0	180	-51.3133
563.054	80.6749	485.642	0	180	-51.4072
562.993	80.6695	485.706	0	180	-51.5012
562.932	80.6641	485.77	0	180	-51.5951
562.871	80.6587	485.834	0	180	-51.6891
562.81	80.6532	485.898	0	180	-51.783
562.749	80.6478	485.963	0	180	-51.8769
562.688	80.6424	486.027	0	180	-51.9709
562.627	80.637	486.091	0	180	-52.0648
562.566	80.6316	486.155	0	180	-52.1588
562.505	80.6262	486.219	0	180	-52.2527
562.444	80.6208	486.283	0	180	-52.3467
562.383	80.6154	486.348	0	180	-52.4406
562.322	80.61	486.412	0	180	-52.5345
562.262	80.6045	486.476	0	180	-52.6285
562.201	80.5991	486.54	0	180	-52.7224
562.14	80.5937	486.604	0	180	-52.8164
562.079	80.5883	486.669	0	180	-52.9103
562.018	80.5829	486.733	0	180	-53.0043
561.957	80.5775	486.797	0	180	-53.0982
561.896	80.5721	486.861	0	180	-53.1921
561.835	80.5667	486.925	0	180	-53.2861
561.774	80.5613	486.989	0	180	-53.38
561.713	80.5559	487.054	0	180	-53.474
561.652	80.5504	487.118	0	180	-53.5679
561.591	80.545	487.182	0	180	-53.6619
561.53	80.5396	487.246	0	180	-53.7558
561.469	80.5342	487.31	0	180	-53.8497
561.409	80.5288	487.374	0	180	-53.9437
561.348	80.5234	487.439	0	180	-54.0376
561.287	80.518	487.503	0	180	-54.1316
561.226	80.5126	487.567	0	180	-54.2255
561.165	80.5072	487.631	0	180	-54.3194
561.104	80.5017	487.695	0	180	-54.4134
561.043	80.4963	487.759	0	180	-54.5073
560.982	80.4909	487.824	0	180	-54.6013
560.921	80.4855	487.888	0	180	-54.6952
560.86	80.4801	487.952	0	180	-54.7892
560.799	80.4747	488.016	0	180	-54.8831
560.738	80.4693	488.08	0	180	-54.977
560.677	80.4639	488.144	0	180	-55.071
560.617	80.4585	488.209	0	180	-55.1649
560.556	80.453	488.273	0	180	-55.2589
560.495	80.4476	488.337	0	180	-55.3528
560.434	80.4422	488.401	0	180	-55.4468
560.373	80.4368	488.465	0	180	-55.5407
560.312	80.4314	488.529	0	180	-55.6346
560.251	80.426	488.594	0	180	-55.7286
560.19	80.4206	488.658	0	180	-55.8225
560.129	80.4152	488.722	0	180	-55.9165
560.068	80.4098	488.786	0	180	-56.0104
560.007	80.4043	488.85	0	180	-56.1043
559.946	80.3989	488.915	0	180	-56.1983
559.885	80.3935	488.979	0	180	-56.2922
559.824	80.3881	489.043	0	180	-56.3862
559.764	80.3827	489.107	0	180	-56.4801
559.703	80.3773	489.171	0	180	-56.5741
559.642	80.3719	489.235	0	180	-56.668
559.581	80.3665	489.3	0	180	-56.7619
559.52	80.3611	489.364	0	180	-56.8559
559.459	80.3556	489.428	0	180	-56.9498
559.398	80.3502	489.492	0	180	-57.0438
559.337	80.3448	489.556	0	180	-57.1377
559.276	80.3394	489.62	0	180	-57.2317
559.215	80.334	489.685	0	180	-57.3256
559.154	80.3286	489.749	0	180	-57.4195
559.093	80.3232	489.813	0	180	-57.5135
559.032	80.3178	489.877	0	180	-57.6074
558.971	80.3124	489.941	0	180	-57.7014
558.911	80.3069	490.005	0	180	-57.7953
558.85	80.3015	490.07	0	180	-57.8893
558.789	80.2961	490.134	0	180	-57.9832
558.728	80.2907	490.198	0	180	-58.0771
558.667	80.2853	490.262	0	180	-58.1711
558.606	80.2799	490.326	0	180	-58.265
558.545	80.2745	490.39	0	180	-58.359
558.484	80.2691	490.455	0	180	-58.4529
558.423	80.2637	490.519	0	180	-58.5468
558.362	80.2582	490.583	0	180	-58.6408
558.301	80.2528	490.647	0	180	-58.7347
558.24	80.2474	490.711	0	180	-58.8287
558.179	80.242	490.775	0	180	-58.9226
558.118	80.2366	490.84	0	180	-59.0166
558.058	80.2312	490.904	0	180	-59.1105
557.997	80.2258	490.968	0	180	-59.2044
557.936	80.2204	491.032	0	180	-59.2984
557.875	80.215	491.096	0	180	-59.3923
557.814	80.2095	491.161	0	180	-59.4863
557.753	80.2041	491.225	0	180	-59.5802
557.692	80.1987	491.289	0	180	-59.6742
557.631	80.1933	491.353	0	180	-59.7681
557.57	80.1879	491.417	0	180	-59.862
557.509	80.1825	491.481	0	180	-59.956
557.448	80.1771	491.546	0	180	-60.0499
557.387	80.1717	491.61	0	180	-60.1439
557.326	80.1663	491.674	0	180	-60.2378
557.265	80.1608	491.738	0	180	-60.3317
557.205	80.1554	491.802	0	180	-60.4257
557.144	80.15	491.866	0	180	-60.5196
557.083	80.1446	491.931	0	180	-60.6136
557.022	80.1392	491.995	0	180	-60.7075
556.961	80.1338	492.059	0	180	-60.8015
556.9	80.1284	492.123	0	180	-60.8954
556.839	80.123	492.187	0	180	-60.9893
556.778	80.1176	492.251	0	180	-61.0833
556.717	80.1121	492.316	0	180	-61.1772
556.656	80.1067	492.38	0	180	-61.2712
556.595	80.1013	492.444	0	180	-61.3651
556.534	80.0959	492.508	0	180	-61.4591
556.473	80.0905	492.572	0	180	-61.553
556.412	80.0851	492.636	0	180	-61.6469
556.352	80.0797	492.701	0	180	-61.7409
556.291	80.0743	492.765	0	180	-61.8348
556.23	80.0689	492.829	0	180	-61.9288
556.169	80.0634	492.893	0	180	-62.0227
556.108	80.058	492.957	0	180	-62.1167
556.047	80.0526	493.022	0	180	-62.2106
555.986	80.0472	493.086	0	180	-62.3045
555.925	80.0418	493.15	0	180	-62.3985
555.864	80.0364	493.214	0	180	-62.4924
555.803	80.031	493.278	0	180	-62.5864
555.742	80.0256	493.342	0	180	-62.6803
555.681	80.0202	493.407	0	180	-62.7742
555.62	80.0147	493.471	0	180	-62.8682
555.559	80.0093	493.535	0	180	-62.9621
555.499	80.0039	493.599	0	180	-63.0561
555.438	79.9985	493.663	0	180	-63.15
555.377	79.9931	493.727	0	180	-63.244
555.316	79.9877	493.792	0	180	-63.3379
555.255	79.9823	493.856	0	180	-63.4318
555.194	79.9769	493.92	0	180	-63.5258
555.133	79.9715	493.984	0	180	-63.6197
555.072	79.966	494.048	0	180	-63.7137
555.011	79.9606	494.112	0	180	-63.8076
554.95	79.9552	494.177	0	180	-63.9016
554.889	79.9498	494.241	0	180	-63.9955
554.828	79.9444	494.305	0	180	-64.0894
554.767	79.939	494.369	0	180	-64.1834
554.706	79.9336	494.433	0	180	-64.2773
554.646	79.9282	494.497	0	180	-64.3713
554.585	79.9228	494.562	0	180	-64.4652
554.524	79.9173	494.626	0	180	-64.5592
554.463	79.9119	494.69	0	180	-64.6531
554.402	79.9065	494.754	0	180	-64.747
554.341	79.9011	494.818	0	180	-64.841
554.28	79.8957	494.882	0	180	-64.9349
554.219	79.8903	494.947	0	180	-65.0289
554.158	79.8849	495.011	0	180	-65.1228
554.097	79.8795	495.075	0	180	-65.2167
554.036	79.8741	495.139	0	180	-65.3107
553.975	79.8687	495.203	0	180	-65.4046
553.914	79.8632	495.268	0	180	-65.4986
553.853	79.8578	495.332	0	180	-65.5925
553.793	79.8524	495.396	0	180	-65.6865
553.732	79.847	495.46	0	180	-65.7804
553.671	79.8416	495.524	0	180	-65.8743
553.61	79.8362	495.588	0	180	-65.9683
553.549	79.8308	495.653	0	180	-66.0622
553.488	79.8254	495.717	0	180	-66.1562
553.427	79.82	495.781	0	180	-66.2501
553.366	79.8145	495.845	0	180	-66.3441
553.305	79.8091	495.909	0	180	-66.438
553.244	79.8037	495.973	0	180	-66.5319
553.183	79.7983	496.038	0	180	-66.6259
553.122	79.7929	496.102	0	180	-66.7198
553.061	79.7875	496.166	0	180	-66.8138
553	79.7821	496.23	0	180	-66.9077
552.94	79.7767	496.294	0	180	-67.0016
552.879	79.7713	496.358	0	180	-67.0956
552.818	79.7658	496.423	0	180	-67.1895
552.757	79.7604	496.487	0	180	-67.2835
552.696	79.755	496.551	0	180	-67.3774
552.635	79.7496	496.615	0	180	-67.4714
552.574	79.7442	496.679	0	180	-67.5653
552.513	79.7388	496.743	0	180	-67.6592
552.452	79.7334	496.808	0	180	-67.7532
552.391	79.728	496.872	0	180	-67.8471
552.33	79.7226	496.936	0	180	-67.9411
552.269	79.7171	497	0	180	-68.035
552.208	79.7117	497.064	0	180	-68.129
552.147	79.7063	497.128	0	180	-68.2229
552.087	79.7009	497.193	0	180	-68.3168
552.026	79.6955	497.257	0	180	-68.4108
551.965	79.6901	497.321	0	180	-68.5047
551.904	79.6847	497.385	0	180	-68.5987
551.843	79.6793	497.449	0	180	-68.6926
551.782	79.6739	497.514	0	180	-68.7866
551.721	79.6684	497.578	0	180	-68.8805
551.66	79.663	497.642	0	180	-68.9744
551.599	79.6576	497.706	0	180	-69.0684
551.538	79.6522	497.77	0	180	-69.1623
551.477	79.6468	497.834	0	180	-69.2563
551.416	79.6414	497.899	0	180	-69.3502
551.355	79.636	497.963	0	180	-69.4441
551.295	79.6306	498.027	0	180	-69.5381
551.234	79.6252	498.091	0	180	-69.632
551.173	79.6197	498.155	0	180	-69.726
551.112	79.6143	498.219	0	180	-69.8199
551.051	79.6089	498.284	0	180	-69.9139
550.99	79.6035	498.348	0	180	-70.0078
550.929	79.5981	498.412	0	180	-70.1017
550.868	79.5927	498.476	0	180	-70.1957
550.807	79.5873	498.54	0	180	-70.2896
550.746	79.5819	498.604	0	180	-70.3836
550.685	79.5765	498.669	0	180	-70.4775
550.624	79.571	498.733	0	180	-70.5715
550.563	79.5656	498.797	0	180	-70.6654
550.502	79.5602	498.861	0	180	-70.7593
550.442	79.5548	498.925	0	180	-70.8533
550.381	79.5494	498.989	0	180	-70.9472
550.32	79.544	499.054	0	180	-71.0412
550.259	79.5386	499.118	0	180	-71.1351
550.198	79.5332	499.182	0	180	-71.229
550.137	79.5278	499.246	0	180	-71.323
550.076	79.5223	499.31	0	180	-71.4169
550.015	79.5169	499.374	0	180	-71.5109
549.954	79.5115	499.439	0	180	-71.6048
549.893	79.5061	499.503	0	180	-71.6988
549.832	79.5007	499.567	0	180	-71.7927
549.771	79.4953	499.631	0	180	-71.8866
549.71	79.4899	499.695	0	180	-71.9806
549.649	79.4845	499.76	0	180	-72.0745
549.589	79.4791	499.824	0	180	-72.1685
549.528	79.4736	499.888	0	180	-72.2624
549.467	79.4682	499.952	0	180	-72.3564
549.406	79.4628	500.016	0	180	-72.4503
549.345	79.4574	500.08	0	180	-72.5442
549.284	79.452	500.145	0	180	-72.6382
549.223	79.4466	500.209	0	180	-72.7321
549.162	79.4412	500.273	0	180	-72.8261
549.101	79.4358	500.337	0	180	-72.92
549.04	79.4304	500.401	0	180	-73.014
548.979	79.4249	500.465	0	180	-73.1079
548.918	79.4195	500.53	0	180	-73.2018
548.857	79.4141	500.594	0	180	-73.2958
548.796	79.4087	500.658	0	180	-73.3897
548.736	79.4033	500.722	0	180	-73.4837
548.675	79.3979	500.786	0	180	-73.5776
548.614	79.3925	500.85	0	180	-73.6715
548.553	79.3871	500.915	0	180	-73.7655
548.492	79.3817	500.979	0	180	-73.8594
548.431	79.3762	501.043	0	180	-73.9534
548.37	79.3708	501.107	0	180	-74.0473
548.309	79.3654	501.171	0	180	-74.1413
548.248	79.36	501.235	0	180	-74.2352
548.187	79.3546	501.3	0	180	-74.3291
548.126	79.3492	501.364	0	180	-74.4231
548.065	79.3438	501.428	0	180	-74.517
548.004	79.3384	501.492	0	180	-74.611
547.943	79.333	501.556	0	180	-74.7049
547.883	79.3275	501.62	0	180	-74.7989
547.822	79.3221	501.685	0	180	-74.8928
547.761	79.3167	501.749	0	180	-74.9867
547.7	79.3113	501.813	0	180	-75.0807
547.639	79.3059	501.877	0	180	-75.1746
547.578	79.3005	501.941	0	180	-75.2686
547.517	79.2951	502.006	0	180	-75.3625
547.456	79.2897	502.07	0	180	-75.4564
547.395	79.2843	502.134	0	180	-75.5504
547.334	79.2788	502.198	0	180	-75.6443
547.273	79.2734	502.262	0	180	-75.7383
547.212	79.268	502.326	0	180	-75.8322
547.151	79.2626	502.391	0	180	-75.9262
547.09	79.2572	502.455	0	180	-76.0201
547.03	79.2518	502.519	0	180	-76.114
546.969	79.2464	502.583	0	180	-76.208
546.908	79.241	502.647	0	180	-76.3019
546.847	79.2356	502.711	0	180	-76.3959
546.786	79.2301	502.776	0	180	-76.4898
546.725	79.2247	502.84	0	180	-76.5838
546.664	79.2193	502.904	0	180	-76.6777
546.603	79.2139	502.968	0	180	-76.7716
546.542	79.2085	503.032	0	180	-76.8656
546.481	79.2031	503.096	0	180	-76.9595
546.42	79.1977	503.161	0	180	-77.0535
546.359	79.1923	503.225	0	180	-77.1474
546.298	79.1869	503.289	0	180	-77.2414
546.237	79.1815	503.353	0	180	-77.3353
546.177	79.176	503.417	0	180	-77.4292
546.116	79.1706	503.481	0	180	-77.5232
546.055	79.1652	503.546	0	180	-77.6171
545.994	79.1598	503.61	0	180	-77.7111
545.933	79.1544	503.674	0	180	-77.805
545.872	79.149	503.738	0	180	-77.8989
545.811	79.1436	503.802	0	180	-77.9929
545.75	79.1382	503.867	0	180	-78.0868
545.689	79.1328	503.931	0	180	-78.1808
545.628	79.1273	503.995	0	180	-78.2747
545.567	79.1219	504.059	0	180	-78.3687
545.506	79.1165	504.123	0	180	-78.4626
545.445	79.1111	504.187	0	180	-78.5565
545.384	79.1057	504.252	0	180	-78.6505
545.324	79.1003	504.316	0	180	-78.7444
545.263	79.0949	504.38	0	180	-78.8384
545.202	79.0895	504.444	0	180	-78.9323
545.141	79.0841	504.508	0	180	-79.0263
545.08	79.0786	504.572	0	180	-79.1202
545.019	79.0732	504.637	0	180	-79.2141
544.958	79.0678	504.701	0	180	-79.3081
544.897	79.0624	504.765	0	180	-79.402
544.836	79.057	504.829	0	180	-79.496
544.775	79.0516	504.893	0	180	-79.5899
544.714	79.0462	504.957	0	180	-79.6838
544.653	79.0408	505.022	0	180	-79.7778
544.592	79.0354	505.086	0	180	-79.8717
544.531	79.0299	505.15	0	180	-79.9657
544.471	79.0245	505.214	0	180	-80.0596
544.41	79.0191	505.278	0	180	-80.1536
544.349	79.0137	505.342	0	180	-80.2475
544.288	79.0083	505.407	0	180	-80.3414
544.227	79.0029	505.471	0	180	-80.4354
544.166	78.9975	505.535	0	180	-80.5293
544.105	78.9921	505.599	0	180	-80.6233
544.044	78.9867	505.663	0	180	-80.7172
543.983	78.9812	505.727	0	180	-80.8112
543.922	78.9758	505.792	0	180	-80.9051
543.861	78.9704	505.856	0	180	-80.999
543.8	78.965	505.92	0	180	-81.093
543.739	78.9596	505.984	0	180	-81.1869
543.678	78.9542	506.048	0	180	-81.2809
543.618	78.9488	506.113	0	180	-81.3748
543.557	78.9434	506.177	0	180	-81.4688
543.496	78.938	506.241	0	180	-81.5627
543.435	78.9325	506.305	0	180	-81.6566
543.374	78.9271	506.369	0	180	-81.7506
543.313	78.9217	506.433	0	180	-81.8445
543.252	78.9163	506.498	0	180	-81.9385
543.191	78.9109	506.562	0	180	-82.0324
543.13	78.9055	506.626	0	180	-82.1263
543.069	78.9001	506.69	0	180	-82.2203
543.008	78.8947	506.754	0	180	-82.3142
542.947	78.8893	506.818	0	180	-82.4082
542.886	78.8838	506.883	0	180	-82.5021
542.825	78.8784	506.947	0	180	-82.5961
542.765	78.873	507.011	0	180	-82.69
542.704	78.8676	507.075	0	180	-82.7839
542.643	78.8622	507.139	0	180	-82.8779
542.582	78.8568	507.203	0	180	-82.9718
542.521	78.8514	507.268	0	180	-83.0658
542.46	78.846	507.332	0	180	-83.1597
542.399	78.8406	507.396	0	180	-83.2537
542.338	78.8351	507.46	0	180	-83.3476
542.277	78.8297	507.524	0	180	-83.4415
542.216	78.8243	507.588	0	180	-83.5355
542.155	78.8189	507.653	0	180	-83.6294
542.094	78.8135	507.717	0	180	-83.7234
542.033	78.8081	507.781	0	180	-83.8173
541.973	78.8027	507.845	0	180	-83.9112
541.912	78.7973	507.909	0	180	-84.0052
541.851	78.7919	507.973	0	180	-84.0991
541.79	78.7864	508.038	0	180	-84.1931
541.729	78.781	508.102	0	180	-84.287
541.668	78.7756	508.166	0	180	-84.381
541.607	78.7702	508.23	0	180	-84.4749
541.546	78.7648	508.294	0	180	-84.5688
541.485	78.7594	508.359	0	180	-84.6628
541.424	78.754	508.423	0	180	-84.7567
541.363	78.7486	508.487	0	180	-84.8507
541.302	78.7432	508.551	0	180	-84.9446
541.241	78.7377	508.615	0	180	-85.0386
541.18	78.7323	508.679	0	180	-85.1325
541.12	78.7269	508.744	0	180	-85.2264
541.059	78.7215	508.808	0	180	-85.3204
540.998	78.7161	508.872	0	180	-85.4143
540.937	78.7107	508.936	0	180	-85.5083
540.876	78.7053	509	0	180	-85.6022
540.815	78.6999	509.064	0	180	-85.6962
540.754	78.6945	509.129	0	180	-85.7901
540.693	78.689	509.193	0	180	-85.884
540.632	78.6836	509.257	0	180	-85.978
540.571	78.6782	509.321	0	180	-86.0719
540.51	78.6728	509.385	0	180	-86.1659
540.449	78.6674	509.449	0	180	-86.2598
540.388	78.662	509.514	0	180	-86.3537
540.327	78.6566	509.578	0	180	-86.4477
540.267	78.6512	509.642	0	180	-86.5416
540.206	78.6458	509.706	0	180	-86.6356
540.145	78.6403	509.77	0	180	-86.7295
540.084	78.6349	509.834	0	180	-86.8235
540.023	78.6295	509.899	0	180	-86.9174
539.962	78.6241	509.963	0	180	-87.0113
539.901	78.6187	510.027	0	180	-87.1053
539.84	78.6133	510.091	0	180	-87.1992
539.779	78.6079	510.155	0	180	-87.2932
539.718	78.6025	510.219	0	180	-87.3871
539.657	78.5971	510.284	0	180	-87.4811
539.596	78.5916	510.348	0	180	-87.575
539.535	78.5862	510.412	0	180	-87.6689
539.474	78.5808	510.476	0	180	-87.7629
539.414	78.5754	510.54	0	180	-87.8568
539.353	78.57	510.605	0	180	-87.9508
539.292	78.5646	510.669	0	180	-88.0447
539.231	78.5592	510.733	0	180	-88.1387
539.17	78.5538	510.797	0	180	-88.2326
539.109	78.5484	510.861	0	180	-88.3265
539.048	78.5429	510.925	0	180	-88.4205
538.987	78.5375	510.99	0	180	-88.5144
538.926	78.5321	511.054	0	180	-88.6084
538.865	78.5267	511.118	0	180	-88.7023
538.804	78.5213	511.182	0	180	-88.7962
538.743	78.5159	511.246	0	180	-88.8902
538.682	78.5105	511.31	0	180	-88.9841
538.621	78.5051	511.375	0	180	-89.0781
538.561	78.4997	511.439	0	180	-89.172
538.5	78.4943	511.503	0	180	-89.266
538.439	78.4888	511.567	0	180	-89.3599
538.378	78.4834	511.631	0	180	-89.4538
538.317	78.478	511.695	0	180	-89.5478
538.256	78.4726	511.76	0	180	-89.6417
538.195	78.4672	511.824	0	180	-89.7357
538.134	78.4618	511.888	0	180	-89.8296
538.073	78.4564	511.952	0	180	-89.9236
538.012	78.451	512.016	0	180	-90.0175
537.951	78.4456	512.08	0	180	-90.1114
537.89	78.4401	512.145	0	180	-90.2054
537.829	78.4347	512.209	0	180	-90.2993
537.768	78.4293	512.273	0	180	-90.3933
537.708	78.4239	512.337	0	180	-90.4872
537.647	78.4185	512.4	0	180	-90.5811
537.586	78.4131	512.462	0	180	-90.6751
537.525	78.4077	512.524	0	180	-90.769
537.464	78.4023	512.584	0	180	-90.863
537.403	78.3969	512.643	0	180	-90.9569
537.342	78.3914	512.701	0	180	-91.0509
537.281	78.386	512.758	0	180	-91.1448
537.22	78.3806	512.814	0	180	-91.2387
537.159	78.3752	512.87	0	180	-91.3327
537.098	78.3698	512.924	0	180	-91.4266
537.037	78.3644	512.977	0	180	-91.5206
536.976	78.359	513.029	0	180	-91.6145
536.915	78.3536	513.08	0	180	-91.7085
536.855	78.3482	513.13	0	180	-91.8024
536.794	78.3427	513.18	0	180	-91.8963
536.733	78.3373	513.228	0	180	-91.9903
536.672	78.3319	513.275	0	180	-92.0842
536.611	78.3265	513.321	0	180	-92.1782
536.55	78.3211	513.366	0	180	-92.2721
536.489	78.3157	513.41	0	180	-92.3661
536.428	78.3103	513.454	0	180	-92.46
536.367	78.3049	513.496	0	180	-92.5539
536.306	78.2995	513.537	0	180	-92.6479
536.245	78.294	513.577	0	180	-92.7418
536.184	78.2886	513.616	0	180	-92.8358
536.123	78.2832	513.655	0	180	-92.9297
536.062	78.2778	513.692	0	180	-93.0236
536.002	78.2724	513.728	0	180	-93.1176
535.941	78.267	513.763	0	180	-93.2115
535.88	78.2616	513.797	0	180	-93.3055
535.819	78.2562	513.83	0	180	-93.3994
535.758	78.2508	513.863	0	180	-93.4934
535.697	78.2453	513.894	0	180	-93.5873
535.636	78.2399	513.924	0	180	-93.6812
535.575	78.2345	513.953	0	180	-93.7752
535.514	78.2291	513.981	0	180	-93.8691
535.453	78.2237	514.008	0	180	-93.9631
535.392	78.2183	514.035	0	180	-94.057
535.331	78.2129	514.06	0	180	-94.151
535.27	78.2075	514.084	0	180	-94.2449
535.209	78.2021	514.107	0	180	-94.3388
535.149	78.1966	514.129	0	180	-94.4328
535.088	78.1912	514.15	0	180	-94.5267
535.027	78.1858	514.171	0	180	-94.6207
534.966	78.1804	514.19	0	180	-94.7146
534.905	78.175	514.208	0	180	-94.8085
534.844	78.1696	514.225	0	180	-94.9025
534.783	78.1642	514.241	0	180	-94.9964
534.722	78.1588	514.256	0	180	-95.0904
534.661	78.1534	514.271	0	180	-95.1843
534.6	78.1479	514.284	0	180	-95.2783
534.539	78.1425	514.296	0	180	-95.3722
534.478	78.1371	514.307	0	180	-95.4661
534.417	78.1317	514.317	0	180	-95.5601
534.356	78.1263	514.326	0	180	-95.654
534.296	78.1209	514.335	0	180	-95.748
534.235	78.1155	514.342	0	180	-95.8419
534.174	78.1101	514.348	0	180	-95.9359
534.113	78.1047	514.353	0	180	-96.0298
534.052	78.0992	514.357	0	180	-96.1237
533.991	78.0938	514.361	0	180	-96.2177
533.93	78.0884	514.363	0	180	-96.3116
533.869	78.083	514.364	0	180	-96.4056
533.808	78.0776	514.364	0	180	-96.4995
533.747	78.0722	514.363	0	180	-96.5935
533.686	78.0668	514.361	0	180	-96.6874
533.625	78.0614	514.359	0	180	-96.7813
533.564	78.056	514.355	0	180	-96.8753
533.503	78.0505	514.35	0	180	-96.9692
533.443	78.0451	514.344	0	180	-97.0632
533.382	78.0397	514.337	0	180	-97.1571
533.321	78.0343	514.329	0	180	-97.251
533.26	78.0289	514.321	0	180	-97.345
533.199	78.0235	514.311	0	180	-97.4389
533.138	78.0181	514.3	0	180	-97.5329
533.077	78.0127	514.288	0	180	-97.6268
533.016	78.0073	514.275	0	180	-97.7208
532.955	78.0018	514.261	0	180	-97.8147
532.894	77.9964	514.247	0	180	-97.9086
532.833	77.991	514.231	0	180	-98.0026
532.772	77.9856	514.214	0	180	-98.0965
532.711	77.9802	514.196	0	180	-98.1905
532.651	77.9748	514.177	0	180	-98.2844
532.59	77.9694	514.157	0	180	-98.3784
532.529	77.964	514.137	0	180	-98.4723
532.468	77.9586	514.115	0	180	-98.5662
532.407	77.9531	514.092	0	180	-98.6602
532.346	77.9477	514.068	0	180	-98.7541
532.285	77.9423	514.043	0	180	-98.8481
532.224	77.9369	514.018	0	180	-98.942
532.163	77.9315	513.991	0	180	-99.0359
532.102	77.9261	513.963	0	180	-99.1299
532.041	77.9207	513.934	0	180	-99.2238
531.98	77.9153	513.904	0	180	-99.3178
531.919	77.9099	513.873	0	180	-99.4117
531.858	77.9044	513.842	0	180	-99.5057
531.798	77.899	513.809	0	180	-99.5996
531.737	77.8936	513.775	0	180	-99.6935
531.676	77.8882	513.74	0	180	-99.7875
531.615	77.8828	513.704	0	180	-99.8814
531.554	77.8774	513.667	0	180	-99.9754
531.493	77.872	513.63	0	180	-100.069
531.432	77.8666	513.591	0	180	-100.163
531.371	77.8612	513.551	0	180	-100.257
531.31	77.8557	513.51	0	180	-100.351
531.249	77.8503	513.468	0	180	-100.445
531.188	77.8449	513.425	0	180	-100.539
531.127	77.8395	513.382	0	180	-100.633
531.066	77.8341	513.337	0	180	-100.727
531.005	77.8287	513.291	0	180	-100.821
530.945	77.8233	513.244	0	180	-100.915
530.883	77.8179	513.196	0	180	-101.009
530.82	77.8125	513.147	0	180	-101.102
530.757	77.807	513.098	0	180	-101.194
530.692	77.8016	513.047	0	180	-101.286
530.627	77.7962	512.995	0	180	-101.376
530.56	77.7908	512.942	0	180	-101.465
530.493	77.7854	512.888	0	180	-101.554
530.424	77.78	512.833	0	180	-101.641
530.355	77.7739	512.778	0	180	-101.727
530.284	77.7674	512.721	0	180	-101.813
530.213	77.7609	512.663	0	180	-101.897
530.14	77.7544	512.604	0	180	-101.98
530.067	77.7479	512.544	0	180	-102.063
529.992	77.7413	512.484	0	180	-102.144
529.917	77.7348	512.422	0	180	-102.224
529.84	77.7283	512.359	0	180	-102.304
529.763	77.7218	512.295	0	180	-102.383
529.685	77.7153	512.23	0	180	-102.461
529.607	77.7087	512.164	0	180	-102.54
529.529	77.7022	512.098	0	180	-102.619
529.451	77.6957	512.03	0	180	-102.698
529.373	77.6892	511.961	0	180	-102.777
529.295	77.6827	511.891	0	180	-102.856
529.217	77.6762	511.82	0	180	-102.935
529.139	77.6696	511.748	0	180	-103.014
529.061	77.6631	511.676	0	180	-103.093
528.983	77.6566	511.602	0	180	-103.171
528.905	77.6501	511.527	0	180	-103.25
528.827	77.6436	511.451	0	180	-103.329
528.749	77.637	511.374	0	180	-103.408
528.671	77.6305	511.296	0	180	-103.487
528.593	77.624	511.218	0	180	-103.566
528.516	77.6175	511.138	0	180	-103.645
528.438	77.611	511.057	0	180	-103.724
528.36	77.6045	510.975	0	180	-103.803
528.282	77.5979	510.892	0	180	-103.881
528.204	77.5914	510.808	0	180	-103.96
528.126	77.5849	510.724	0	180	-104.039
528.048	77.5784	510.638	0	180	-104.118
527.97	77.5719	510.551	0	180	-104.197
527.892	77.5653	510.463	0	180	-104.276
527.814	77.5588	510.374	0	180	-104.355
527.736	77.5523	510.285	0	180	-104.434
527.658	77.5458	510.194	0	180	-104.513
527.58	77.5393	510.102	0	180	-104.591
527.502	77.5328	510.009	0	180	-104.67
527.424	77.5262	509.915	0	180	-104.749
527.346	77.5197	509.82	0	180	-104.828
527.268	77.5132	509.725	0	180	-104.907
527.19	77.5067	509.628	0	180	-104.986
527.113	77.5002	509.53	0	180	-105.065
527.035	77.4936	509.431	0	180	-105.144
526.957	77.4871	509.331	0	180	-105.223
526.879	77.4806	509.23	0	180	-105.301
526.801	77.4741	509.129	0	180	-105.38
526.723	77.4676	509.026	0	180	-105.459
526.645	77.4611	508.922	0	180	-105.538
526.567	77.4545	508.817	0	180	-105.617
526.489	77.448	508.711	0	180	-105.696
526.411	77.4415	508.604	0	180	-105.775
526.333	77.435	508.497	0	180	-105.854
526.255	77.4285	508.388	0	180	-105.933
526.177	77.4219	508.278	0	180	-106.011
526.099	77.4154	508.167	0	180	-106.09
526.021	77.4089	508.055	0	180	-106.169
525.943	77.4024	507.942	0	180	-106.248
525.865	77.3959	507.829	0	180	-106.327
525.788	77.3894	507.714	0	180	-106.406
525.71	77.3828	507.598	0	180	-106.485
525.632	77.3763	507.481	0	180	-106.564
525.554	77.3698	507.363	0	180	-106.643
525.476	77.3633	507.245	0	180	-106.721
525.398	77.3568	507.125	0	180	-106.8
525.32	77.3502	507.004	0	180	-106.879
525.242	77.3437	506.882	0	180	-106.958
525.164	77.3372	506.759	0	180	-107.037
525.086	77.3307	506.635	0	180	-107.116
525.008	77.3242	506.511	0	180	-107.195
524.93	77.3177	506.385	0	180	-107.274
524.852	77.3111	506.258	0	180	-107.353
524.774	77.3046	506.13	0	180	-107.431
524.696	77.2981	506.001	0	180	-107.51
524.618	77.2916	505.871	0	180	-107.589
524.54	77.2851	505.741	0	180	-107.668
524.463	77.2785	505.609	0	180	-107.747
524.385	77.272	505.476	0	180	-107.826
524.307	77.2655	505.342	0	180	-107.905
524.229	77.259	505.207	0	180	-107.984
524.151	77.2525	505.071	0	180	-108.063
524.073	77.246	504.935	0	180	-108.141
523.995	77.2394	504.797	0	180	-108.22
523.917	77.2329	504.658	0	180	-108.299
523.839	77.2264	504.518	0	180	-108.378
523.761	77.2199	504.377	0	180	-108.457
523.683	77.2134	504.235	0	180	-108.536
523.605	77.2068	504.093	0	180	-108.615
523.527	77.2003	503.949	0	180	-108.694
523.449	77.1938	503.804	0	180	-108.773
523.371	77.1873	503.658	0	180	-108.851
523.293	77.1808	503.511	0	180	-108.93
523.215	77.1743	503.363	0	180	-109.009
523.137	77.1677	503.215	0	180	-109.088
523.06	77.1612	503.065	0	180	-109.167
522.982	77.1547	502.914	0	180	-109.246
522.904	77.1482	502.762	0	180	-109.325
522.826	77.1417	502.609	0	180	-109.404
522.748	77.1351	502.456	0	180	-109.483
522.67	77.1286	502.301	0	180	-109.561
522.592	77.1221	502.145	0	180	-109.64
522.514	77.1156	501.988	0	180	-109.719
522.436	77.1091	501.83	0	180	-109.798
522.358	77.1026	501.671	0	180	-109.877
522.28	77.096	501.512	0	180	-109.956
522.202	77.0895	501.351	0	180	-110.035
522.124	77.083	501.189	0	180	-110.114
522.046	77.0765	501.026	0	180	-110.193
521.968	77.07	500.862	0	180	-110.271
521.89	77.0634	500.697	0	180	-110.35
521.812	77.0569	500.532	0	180	-110.429
521.735	77.0504	500.365	0	180	-110.508
521.657	77.0439	500.197	0	180	-110.587
521.579	77.0374	500.028	0	180	-110.666
521.501	77.0309	499.858	0	180	-110.745
521.423	77.0243	499.687	0	180	-110.824
521.345	77.0178	499.516	0	180	-110.903
521.267	77.0113	499.343	0	180	-110.981
521.189	77.0048	499.169	0	180	-111.06
521.111	76.9983	498.994	0	180	-111.139
521.033	76.9917	498.819	0	180	-111.218
520.955	76.9852	498.643	0	180	-111.297
520.877	76.9787	498.467	0	180	-111.376
520.799	76.9722	498.292	0	180	-111.455
520.721	76.9657	498.116	0	180	-111.534
520.643	76.9592	497.94	0	180	-111.613
520.565	76.9526	497.765	0	180	-111.691
520.487	76.9461	497.589	0	180	-111.77
520.409	76.9396	497.413	0	180	-111.849
520.332	76.9331	497.238	0	180	-111.928
520.254	76.9266	497.062	0	180	-112.007
520.176	76.92	496.886	0	180	-112.086
520.098	76.9135	496.711	0	180	-112.165
520.02	76.907	496.535	0	180	-112.244
519.942	76.9005	496.359	0	180	-112.323
519.864	76.894	496.184	0	180	-112.401
519.786	76.8875	496.008	0	180	-112.48
519.708	76.8809	495.832	0	180	-112.559
519.63	76.8744	495.657	0	180	-112.638
519.552	76.8679	495.481	0	180	-112.717
519.474	76.8614	495.306	0	180	-112.796
519.396	76.8549	495.13	0	180	-112.875
519.318	76.8483	494.954	0	180	-112.954
519.24	76.8418	494.779	0	180	-113.033
519.162	76.8353	494.603	0	180	-113.111
519.084	76.8288	494.427	0	180	-113.19
519.007	76.8223	494.252	0	180	-113.269
518.929	76.8158	494.076	0	180	-113.348
518.851	76.8092	493.9	0	180	-113.427
518.773	76.8027	493.725	0	180	-113.506
518.695	76.7962	493.549	0	180	-113.585
518.617	76.7897	493.373	0	180	-113.664
518.539	76.7832	493.198	0	180	-113.743
518.461	76.7766	493.022	0	180	-113.821
518.383	76.7701	492.846	0	180	-113.9
518.305	76.7636	492.671	0	180	-113.979
518.227	76.7571	492.495	0	180	-114.058
518.149	76.7506	492.319	0	180	-114.137
518.071	76.744	492.144	0	180	-114.216
517.993	76.7375	491.968	0	180	-114.295
517.915	76.731	491.792	0	180	-114.374
517.837	76.7245	491.617	0	180	-114.453
517.759	76.718	491.441	0	180	-114.531
517.681	76.7115	491.266	0	180	-114.61
517.604	76.7049	491.09	0	180	-114.689
517.526	76.6984	490.914	0	180	-114.768
517.448	76.6919	490.739	0	180	-114.847
517.37	76.6854	490.563	0	180	-114.926
517.292	76.6789	490.387	0	180	-115.005
517.214	76.6723	490.212	0	180	-115.084
517.136	76.6658	490.036	0	180	-115.163
517.058	76.6593	489.86	0	180	-115.241
516.98	76.6528	489.685	0	180	-115.32
516.902	76.6463	489.509	0	180	-115.399
516.824	76.6398	489.333	0	180	-115.478
516.746	76.6332	489.158	0	180	-115.557
516.668	76.6267	488.982	0	180	-115.636
516.59	76.6202	488.806	0	180	-115.715
516.512	76.6137	488.631	0	180	-115.794
516.434	76.6072	488.455	0	180	-115.873
516.356	76.6006	488.279	0	180	-115.951
516.279	76.5941	488.104	0	180	-116.03
516.201	76.5876	487.928	0	180	-116.109
516.123	76.5811	487.753	0	180	-116.188
516.045	76.5746	487.577	0	180	-116.267
515.967	76.5681	487.401	0	180	-116.346
515.889	76.5615	487.226	0	180	-116.425
515.811	76.555	487.05	0	180	-116.504
515.733	76.5485	486.874	0	180	-116.583
515.655	76.542	486.699	0	180	-116.661
515.577	76.5355	486.523	0	180	-116.74
515.499	76.5289	486.347	0	180	-116.819
515.421	76.5224	486.172	0	180	-116.898
515.343	76.5159	485.996	0	180	-116.977
515.265	76.5094	485.82	0	180	-117.056
515.187	76.5029	485.645	0	180	-117.135
515.109	76.4964	485.469	0	180	-117.214
515.031	76.4898	485.293	0	180	-117.293
514.953	76.4833	485.118	0	180	-117.371
514.876	76.4768	484.942	0	180	-117.45
514.798	76.4703	484.766	0	180	-117.529
514.72	76.4638	484.591	0	180	-117.608
514.642	76.4572	484.415	0	180	-117.687
514.564	76.4507	484.239	0	180	-117.766
514.486	76.4442	484.064	0	180	-117.845
514.408	76.4377	483.888	0	180	-117.924
514.33	76.4312	483.713	0	180	-118.003
514.252	76.4247	483.537	0	180	-118.081
514.174	76.4181	483.361	0	180	-118.16
514.096	76.4116	483.186	0	180	-118.239
514.018	76.4051	483.01	0	180	-118.318
513.94	76.3986	482.834	0	180	-118.397
513.862	76.3921	482.659	0	180	-118.476
513.784	76.3855	482.483	0	180	-118.555
513.706	76.379	482.307	0	180	-118.634
513.628	76.3725	482.132	0	180	-118.713
513.551	76.366	481.956	0	180	-118.792
513.473	76.3595	481.78	0	180	-118.87
513.395	76.353	481.605	0	180	-118.949
513.317	76.3464	481.429	0	180	-119.028
513.239	76.3399	481.253	0	180	-119.107
513.161	76.3334	481.078	0	180	-119.186
513.083	76.3269	480.902	0	180	-119.265
513.005	76.3204	480.726	0	180	-119.344
512.927	76.3138	480.551	0	180	-119.423
512.849	76.3073	480.375	0	180	-119.502
512.771	76.3008	480.2	0	180	-119.58
512.693	76.2943	480.024	0	180	-119.659
512.615	76.2878	479.848	0	180	-119.738
512.537	76.2813	479.673	0	180	-119.817
512.459	76.2747	479.497	0	180	-119.896
512.381	76.2682	479.321	0	180	-119.975
512.303	76.2617	479.146	0	180	-120.054
512.225	76.2552	478.97	0	180	-120.133
512.148	76.2487	478.794	0	180	-120.212
512.07	76.2421	478.619	0	180	-120.29
511.992	76.2356	478.443	0	180	-120.369
511.914	76.2291	478.267	0	180	-120.448
511.836	76.2226	478.092	0	180	-120.527
511.758	76.2161	477.916	0	180	-120.606
511.68	76.2096	477.74	0	180	-120.685
511.602	76.203	477.565	0	180	-120.764
511.524	76.1965	477.389	0	180	-120.843
511.446	76.19	477.213	0	180	-120.922
511.368	76.1835	477.038	0	180	-121
511.29	76.177	476.862	0	180	-121.079
511.212	76.1704	476.686	0	180	-121.158
511.134	76.1639	476.511	0	180	-121.237
511.056	76.1574	476.335	0	180	-121.316
510.978	76.1509	476.16	0	180	-121.395
510.9	76.1444	475.984	0	180	-121.474
510.823	76.1379	475.808	0	180	-121.553
510.745	76.1313	475.633	0	180	-121.632
510.667	76.1248	475.457	0	180	-121.71
510.589	76.1183	475.282	0	180	-121.789
510.511	76.1118	475.107	0	180	-121.868
510.433	76.1053	474.934	0	180	-121.947
510.355	76.0987	474.762	0	180	-122.026
510.277	76.0922	474.59	0	180	-122.105
510.199	76.0857	474.42	0	180	-122.184
510.121	76.0792	474.251	0	180	-122.263
510.043	76.0727	474.082	0	180	-122.342
509.965	76.0662	473.915	0	180	-122.42
509.887	76.0596	473.749	0	180	-122.499
509.809	76.0531	473.583	0	180	-122.578
509.731	76.0466	473.419	0	180	-122.657
509.653	76.0401	473.256	0	180	-122.736
509.575	76.0336	473.093	0	180	-122.815
509.497	76.027	472.932	0	180	-122.894
509.42	76.0205	472.772	0	180	-122.973
509.342	76.014	472.612	0	180	-123.052
509.264	76.0075	472.454	0	180	-123.13
509.186	76.001	472.297	0	180	-123.209
509.108	75.9945	472.14	0	180	-123.288
509.03	75.9879	471.985	0	180	-123.367
508.952	75.9814	471.831	0	180	-123.446
508.874	75.9749	471.678	0	180	-123.525
508.796	75.9684	471.525	0	180	-123.604
508.718	75.9619	471.374	0	180	-123.683
508.64	75.9553	471.224	0	180	-123.762
508.562	75.9488	471.074	0	180	-123.84
508.484	75.9423	470.926	0	180	-123.919
508.406	75.9358	470.779	0	180	-123.998
508.328	75.9293	470.632	0	180	-124.077
508.25	75.9228	470.487	0	180	-124.156
508.172	75.9162	470.343	0	180	-124.235
508.095	75.9097	470.199	0	180	-124.314
508.017	75.9032	470.057	0	180	-124.393
507.939	75.8967	469.916	0	180	-124.472
507.861	75.8902	469.775	0	180	-124.55
507.783	75.8836	469.636	0	180	-124.629
507.705	75.8771	469.498	0	180	-124.708
507.627	75.8706	469.36	0	180	-124.787
507.549	75.8641	469.224	0	180	-124.866
507.471	75.8576	469.089	0	180	-124.945
507.393	75.8511	468.954	0	180	-125.024
507.315	75.8445	468.821	0	180	-125.103
507.237	75.838	468.689	0	180	-125.182
507.159	75.8315	468.557	0	180	-125.26
507.081	75.825	468.427	0	180	-125.339
507.003	75.8185	468.298	0	180	-125.418
506.925	75.8119	468.169	0	180	-125.497
506.847	75.8054	468.042	0	180	-125.576
506.769	75.7989	467.916	0	180	-125.655
506.692	75.7924	467.79	0	180	-125.734
506.614	75.7859	467.666	0	180	-125.813
506.536	75.7793	467.543	0	180	-125.892
506.458	75.7728	467.42	0	180	-125.97
506.38	75.7663	467.299	0	180	-126.049
506.302	75.7598	467.179	0	180	-126.128
506.224	75.7533	467.06	0	180	-126.207
506.146	75.7468	466.941	0	180	-126.286
506.068	75.7402	466.824	0	180	-126.365
505.99	75.7337	466.708	0	180	-126.444
505.912	75.7272	466.592	0	180	-126.523
505.834	75.7207	466.478	0	180	-126.602
505.756	75.7142	466.365	0	180	-126.68
505.678	75.7076	466.252	0	180	-126.759
505.6	75.7011	466.141	0	180	-126.838
505.522	75.6946	466.031	0	180	-126.917
505.444	75.6881	465.921	0	180	-126.996
505.367	75.6816	465.813	0	180	-127.075
505.289	75.6751	465.706	0	180	-127.154
505.211	75.6685	465.599	0	180	-127.233
505.133	75.662	465.494	0	180	-127.312
505.055	75.6555	465.39	0	180	-127.39
504.977	75.649	465.286	0	180	-127.469
504.899	75.6425	465.184	0	180	-127.548
504.821	75.6359	465.083	0	180	-127.627
504.743	75.6294	464.982	0	180	-127.706
504.665	75.6229	464.883	0	180	-127.785
504.587	75.6164	464.785	0	180	-127.864
504.509	75.6099	464.687	0	180	-127.943
504.431	75.6034	464.591	0	180	-128.022
504.353	75.5968	464.496	0	180	-128.1
504.275	75.5903	464.401	0	180	-128.179
504.197	75.5838	464.308	0	180	-128.258
504.119	75.5773	464.216	0	180	-128.337
504.041	75.5708	464.124	0	180	-128.416
503.964	75.5642	464.034	0	180	-128.495
503.886	75.5577	463.945	0	180	-128.574
503.808	75.5512	463.856	0	180	-128.653
503.73	75.5447	463.769	0	180	-128.732
503.652	75.5382	463.683	0	180	-128.81
503.574	75.5317	463.598	0	180	-128.889
503.496	75.5251	463.513	0	180	-128.968
503.418	75.5186	463.43	0	180	-129.047
503.34	75.5121	463.348	0	180	-129.126
503.262	75.5056	463.266	0	180	-129.205
503.184	75.4991	463.186	0	180	-129.284
503.106	75.4925	463.107	0	180	-129.363
503.028	75.486	463.028	0	180	-129.441
502.951	75.4795	462.951	0	180	-129.518
502.875	75.473	462.875	0	180	-129.595
502.799	75.4665	462.799	0	180	-129.67
502.725	75.46	462.725	0	180	-129.744
502.652	75.4534	462.652	0	180	-129.818
502.579	75.4469	462.579	0	180	-129.89
502.508	75.4404	462.508	0	180	-129.961
502.438	75.4339	462.438	0	180	-130.032
502.368	75.4274	462.368	0	180	-130.101
502.3	75.4208	462.3	0	180	-130.169
502.233	75.4143	462.233	0	180	-130.237
502.166	75.4078	462.166	0	180	-130.303
502.101	75.4013	462.101	0	180	-130.368
502.037	75.3948	462.037	0	180	-130.433
501.973	75.3883	461.973	0	180	-130.496
501.911	75.3817	461.911	0	180	-130.558
501.85	75.3752	461.85	0	180	-130.619
501.789	75.3687	461.789	0	180	-130.68
501.73	75.3622	461.73	0	180	-130.739
501.672	75.3557	461.672	0	180	-130.797
501.614	75.3491	461.614	0	180	-130.855
501.558	75.3426	461.558	0	180	-130.911
501.503	75.3361	461.503	0	180	-130.966
501.448	75.3296	461.448	0	180	-131.021
501.395	75.3231	461.395	0	180	-131.074
501.343	75.3166	461.343	0	180	-131.126
501.292	75.31	461.292	0	180	-131.178
501.241	75.3035	461.241	0	180	-131.228
501.192	75.297	461.192	0	180	-131.277
501.144	75.2905	461.144	0	180	-131.326
501.096	75.284	461.096	0	180	-131.373
501.05	75.2774	461.05	0	180	-131.419
501.005	75.2709	461.005	0	180	-131.465
500.96	75.2644	460.96	0	180	-131.509
500.917	75.2579	460.917	0	180	-131.552
500.875	75.2514	460.875	0	180	-131.595
500.833	75.2449	460.833	0	180	-131.636
500.793	75.2383	460.793	0	180	-131.676
500.754	75.2318	460.754	0	180	-131.716
500.715	75.2253	460.715	0	180	-131.754
500.678	75.2188	460.678	0	180	-131.791
500.642	75.2123	460.642	0	180	-131.828
500.606	75.2057	460.606	0	180	-131.863
500.572	75.1992	460.572	0	180	-131.897
500.539	75.1927	460.539	0	180	-131.931
500.506	75.1862	460.506	0	180	-131.963
500.475	75.1797	460.475	0	180	-131.994
500.445	75.1732	460.445	0	180	-132.025
500.415	75.1666	460.415	0	180	-132.054
500.387	75.1601	460.387	0	180	-132.082
500.36	75.1536	460.36	0	180	-132.109
500.333	75.1471	460.333	0	180	-132.136
500.308	75.1406	460.308	0	180	-132.161
500.284	75.134	460.284	0	180	-132.185
500.26	75.1275	460.26	0	180	-132.209
500.238	75.121	460.238	0	180	-132.231
500.217	75.1145	460.217	0	180	-132.252
500.196	75.108	460.196	0	180	-132.273
500.177	75.1015	460.177	0	180	-132.292
500.159	75.0949	460.159	0	180	-132.31
500.142	75.0884	460.142	0	180	-132.328
500.125	75.0819	460.125	0	180	-132.344
500.11	75.0754	460.11	0	180	-132.359
500.096	75.0689	460.096	0	180	-132.374
500.082	75.0623	460.082	0	180	-132.387
500.07	75.0558	460.07	0	180	-132.399
500.059	75.0493	460.059	0	180	-132.411
500.048	75.0428	460.048	0	180	-132.421
500.039	75.0363	460.039	0	180	-132.43
500.031	75.0298	460.031	0	180	-132.439
500.023	75.0232	460.023	0	180	-132.446
500.017	75.017	460.017	0	180	-132.452
500.012	75.0116	460.012	0	180	-132.458
500.007	75.0073	460.007	0	180	-132.462
500.004	75.004	460.004	0	180	-132.465
500.002	75.0017	460.002	0	180	-132.468
500	75.0003	460	0	180	-132.469
