8.53072 28.4074 111.216 -7.03104e-07 40.3761 -132.47
8.53058 28.4071 111.217 -7.03091e-07 40.3762 -132.471
8.53034 28.4066 111.217 -7.0307e-07 40.3763 -132.473
8.53 28.4059 111.218 -7.0304e-07 40.3765 -132.475
8.52956 28.405 111.218 -7.03e-07 40.3767 -132.477
8.52901 28.404 111.219 -7.02949e-07 40.3771 -132.478
8.52834 28.403 111.219 -7.02888e-07 40.3776 -132.48
8.52756 28.4018 111.22 -7.02816e-07 40.3782 -132.482
8.52667 28.4004 111.221 -7.02733e-07 40.3789 -132.484
8.52567 28.399 111.221 -7.02639e-07 40.3797 -132.485
8.52455 28.3975 111.222 -7.02534e-07 40.3806 -132.487
8.52333 28.3958 111.223 -7.02419e-07 40.3817 -132.489
8.52199 28.394 111.223 -7.02293e-07 40.3828 -132.491
8.52054 28.3921 111.224 -7.02156e-07 40.384 -132.492
8.51897 28.3901 111.225 -7.02009e-07 40.3854 -132.494
8.5173 28.3879 111.225 -7.01851e-07 40.3869 -132.496
8.51551 28.3857 111.226 -7.01681e-07 40.3885 -132.498
8.51361 28.3833 111.227 -7.01502e-07 40.3902 -132.5
8.5116 28.3808 111.227 -7.01311e-07 40.392 -132.501
8.50947 28.3782 111.228 -7.0111e-07 40.3939 -132.503
8.50724 28.3755 111.229 -7.00898e-07 40.3959 -132.505
8.50489 28.3726 111.229 -7.00675e-07 40.3981 -132.507
8.50243 28.3697 111.23 -7.00441e-07 40.4003 -132.508
8.49986 28.3666 111.231 -7.00197e-07 40.4027 -132.51
8.49717 28.3634 111.231 -6.99942e-07 40.4052 -132.512
8.49438 28.3601 111.232 -6.99676e-07 40.4077 -132.514
8.49147 28.3567 111.233 -6.994e-07 40.4104 -132.515
8.48844 28.3531 111.234 -6.99113e-07 40.4132 -132.517
8.48531 28.3495 111.234 -6.98815e-07 40.4162 -132.519
8.48207 28.3457 111.235 -6.98506e-07 40.4192 -132.521
8.47871 28.3418 111.236 -6.98186e-07 40.4223 -132.522
8.47524 28.3378 111.237 -6.97856e-07 40.4256 -132.524
8.47165 28.3337 111.237 -6.97515e-07 40.4289 -132.526
8.46796 28.3294 111.238 -6.97164e-07 40.4324 -132.528
8.46415 28.3251 111.239 -6.96802e-07 40.436 -132.53
8.46023 28.3206 111.24 -6.96429e-07 40.4397 -132.531
8.4562 28.316 111.241 -6.96045e-07 40.4435 -132.533
8.45206 28.3113 111.241 -6.95651e-07 40.4474 -132.535
8.4478 28.3065 111.242 -6.95245e-07 40.4514 -132.537
8.44343 28.3015 111.243 -6.9483e-07 40.4556 -132.538
8.43895 28.2964 111.244 -6.94403e-07 40.4598 -132.54
8.43436 28.2913 111.245 -6.93966e-07 40.4642 -132.542
8.42965 28.286 111.245 -6.93518e-07 40.4687 -132.544
8.42485 28.2806 111.246 -6.93061e-07 40.4732 -132.545
8.42002 28.2751 111.247 -6.926e-07 40.4779 -132.547
8.41519 28.2694 111.248 -6.92137e-07 40.4828 -132.549
8.41037 28.2637 111.249 -6.91673e-07 40.4877 -132.551
8.40554 28.2579 111.249 -6.91208e-07 40.4928 -132.553
8.40071 28.252 111.25 -6.9074e-07 40.498 -132.554
8.39589 28.2459 111.251 -6.90271e-07 40.5033 -132.556
8.39106 28.2398 111.251 -6.89801e-07 40.5087 -132.558
8.38623 28.2336 111.252 -6.89329e-07 40.5143 -132.56
8.38141 28.2272 111.253 -6.88855e-07 40.5199 -132.561
8.37658 28.2208 111.253 -6.88379e-07 40.5257 -132.563
8.37175 28.2142 111.254 -6.87902e-07 40.5316 -132.565
8.36692 28.2076 111.255 -6.87424e-07 40.5377 -132.567
8.36209 28.2008 111.255 -6.86944e-07 40.5438 -132.568
8.35726 28.194 111.256 -6.86462e-07 40.5501 -132.57
8.35244 28.187 111.256 -6.85979e-07 40.5565 -132.572
8.34761 28.1801 111.257 -6.85496e-07 40.5629 -132.574
8.34278 28.1732 111.258 -6.85013e-07 40.5692 -132.576
8.33795 28.1662 111.258 -6.84531e-07 40.5756 -132.577
8.33312 28.1593 111.259 -6.84048e-07 40.582 -132.579
8.32829 28.1524 111.259 -6.83566e-07 40.5884 -132.581
8.32346 28.1454 111.26 -6.83083e-07 40.5947 -132.583
8.31863 28.1385 111.26 -6.82601e-07 40.6011 -132.584
8.3138 28.1316 111.261 -6.82119e-07 40.6075 -132.586
8.30897 28.1247 111.261 -6.81637e-07 40.6139 -132.588
8.30414 28.1177 111.262 -6.81155e-07 40.6202 -132.59
8.29931 28.1108 111.263 -6.80673e-07 40.6266 -132.591
8.29448 28.1039 111.263 -6.80191e-07 40.633 -132.593
8.28964 28.0969 111.264 -6.79709e-07 40.6394 -132.595
8.28481 28.09 111.264 -6.79228e-07 40.6458 -132.597
8.27998 28.0831 111.265 -6.78746e-07 40.6522 -132.599
8.27515 28.0762 111.265 -6.78265e-07 40.6585 -132.6
8.27032 28.0693 111.266 -6.77784e-07 40.6649 -132.602
8.26549 28.0623 111.266 -6.77303e-07 40.6713 -132.604
8.26065 28.0554 111.267 -6.76822e-07 40.6777 -132.606
8.25582 28.0485 111.267 -6.76341e-07 40.6841 -132.607
8.25099 28.0416 111.268 -6.7586e-07 40.6905 -132.609
8.24616 28.0347 111.268 -6.75379e-07 40.6969 -132.611
8.24132 28.0277 111.269 -6.74898e-07 40.7033 -132.613
8.23649 28.0208 111.27 -6.74418e-07 40.7097 -132.614
8.23166 28.0139 111.27 -6.73937e-07 40.7161 -132.616
8.22682 28.007 111.271 -6.73457e-07 40.7225 -132.618
8.22199 28.0001 111.271 -6.72977e-07 40.7288 -132.62
8.21715 27.9932 111.272 -6.72497e-07 40.7352 -132.622
8.21232 27.9862 111.272 -6.72017e-07 40.7416 -132.623
8.20749 27.9793 111.273 -6.71537e-07 40.748 -132.625
8.20265 27.9724 111.273 -6.71057e-07 40.7544 -132.627
8.19782 27.9655 111.274 -6.70577e-07 40.7608 -132.629
8.19298 27.9586 111.274 -6.70098e-07 40.7672 -132.63
8.18815 27.9517 111.275 -6.69618e-07 40.7736 -132.632
8.18331 27.9448 111.275 -6.69139e-07 40.78 -132.634
8.17847 27.9379 111.276 -6.68659e-07 40.7864 -132.636
8.17364 27.931 111.276 -6.6818e-07 40.7928 -132.637
8.1688 27.9241 111.277 -6.67701e-07 40.7993 -132.639
8.16397 27.9171 111.277 -6.67222e-07 40.8057 -132.641
8.15913 27.9102 111.278 -6.66743e-07 40.8121 -132.643
8.15429 27.9033 111.278 -6.66264e-07 40.8185 -132.645
8.14946 27.8964 111.279 -6.65785e-07 40.8249 -132.646
8.14462 27.8895 111.279 -6.65307e-07 40.8313 -132.648
8.13978 27.8826 111.28 -6.64828e-07 40.8377 -132.65
8.13495 27.8757 111.28 -6.6435e-07 40.8441 -132.652
8.13011 27.8688 111.281 -6.63871e-07 40.8505 -132.653
8.12527 27.8619 111.281 -6.63393e-07 40.8569 -132.655
8.12043 27.855 111.282 -6.62915e-07 40.8633 -132.657
8.11559 27.8481 111.282 -6.62437e-07 40.8698 -132.659
8.11076 27.8412 111.283 -6.61959e-07 40.8762 -132.66
8.10592 27.8343 111.283 -6.61481e-07 40.8826 -132.662
8.10108 27.8274 111.284 -6.61004e-07 40.889 -132.664
8.09624 27.8205 111.284 -6.60526e-07 40.8954 -132.666
8.0914 27.8137 111.285 -6.60049e-07 40.9018 -132.668
8.08656 27.8068 111.285 -6.59571e-07 40.9083 -132.669
8.08172 27.7999 111.285 -6.59094e-07 40.9147 -132.671
8.07688 27.793 111.286 -6.58617e-07 40.9211 -132.673
8.07204 27.7861 111.286 -6.58139e-07 40.9275 -132.675
8.0672 27.7792 111.287 -6.57662e-07 40.9339 -132.676
8.06236 27.7723 111.287 -6.57186e-07 40.9404 -132.678
8.05752 27.7654 111.288 -6.56709e-07 40.9468 -132.68
8.05268 27.7585 111.288 -6.56232e-07 40.9532 -132.682
8.04784 27.7516 111.289 -6.55755e-07 40.9596 -132.683
8.043 27.7448 111.289 -6.55279e-07 40.9661 -132.685
8.03816 27.7379 111.29 -6.54802e-07 40.9725 -132.687
8.03332 27.731 111.29 -6.54326e-07 40.9789 -132.689
8.02848 27.7241 111.291 -6.5385e-07 40.9853 -132.69
8.02364 27.7172 111.291 -6.53374e-07 40.9918 -132.692
8.0188 27.7103 111.291 -6.52898e-07 40.9982 -132.694
8.01395 27.7034 111.292 -6.52422e-07 41.0046 -132.696
8.00911 27.6966 111.292 -6.51946e-07 41.0111 -132.698
8.00427 27.6897 111.293 -6.5147e-07 41.0175 -132.699
7.99943 27.6828 111.293 -6.50995e-07 41.0239 -132.701
7.99458 27.6759 111.294 -6.50519e-07 41.0304 -132.703
7.98974 27.6691 111.294 -6.50044e-07 41.0368 -132.705
7.9849 27.6622 111.295 -6.49569e-07 41.0432 -132.706
7.98005 27.6553 111.295 -6.49093e-07 41.0497 -132.708
7.97521 27.6484 111.295 -6.48618e-07 41.0561 -132.71
7.97037 27.6415 111.296 -6.48143e-07 41.0626 -132.712
7.96552 27.6347 111.296 -6.47668e-07 41.069 -132.713
7.96068 27.6278 111.297 -6.47194e-07 41.0754 -132.715
7.95584 27.6209 111.297 -6.46719e-07 41.0819 -132.717
7.95099 27.6141 111.298 -6.46244e-07 41.0883 -132.719
7.94615 27.6072 111.298 -6.4577e-07 41.0948 -132.721
7.9413 27.6003 111.298 -6.45295e-07 41.1012 -132.722
7.93646 27.5934 111.299 -6.44821e-07 41.1077 -132.724
7.93161 27.5866 111.299 -6.44347e-07 41.1141 -132.726
7.92677 27.5797 111.3 -6.43873e-07 41.1205 -132.728
7.92192 27.5728 111.3 -6.43399e-07 41.127 -132.729
7.91707 27.566 111.301 -6.42925e-07 41.1334 -132.731
7.91223 27.5591 111.301 -6.42451e-07 41.1399 -132.733
7.90738 27.5522 111.301 -6.41977e-07 41.1463 -132.735
7.90254 27.5454 111.302 -6.41504e-07 41.1528 -132.736
7.89769 27.5385 111.302 -6.4103e-07 41.1592 -132.738
7.89284 27.5317 111.303 -6.40557e-07 41.1657 -132.74
7.888 27.5248 111.303 -6.40084e-07 41.1721 -132.742
7.88315 27.5179 111.303 -6.3961e-07 41.1786 -132.744
7.8783 27.5111 111.304 -6.39137e-07 41.1851 -132.745
7.87346 27.5042 111.304 -6.38664e-07 41.1915 -132.747
7.86861 27.4974 111.305 -6.38191e-07 41.198 -132.749
7.86376 27.4905 111.305 -6.37719e-07 41.2044 -132.751
7.85891 27.4836 111.305 -6.37246e-07 41.2109 -132.752
7.85406 27.4768 111.306 -6.36773e-07 41.2173 -132.754
7.84922 27.4699 111.306 -6.36301e-07 41.2238 -132.756
7.84437 27.4631 111.307 -6.35828e-07 41.2303 -132.758
7.83952 27.4562 111.307 -6.35356e-07 41.2367 -132.759
7.83467 27.4494 111.307 -6.34884e-07 41.2432 -132.761
7.82982 27.4425 111.308 -6.34412e-07 41.2496 -132.763
7.82497 27.4357 111.308 -6.3394e-07 41.2561 -132.765
7.82012 27.4288 111.309 -6.33468e-07 41.2626 -132.767
7.81527 27.422 111.309 -6.32996e-07 41.269 -132.768
7.81042 27.4151 111.309 -6.32524e-07 41.2755 -132.77
7.80557 27.4083 111.31 -6.32053e-07 41.282 -132.772
7.80072 27.4014 111.31 -6.31581e-07 41.2884 -132.774
7.79587 27.3946 111.311 -6.3111e-07 41.2949 -132.775
7.79102 27.3877 111.311 -6.30638e-07 41.3014 -132.777
7.78617 27.3809 111.311 -6.30167e-07 41.3078 -132.779
7.78132 27.374 111.312 -6.29696e-07 41.3143 -132.781
7.77647 27.3672 111.312 -6.29225e-07 41.3208 -132.782
7.77162 27.3603 111.312 -6.28754e-07 41.3273 -132.784
7.76677 27.3535 111.313 -6.28283e-07 41.3337 -132.786
7.76192 27.3467 111.313 -6.27813e-07 41.3402 -132.788
7.75706 27.3398 111.313 -6.27342e-07 41.3467 -132.79
7.75221 27.333 111.314 -6.26872e-07 41.3532 -132.791
7.74736 27.3261 111.314 -6.26401e-07 41.3596 -132.793
7.74251 27.3193 111.315 -6.25931e-07 41.3661 -132.795
7.73765 27.3125 111.315 -6.25461e-07 41.3726 -132.797
7.7328 27.3056 111.315 -6.24991e-07 41.3791 -132.798
7.72795 27.2988 111.316 -6.24521e-07 41.3855 -132.8
7.7231 27.292 111.316 -6.24051e-07 41.392 -132.802
7.71824 27.2851 111.316 -6.23581e-07 41.3985 -132.804
7.71339 27.2783 111.317 -6.23111e-07 41.405 -132.805
7.70854 27.2715 111.317 -6.22641e-07 41.4115 -132.807
7.70368 27.2646 111.317 -6.22172e-07 41.418 -132.809
7.69883 27.2578 111.318 -6.21703e-07 41.4244 -132.811
7.69397 27.251 111.318 -6.21233e-07 41.4309 -132.813
7.68912 27.2441 111.318 -6.20764e-07 41.4374 -132.814
7.68427 27.2373 111.319 -6.20295e-07 41.4439 -132.816
7.67941 27.2305 111.319 -6.19826e-07 41.4504 -132.818
7.67456 27.2237 111.319 -6.19357e-07 41.4569 -132.82
7.6697 27.2168 111.32 -6.18888e-07 41.4634 -132.821
7.66485 27.21 111.32 -6.18419e-07 41.4699 -132.823
7.65999 27.2032 111.32 -6.17951e-07 41.4764 -132.825
7.65513 27.1964 111.321 -6.17482e-07 41.4828 -132.827
7.65028 27.1895 111.321 -6.17014e-07 41.4893 -132.828
7.64542 27.1827 111.321 -6.16545e-07 41.4958 -132.83
7.64057 27.1759 111.322 -6.16077e-07 41.5023 -132.832
7.63571 27.1691 111.322 -6.15609e-07 41.5088 -132.834
7.63085 27.1623 111.322 -6.15141e-07 41.5153 -132.836
7.626 27.1554 111.323 -6.14673e-07 41.5218 -132.837
7.62114 27.1486 111.323 -6.14205e-07 41.5283 -132.839
7.61628 27.1418 111.323 -6.13738e-07 41.5348 -132.841
7.61143 27.135 111.324 -6.1327e-07 41.5413 -132.843
7.60657 27.1282 111.324 -6.12802e-07 41.5478 -132.844
7.60171 27.1214 111.324 -6.12335e-07 41.5543 -132.846
7.59685 27.1145 111.325 -6.11868e-07 41.5608 -132.848
7.59199 27.1077 111.325 -6.114e-07 41.5673 -132.85
7.58714 27.1009 111.325 -6.10933e-07 41.5738 -132.851
7.58228 27.0941 111.326 -6.10466e-07 41.5803 -132.853
7.57742 27.0873 111.326 -6.09999e-07 41.5868 -132.855
7.57256 27.0805 111.326 -6.09532e-07 41.5933 -132.857
7.5677 27.0737 111.326 -6.09066e-07 41.5998 -132.858
7.56284 27.0669 111.327 -6.08599e-07 41.6064 -132.86
7.55798 27.0601 111.327 -6.08132e-07 41.6129 -132.862
7.55312 27.0532 111.327 -6.07666e-07 41.6194 -132.864
7.54826 27.0464 111.328 -6.072e-07 41.6259 -132.866
7.5434 27.0396 111.328 -6.06733e-07 41.6324 -132.867
7.53854 27.0328 111.328 -6.06267e-07 41.6389 -132.869
7.53368 27.026 111.329 -6.05801e-07 41.6454 -132.871
7.52882 27.0192 111.329 -6.05335e-07 41.6519 -132.873
7.52396 27.0124 111.329 -6.04869e-07 41.6584 -132.874
7.5191 27.0056 111.329 -6.04404e-07 41.665 -132.876
7.51424 26.9988 111.33 -6.03938e-07 41.6715 -132.878
7.50938 26.992 111.33 -6.03472e-07 41.678 -132.88
7.50452 26.9852 111.33 -6.03007e-07 41.6845 -132.881
7.49966 26.9784 111.331 -6.02542e-07 41.691 -132.883
7.4948 26.9716 111.331 -6.02076e-07 41.6975 -132.885
7.48993 26.9648 111.331 -6.01611e-07 41.7041 -132.887
7.48507 26.958 111.331 -6.01146e-07 41.7106 -132.889
7.48021 26.9512 111.332 -6.00681e-07 41.7171 -132.89
7.47535 26.9445 111.332 -6.00216e-07 41.7236 -132.892
7.47049 26.9377 111.332 -5.99751e-07 41.7301 -132.894
7.46562 26.9309 111.332 -5.99287e-07 41.7367 -132.896
7.46076 26.9241 111.333 -5.98822e-07 41.7432 -132.897
7.4559 26.9173 111.333 -5.98358e-07 41.7497 -132.899
7.45103 26.9105 111.333 -5.97893e-07 41.7562 -132.901
7.44617 26.9037 111.334 -5.97429e-07 41.7628 -132.903
7.44131 26.8969 111.334 -5.96965e-07 41.7693 -132.904
7.43644 26.8901 111.334 -5.96501e-07 41.7758 -132.906
7.43158 26.8833 111.334 -5.96037e-07 41.7824 -132.908
7.42672 26.8766 111.335 -5.95573e-07 41.7889 -132.91
7.42185 26.8698 111.335 -5.95109e-07 41.7954 -132.912
7.41699 26.863 111.335 -5.94645e-07 41.802 -132.913
7.41212 26.8562 111.335 -5.94182e-07 41.8085 -132.915
7.40726 26.8494 111.336 -5.93718e-07 41.815 -132.917
7.40239 26.8426 111.336 -5.93255e-07 41.8216 -132.919
7.39753 26.8359 111.336 -5.92792e-07 41.8281 -132.92
7.39266 26.8291 111.336 -5.92328e-07 41.8346 -132.922
7.3878 26.8223 111.337 -5.91865e-07 41.8412 -132.924
7.38293 26.8155 111.337 -5.91402e-07 41.8477 -132.926
7.37806 26.8087 111.337 -5.90939e-07 41.8542 -132.927
7.3732 26.802 111.337 -5.90477e-07 41.8608 -132.929
7.36833 26.7952 111.337 -5.90014e-07 41.8673 -132.931
7.36347 26.7884 111.338 -5.89551e-07 41.8739 -132.933
7.3586 26.7816 111.338 -5.89089e-07 41.8804 -132.935
7.35373 26.7749 111.338 -5.88626e-07 41.8869 -132.936
7.34886 26.7681 111.338 -5.88164e-07 41.8935 -132.938
7.344 26.7613 111.339 -5.87702e-07 41.9 -132.94
7.33913 26.7546 111.339 -5.8724e-07 41.9066 -132.942
7.33426 26.7478 111.339 -5.86778e-07 41.9131 -132.943
7.32939 26.741 111.339 -5.86316e-07 41.9197 -132.945
7.32453 26.7342 111.34 -5.85854e-07 41.9262 -132.947
7.31966 26.7275 111.34 -5.85392e-07 41.9327 -132.949
7.31479 26.7207 111.34 -5.8493e-07 41.9393 -132.95
7.30992 26.7139 111.34 -5.84469e-07 41.9458 -132.952
7.30505 26.7072 111.34 -5.84007e-07 41.9524 -132.954
7.30018 26.7004 111.341 -5.83546e-07 41.9589 -132.956
7.29532 26.6937 111.341 -5.83085e-07 41.9655 -132.958
7.29045 26.6869 111.341 -5.82624e-07 41.9721 -132.959
7.28558 26.6801 111.341 -5.82163e-07 41.9786 -132.961
7.28071 26.6734 111.341 -5.81702e-07 41.9852 -132.963
7.27584 26.6666 111.342 -5.81241e-07 41.9917 -132.965
7.27097 26.6598 111.342 -5.8078e-07 41.9983 -132.966
7.2661 26.6531 111.342 -5.80319e-07 42.0048 -132.968
7.26123 26.6463 111.342 -5.79859e-07 42.0114 -132.97
7.25636 26.6396 111.342 -5.79398e-07 42.0179 -132.972
7.25149 26.6328 111.343 -5.78938e-07 42.0245 -132.973
7.24662 26.6261 111.343 -5.78478e-07 42.0311 -132.975
7.24175 26.6193 111.343 -5.78018e-07 42.0376 -132.977
7.23687 26.6126 111.343 -5.77558e-07 42.0442 -132.979
7.232 26.6058 111.343 -5.77098e-07 42.0507 -132.981
7.22713 26.5991 111.344 -5.76638e-07 42.0573 -132.982
7.22226 26.5923 111.344 -5.76178e-07 42.0639 -132.984
7.21739 26.5855 111.344 -5.75718e-07 42.0704 -132.986
7.21252 26.5788 111.344 -5.75259e-07 42.077 -132.988
7.20764 26.5721 111.344 -5.74799e-07 42.0836 -132.989
7.20277 26.5653 111.345 -5.7434e-07 42.0901 -132.991
7.1979 26.5586 111.345 -5.7388e-07 42.0967 -132.993
7.19303 26.5518 111.345 -5.73421e-07 42.1033 -132.995
7.18815 26.5451 111.345 -5.72962e-07 42.1098 -132.996
7.18328 26.5383 111.345 -5.72503e-07 42.1164 -132.998
7.17841 26.5316 111.345 -5.72044e-07 42.123 -133
7.17353 26.5248 111.346 -5.71585e-07 42.1295 -133.002
7.16866 26.5181 111.346 -5.71127e-07 42.1361 -133.003
7.16379 26.5114 111.346 -5.70668e-07 42.1427 -133.005
7.15891 26.5046 111.346 -5.7021e-07 42.1493 -133.007
7.15404 26.4979 111.346 -5.69751e-07 42.1558 -133.009
7.14916 26.4911 111.346 -5.69293e-07 42.1624 -133.011
7.14429 26.4844 111.347 -5.68835e-07 42.169 -133.012
7.13942 26.4777 111.347 -5.68376e-07 42.1756 -133.014
7.13454 26.4709 111.347 -5.67918e-07 42.1821 -133.016
7.12967 26.4642 111.347 -5.6746e-07 42.1887 -133.018
7.12479 26.4575 111.347 -5.67003e-07 42.1953 -133.019
7.11992 26.4507 111.347 -5.66545e-07 42.2019 -133.021
7.11504 26.444 111.348 -5.66087e-07 42.2084 -133.023
7.11016 26.4373 111.348 -5.6563e-07 42.215 -133.025
7.10529 26.4305 111.348 -5.65172e-07 42.2216 -133.026
7.10041 26.4238 111.348 -5.64715e-07 42.2282 -133.028
7.09554 26.4171 111.348 -5.64258e-07 42.2348 -133.03
7.09066 26.4103 111.348 -5.638e-07 42.2414 -133.032
7.08578 26.4036 111.348 -5.63343e-07 42.2479 -133.034
7.08091 26.3969 111.349 -5.62886e-07 42.2545 -133.035
7.07603 26.3902 111.349 -5.6243e-07 42.2611 -133.037
7.07115 26.3834 111.349 -5.61973e-07 42.2677 -133.039
7.06628 26.3767 111.349 -5.61516e-07 42.2743 -133.041
7.0614 26.37 111.349 -5.6106e-07 42.2809 -133.042
7.05652 26.3633 111.349 -5.60603e-07 42.2875 -133.044
7.05164 26.3565 111.349 -5.60147e-07 42.2941 -133.046
7.04676 26.3498 111.35 -5.5969e-07 42.3007 -133.048
7.04189 26.3431 111.35 -5.59234e-07 42.3072 -133.049
7.03701 26.3364 111.35 -5.58778e-07 42.3138 -133.051
7.03213 26.3297 111.35 -5.58322e-07 42.3204 -133.053
7.02725 26.3229 111.35 -5.57866e-07 42.327 -133.055
7.02237 26.3162 111.35 -5.5741e-07 42.3336 -133.057
7.01749 26.3095 111.35 -5.56955e-07 42.3402 -133.058
7.01261 26.3028 111.35 -5.56499e-07 42.3468 -133.06
7.00773 26.2961 111.351 -5.56043e-07 42.3534 -133.062
7.00285 26.2894 111.351 -5.55588e-07 42.36 -133.064
6.99798 26.2826 111.351 -5.55133e-07 42.3666 -133.065
6.9931 26.2759 111.351 -5.54677e-07 42.3732 -133.067
6.98822 26.2692 111.351 -5.54222e-07 42.3798 -133.069
6.98333 26.2625 111.351 -5.53767e-07 42.3864 -133.071
6.97845 26.2558 111.351 -5.53312e-07 42.393 -133.072
6.97357 26.2491 111.351 -5.52858e-07 42.3996 -133.074
6.96869 26.2424 111.351 -5.52403e-07 42.4062 -133.076
6.96381 26.2357 111.351 -5.51948e-07 42.4128 -133.078
6.95893 26.229 111.352 -5.51494e-07 42.4194 -133.08
6.95405 26.2223 111.352 -5.51039e-07 42.426 -133.081
6.94917 26.2156 111.352 -5.50585e-07 42.4326 -133.083
6.94429 26.2089 111.352 -5.5013e-07 42.4392 -133.085
6.93941 26.2022 111.352 -5.49676e-07 42.4459 -133.087
6.93452 26.1955 111.352 -5.49222e-07 42.4525 -133.088
6.92964 26.1888 111.352 -5.48768e-07 42.4591 -133.09
6.92476 26.1821 111.352 -5.48314e-07 42.4657 -133.092
6.91988 26.1754 111.352 -5.47861e-07 42.4723 -133.094
6.91499 26.1687 111.352 -5.47407e-07 42.4789 -133.095
6.91011 26.162 111.353 -5.46953e-07 42.4855 -133.097
6.90523 26.1553 111.353 -5.465e-07 42.4921 -133.099
6.90034 26.1486 111.353 -5.46046e-07 42.4987 -133.101
6.89546 26.1419 111.353 -5.45593e-07 42.5054 -133.103
6.89058 26.1352 111.353 -5.4514e-07 42.512 -133.104
6.88569 26.1285 111.353 -5.44687e-07 42.5186 -133.106
6.88081 26.1218 111.353 -5.44234e-07 42.5252 -133.108
6.87593 26.1151 111.353 -5.43781e-07 42.5318 -133.11
6.87104 26.1084 111.353 -5.43328e-07 42.5384 -133.111
6.86616 26.1017 111.353 -5.42875e-07 42.5451 -133.113
6.86127 26.095 111.353 -5.42423e-07 42.5517 -133.115
6.85639 26.0884 111.353 -5.4197e-07 42.5583 -133.117
6.8515 26.0817 111.353 -5.41518e-07 42.5649 -133.118
6.84662 26.075 111.353 -5.41065e-07 42.5716 -133.12
6.84173 26.0683 111.354 -5.40613e-07 42.5782 -133.122
6.83685 26.0616 111.354 -5.40161e-07 42.5848 -133.124
6.83196 26.0549 111.354 -5.39709e-07 42.5914 -133.126
6.82708 26.0482 111.354 -5.39257e-07 42.598 -133.127
6.82219 26.0416 111.354 -5.38805e-07 42.6047 -133.129
6.8173 26.0349 111.354 -5.38353e-07 42.6113 -133.131
6.81242 26.0282 111.354 -5.37902e-07 42.6179 -133.133
6.80753 26.0215 111.354 -5.3745e-07 42.6246 -133.134
6.80264 26.0148 111.354 -5.36998e-07 42.6312 -133.136
6.79776 26.0082 111.354 -5.36547e-07 42.6378 -133.138
6.79287 26.0015 111.354 -5.36096e-07 42.6444 -133.14
6.78798 25.9948 111.354 -5.35645e-07 42.6511 -133.141
6.7831 25.9881 111.354 -5.35193e-07 42.6577 -133.143
6.77821 25.9815 111.354 -5.34742e-07 42.6643 -133.145
6.77332 25.9748 111.354 -5.34292e-07 42.671 -133.147
6.76843 25.9681 111.354 -5.33841e-07 42.6776 -133.149
6.76355 25.9614 111.354 -5.3339e-07 42.6842 -133.15
6.75866 25.9548 111.354 -5.32939e-07 42.6909 -133.152
6.75377 25.9481 111.354 -5.32489e-07 42.6975 -133.154
6.74888 25.9414 111.354 -5.32038e-07 42.7042 -133.156
6.74399 25.9348 111.354 -5.31588e-07 42.7108 -133.157
6.7391 25.9281 111.354 -5.31138e-07 42.7174 -133.159
6.73421 25.9214 111.354 -5.30688e-07 42.7241 -133.161
6.72932 25.9148 111.355 -5.30238e-07 42.7307 -133.163
6.72444 25.9081 111.355 -5.29788e-07 42.7374 -133.164
6.71955 25.9014 111.355 -5.29338e-07 42.744 -133.166
6.71466 25.8948 111.355 -5.28888e-07 42.7506 -133.168
6.70977 25.8881 111.355 -5.28438e-07 42.7573 -133.17
6.70488 25.8814 111.355 -5.27989e-07 42.7639 -133.171
6.69999 25.8748 111.355 -5.27539e-07 42.7706 -133.173
6.6951 25.8681 111.355 -5.2709e-07 42.7772 -133.175
6.6902 25.8615 111.355 -5.26641e-07 42.7839 -133.177
6.68531 25.8548 111.355 -5.26191e-07 42.7905 -133.179
6.68042 25.8482 111.355 -5.25742e-07 42.7972 -133.18
6.67553 25.8415 111.355 -5.25293e-07 42.8038 -133.182
6.67064 25.8348 111.355 -5.24844e-07 42.8105 -133.184
6.66575 25.8282 111.355 -5.24396e-07 42.8171 -133.186
6.66086 25.8215 111.355 -5.23947e-07 42.8238 -133.187
6.65597 25.8149 111.355 -5.23498e-07 42.8304 -133.189
6.65107 25.8082 111.355 -5.2305e-07 42.8371 -133.191
6.64618 25.8016 111.355 -5.22601e-07 42.8437 -133.193
6.64129 25.7949 111.355 -5.22153e-07 42.8504 -133.194
6.6364 25.7883 111.355 -5.21705e-07 42.857 -133.196
6.6315 25.7816 111.355 -5.21256e-07 42.8637 -133.198
6.62661 25.775 111.355 -5.20808e-07 42.8703 -133.2
6.62172 25.7683 111.355 -5.2036e-07 42.877 -133.202
6.61683 25.7617 111.355 -5.19913e-07 42.8837 -133.203
6.61193 25.755 111.355 -5.19465e-07 42.8903 -133.205
6.60704 25.7484 111.355 -5.19017e-07 42.897 -133.207
6.60215 25.7418 111.355 -5.1857e-07 42.9036 -133.209
6.59725 25.7351 111.355 -5.18122e-07 42.9103 -133.21
6.59236 25.7285 111.355 -5.17675e-07 42.917 -133.212
6.58746 25.7218 111.355 -5.17227e-07 42.9236 -133.214
6.58257 25.7152 111.355 -5.1678e-07 42.9303 -133.216
6.57767 25.7086 111.355 -5.16333e-07 42.9369 -133.217
6.57278 25.7019 111.354 -5.15886e-07 42.9436 -133.219
6.56789 25.6953 111.354 -5.15439e-07 42.9503 -133.221
6.56299 25.6886 111.354 -5.14992e-07 42.9569 -133.223
6.5581 25.682 111.354 -5.14546e-07 42.9636 -133.225
6.5532 25.6754 111.354 -5.14099e-07 42.9703 -133.226
6.5483 25.6687 111.354 -5.13652e-07 42.9769 -133.228
6.54341 25.6621 111.354 -5.13206e-07 42.9836 -133.23
6.53851 25.6555 111.354 -5.1276e-07 42.9903 -133.232
6.53362 25.6488 111.354 -5.12313e-07 42.9969 -133.233
6.52872 25.6422 111.354 -5.11867e-07 43.0036 -133.235
6.52382 25.6356 111.354 -5.11421e-07 43.0103 -133.237
6.51893 25.629 111.354 -5.10975e-07 43.017 -133.239
6.51403 25.6223 111.354 -5.10529e-07 43.0236 -133.24
6.50913 25.6157 111.354 -5.10083e-07 43.0303 -133.242
6.50424 25.6091 111.354 -5.09638e-07 43.037 -133.244
6.49934 25.6025 111.354 -5.09192e-07 43.0437 -133.246
6.49444 25.5958 111.354 -5.08747e-07 43.0503 -133.248
6.48955 25.5892 111.354 -5.08301e-07 43.057 -133.249
6.48465 25.5826 111.354 -5.07856e-07 43.0637 -133.251
6.47975 25.576 111.354 -5.07411e-07 43.0704 -133.253
6.47485 25.5693 111.354 -5.06965e-07 43.0771 -133.255
6.46995 25.5627 111.354 -5.0652e-07 43.0837 -133.256
6.46506 25.5561 111.353 -5.06076e-07 43.0904 -133.258
6.46016 25.5495 111.353 -5.05631e-07 43.0971 -133.26
6.45526 25.5429 111.353 -5.05186e-07 43.1038 -133.262
6.45036 25.5363 111.353 -5.04741e-07 43.1105 -133.263
6.44546 25.5296 111.353 -5.04297e-07 43.1171 -133.265
6.44056 25.523 111.353 -5.03852e-07 43.1238 -133.267
6.43566 25.5164 111.353 -5.03408e-07 43.1305 -133.269
6.43076 25.5098 111.353 -5.02964e-07 43.1372 -133.271
6.42586 25.5032 111.353 -5.02519e-07 43.1439 -133.272
6.42096 25.4966 111.353 -5.02075e-07 43.1506 -133.274
6.41606 25.49 111.353 -5.01631e-07 43.1573 -133.276
6.41116 25.4834 111.353 -5.01187e-07 43.1639 -133.278
6.40626 25.4767 111.353 -5.00744e-07 43.1706 -133.279
6.40136 25.4701 111.353 -5.003e-07 43.1773 -133.281
6.39646 25.4635 111.352 -4.99856e-07 43.184 -133.283
6.39156 25.4569 111.352 -4.99413e-07 43.1907 -133.285
6.38666 25.4503 111.352 -4.98969e-07 43.1974 -133.286
6.38176 25.4437 111.352 -4.98526e-07 43.2041 -133.288
6.37686 25.4371 111.352 -4.98083e-07 43.2108 -133.29
6.37196 25.4305 111.352 -4.97639e-07 43.2175 -133.292
6.36705 25.4239 111.352 -4.97196e-07 43.2242 -133.294
6.36215 25.4173 111.352 -4.96753e-07 43.2309 -133.295
6.35725 25.4107 111.352 -4.96311e-07 43.2376 -133.297
6.35235 25.4041 111.352 -4.95868e-07 43.2443 -133.299
6.34745 25.3975 111.352 -4.95425e-07 43.251 -133.301
6.34254 25.3909 111.351 -4.94983e-07 43.2577 -133.302
6.33764 25.3843 111.351 -4.9454e-07 43.2644 -133.304
6.33274 25.3777 111.351 -4.94098e-07 43.2711 -133.306
6.32783 25.3711 111.351 -4.93655e-07 43.2778 -133.308
6.32293 25.3645 111.351 -4.93213e-07 43.2845 -133.309
6.31803 25.358 111.351 -4.92771e-07 43.2912 -133.311
6.31312 25.3514 111.351 -4.92329e-07 43.2979 -133.313
6.30822 25.3448 111.351 -4.91887e-07 43.3046 -133.315
6.30332 25.3382 111.351 -4.91445e-07 43.3113 -133.317
6.29841 25.3316 111.35 -4.91003e-07 43.318 -133.318
6.29351 25.325 111.35 -4.90562e-07 43.3247 -133.32
6.2886 25.3184 111.35 -4.9012e-07 43.3314 -133.322
6.2837 25.3118 111.35 -4.89679e-07 43.3381 -133.324
6.2788 25.3053 111.35 -4.89237e-07 43.3448 -133.325
6.27389 25.2987 111.35 -4.88796e-07 43.3515 -133.327
6.26899 25.2921 111.35 -4.88355e-07 43.3582 -133.329
6.26408 25.2855 111.35 -4.87914e-07 43.3649 -133.331
6.25918 25.2789 111.349 -4.87473e-07 43.3717 -133.332
6.25427 25.2723 111.349 -4.87032e-07 43.3784 -133.334
6.24936 25.2658 111.349 -4.86591e-07 43.3851 -133.336
6.24446 25.2592 111.349 -4.8615e-07 43.3918 -133.338
6.23955 25.2526 111.349 -4.8571e-07 43.3985 -133.339
6.23465 25.246 111.349 -4.85269e-07 43.4052 -133.341
6.22974 25.2394 111.349 -4.84829e-07 43.4119 -133.343
6.22483 25.2329 111.348 -4.84388e-07 43.4186 -133.345
6.21993 25.2263 111.348 -4.83948e-07 43.4254 -133.347
6.21502 25.2197 111.348 -4.83508e-07 43.4321 -133.348
6.21011 25.2132 111.348 -4.83068e-07 43.4388 -133.35
6.20521 25.2066 111.348 -4.82628e-07 43.4455 -133.352
6.2003 25.2 111.348 -4.82188e-07 43.4522 -133.354
6.19539 25.1934 111.348 -4.81748e-07 43.459 -133.355
6.19048 25.1869 111.347 -4.81308e-07 43.4657 -133.357
6.18558 25.1803 111.347 -4.80869e-07 43.4724 -133.359
6.18067 25.1737 111.347 -4.80429e-07 43.4791 -133.361
6.17576 25.1672 111.347 -4.7999e-07 43.4859 -133.362
6.17085 25.1606 111.347 -4.7955e-07 43.4926 -133.364
6.16594 25.154 111.347 -4.79111e-07 43.4993 -133.366
6.16103 25.1475 111.346 -4.78672e-07 43.506 -133.368
6.15613 25.1409 111.346 -4.78233e-07 43.5128 -133.37
6.15122 25.1344 111.346 -4.77794e-07 43.5195 -133.371
6.14631 25.1278 111.346 -4.77355e-07 43.5262 -133.373
6.1414 25.1212 111.346 -4.76916e-07 43.5329 -133.375
6.13649 25.1147 111.346 -4.76478e-07 43.5397 -133.377
6.13158 25.1081 111.345 -4.76039e-07 43.5464 -133.378
6.12667 25.1016 111.345 -4.75601e-07 43.5531 -133.38
6.12176 25.095 111.345 -4.75162e-07 43.5599 -133.382
6.11685 25.0884 111.345 -4.74724e-07 43.5666 -133.384
6.11194 25.0819 111.345 -4.74286e-07 43.5733 -133.385
6.10703 25.0753 111.345 -4.73848e-07 43.5801 -133.387
6.10212 25.0688 111.344 -4.7341e-07 43.5868 -133.389
6.09721 25.0622 111.344 -4.72972e-07 43.5935 -133.391
6.0923 25.0557 111.344 -4.72534e-07 43.6003 -133.393
6.08739 25.0491 111.344 -4.72096e-07 43.607 -133.394
6.08247 25.0426 111.344 -4.71658e-07 43.6137 -133.396
6.07756 25.036 111.343 -4.71221e-07 43.6205 -133.398
6.07265 25.0295 111.343 -4.70783e-07 43.6272 -133.4
6.06774 25.0229 111.343 -4.70346e-07 43.6339 -133.401
6.06283 25.0164 111.343 -4.69909e-07 43.6407 -133.403
6.05792 25.0099 111.343 -4.69471e-07 43.6474 -133.405
6.053 25.0033 111.343 -4.69034e-07 43.6542 -133.407
6.04809 24.9968 111.342 -4.68597e-07 43.6609 -133.408
6.04318 24.9902 111.342 -4.6816e-07 43.6676 -133.41
6.03827 24.9837 111.342 -4.67724e-07 43.6744 -133.412
6.03335 24.9771 111.342 -4.67287e-07 43.6811 -133.414
6.02844 24.9706 111.342 -4.6685e-07 43.6879 -133.416
6.02353 24.9641 111.341 -4.66414e-07 43.6946 -133.417
6.01861 24.9575 111.341 -4.65977e-07 43.7014 -133.419
6.0137 24.951 111.341 -4.65541e-07 43.7081 -133.421
6.00879 24.9445 111.341 -4.65104e-07 43.7149 -133.423
6.00387 24.9379 111.34 -4.64668e-07 43.7216 -133.424
5.99896 24.9314 111.34 -4.64232e-07 43.7284 -133.426
5.99404 24.9249 111.34 -4.63796e-07 43.7351 -133.428
5.98913 24.9183 111.34 -4.6336e-07 43.7419 -133.43
5.98422 24.9118 111.34 -4.62924e-07 43.7486 -133.431
5.9793 24.9053 111.339 -4.62489e-07 43.7554 -133.433
5.97439 24.8987 111.339 -4.62053e-07 43.7621 -133.435
5.96947 24.8922 111.339 -4.61618e-07 43.7689 -133.437
5.96456 24.8857 111.339 -4.61182e-07 43.7756 -133.439
5.95964 24.8792 111.338 -4.60747e-07 43.7824 -133.44
5.95473 24.8726 111.338 -4.60311e-07 43.7891 -133.442
5.94981 24.8661 111.338 -4.59876e-07 43.7959 -133.444
5.94489 24.8596 111.338 -4.59441e-07 43.8026 -133.446
5.93998 24.8531 111.338 -4.59006e-07 43.8094 -133.447
5.93506 24.8465 111.337 -4.58571e-07 43.8162 -133.449
5.93015 24.84 111.337 -4.58136e-07 43.8229 -133.451
5.92523 24.8335 111.337 -4.57702e-07 43.8297 -133.453
5.92031 24.827 111.337 -4.57267e-07 43.8364 -133.454
5.9154 24.8205 111.336 -4.56833e-07 43.8432 -133.456
5.91048 24.8139 111.336 -4.56398e-07 43.85 -133.458
5.90556 24.8074 111.336 -4.55964e-07 43.8567 -133.46
5.90065 24.8009 111.336 -4.5553e-07 43.8635 -133.462
5.89573 24.7944 111.335 -4.55095e-07 43.8702 -133.463
5.89081 24.7879 111.335 -4.54661e-07 43.877 -133.465
5.88589 24.7814 111.335 -4.54227e-07 43.8838 -133.467
5.88098 24.7749 111.335 -4.53793e-07 43.8905 -133.469
5.87606 24.7683 111.334 -4.5336e-07 43.8973 -133.47
5.87114 24.7618 111.334 -4.52926e-07 43.9041 -133.472
5.86622 24.7553 111.334 -4.52492e-07 43.9108 -133.474
5.8613 24.7488 111.334 -4.52059e-07 43.9176 -133.476
5.85638 24.7423 111.333 -4.51625e-07 43.9244 -133.477
5.85147 24.7358 111.333 -4.51192e-07 43.9311 -133.479
5.84655 24.7293 111.333 -4.50759e-07 43.9379 -133.481
5.84163 24.7228 111.333 -4.50326e-07 43.9447 -133.483
5.83671 24.7163 111.332 -4.49892e-07 43.9515 -133.485
5.83179 24.7098 111.332 -4.49459e-07 43.9582 -133.486
5.82687 24.7033 111.332 -4.49027e-07 43.965 -133.488
5.82195 24.6968 111.331 -4.48594e-07 43.9718 -133.49
5.81703 24.6903 111.331 -4.48161e-07 43.9786 -133.492
5.81211 24.6838 111.331 -4.47728e-07 43.9853 -133.493
5.80719 24.6773 111.331 -4.47296e-07 43.9921 -133.495
5.80227 24.6708 111.33 -4.46863e-07 43.9989 -133.497
5.79735 24.6643 111.33 -4.46431e-07 44.0057 -133.499
5.79243 24.6578 111.33 -4.45999e-07 44.0124 -133.5
5.78751 24.6513 111.329 -4.45567e-07 44.0192 -133.502
5.78259 24.6448 111.329 -4.45135e-07 44.026 -133.504
5.77766 24.6383 111.329 -4.44703e-07 44.0328 -133.506
5.77274 24.6318 111.329 -4.44271e-07 44.0396 -133.507
5.76782 24.6253 111.328 -4.43839e-07 44.0463 -133.509
5.7629 24.6189 111.328 -4.43407e-07 44.0531 -133.511
5.75798 24.6124 111.328 -4.42976e-07 44.0599 -133.513
5.75306 24.6059 111.327 -4.42544e-07 44.0667 -133.515
5.74813 24.5994 111.327 -4.42113e-07 44.0735 -133.516
5.74321 24.5929 111.327 -4.41681e-07 44.0803 -133.518
5.73829 24.5864 111.327 -4.4125e-07 44.087 -133.52
5.73337 24.5799 111.326 -4.40819e-07 44.0938 -133.522
5.72844 24.5735 111.326 -4.40388e-07 44.1006 -133.523
5.72352 24.567 111.326 -4.39957e-07 44.1074 -133.525
5.7186 24.5605 111.325 -4.39526e-07 44.1142 -133.527
5.71367 24.554 111.325 -4.39095e-07 44.121 -133.529
5.70875 24.5475 111.325 -4.38665e-07 44.1278 -133.53
5.70383 24.541 111.324 -4.38234e-07 44.1346 -133.532
5.6989 24.5346 111.324 -4.37803e-07 44.1413 -133.534
5.69398 24.5281 111.324 -4.37373e-07 44.1481 -133.536
5.68906 24.5216 111.323 -4.36943e-07 44.1549 -133.538
5.68413 24.5151 111.323 -4.36512e-07 44.1617 -133.539
5.67921 24.5087 111.323 -4.36082e-07 44.1685 -133.541
5.67428 24.5022 111.322 -4.35652e-07 44.1753 -133.543
5.66936 24.4957 111.322 -4.35222e-07 44.1821 -133.545
5.66443 24.4893 111.322 -4.34792e-07 44.1889 -133.546
5.65951 24.4828 111.322 -4.34362e-07 44.1957 -133.548
5.65458 24.4763 111.321 -4.33933e-07 44.2025 -133.55
5.64966 24.4698 111.321 -4.33503e-07 44.2093 -133.552
5.64473 24.4634 111.321 -4.33074e-07 44.2161 -133.553
5.63981 24.4569 111.32 -4.32644e-07 44.2229 -133.555
5.63488 24.4504 111.32 -4.32215e-07 44.2297 -133.557
5.62996 24.444 111.32 -4.31786e-07 44.2365 -133.559
5.62503 24.4375 111.319 -4.31356e-07 44.2433 -133.561
5.6201 24.4311 111.319 -4.30927e-07 44.2501 -133.562
5.61518 24.4246 111.319 -4.30498e-07 44.2569 -133.564
5.61025 24.4181 111.318 -4.30069e-07 44.2637 -133.566
5.60532 24.4117 111.318 -4.29641e-07 44.2705 -133.568
5.6004 24.4052 111.317 -4.29212e-07 44.2773 -133.569
5.59547 24.3988 111.317 -4.28783e-07 44.2841 -133.571
5.59054 24.3923 111.317 -4.28355e-07 44.2909 -133.573
5.58562 24.3858 111.316 -4.27926e-07 44.2977 -133.575
5.58069 24.3794 111.316 -4.27498e-07 44.3045 -133.576
5.57576 24.3729 111.316 -4.2707e-07 44.3113 -133.578
5.57083 24.3665 111.315 -4.26641e-07 44.3181 -133.58
5.5659 24.36 111.315 -4.26213e-07 44.325 -133.582
5.56098 24.3536 111.315 -4.25785e-07 44.3318 -133.584
5.55605 24.3471 111.314 -4.25358e-07 44.3386 -133.585
5.55112 24.3407 111.314 -4.2493e-07 44.3454 -133.587
5.54619 24.3342 111.314 -4.24502e-07 44.3522 -133.589
5.54126 24.3278 111.313 -4.24074e-07 44.359 -133.591
5.53633 24.3213 111.313 -4.23647e-07 44.3658 -133.592
5.53141 24.3149 111.312 -4.23219e-07 44.3726 -133.594
5.52648 24.3084 111.312 -4.22792e-07 44.3795 -133.596
5.52155 24.302 111.312 -4.22365e-07 44.3863 -133.598
5.51662 24.2956 111.311 -4.21937e-07 44.3931 -133.599
5.51169 24.2891 111.311 -4.2151e-07 44.3999 -133.601
5.50676 24.2827 111.311 -4.21083e-07 44.4067 -133.603
5.50183 24.2762 111.31 -4.20656e-07 44.4135 -133.605
5.4969 24.2698 111.31 -4.2023e-07 44.4204 -133.607
5.49197 24.2634 111.309 -4.19803e-07 44.4272 -133.608
5.48704 24.2569 111.309 -4.19376e-07 44.434 -133.61
5.48211 24.2505 111.309 -4.1895e-07 44.4408 -133.612
5.47718 24.2441 111.308 -4.18523e-07 44.4476 -133.614
5.47224 24.2376 111.308 -4.18097e-07 44.4545 -133.615
5.46731 24.2312 111.308 -4.17671e-07 44.4613 -133.617
5.46238 24.2247 111.307 -4.17244e-07 44.4681 -133.619
5.45745 24.2183 111.307 -4.16818e-07 44.4749 -133.621
5.45252 24.2119 111.306 -4.16392e-07 44.4818 -133.622
5.44759 24.2055 111.306 -4.15966e-07 44.4886 -133.624
5.44266 24.199 111.306 -4.1554e-07 44.4954 -133.626
5.43772 24.1926 111.305 -4.15115e-07 44.5022 -133.628
5.43279 24.1862 111.305 -4.14689e-07 44.5091 -133.63
5.42786 24.1797 111.304 -4.14263e-07 44.5159 -133.631
5.42293 24.1733 111.304 -4.13838e-07 44.5227 -133.633
5.418 24.1669 111.304 -4.13413e-07 44.5295 -133.635
5.41306 24.1605 111.303 -4.12987e-07 44.5364 -133.637
5.40813 24.1541 111.303 -4.12562e-07 44.5432 -133.638
5.4032 24.1476 111.302 -4.12137e-07 44.55 -133.64
5.39826 24.1412 111.302 -4.11712e-07 44.5569 -133.642
5.39333 24.1348 111.302 -4.11287e-07 44.5637 -133.644
5.3884 24.1284 111.301 -4.10862e-07 44.5705 -133.645
5.38346 24.122 111.301 -4.10437e-07 44.5774 -133.647
5.37853 24.1155 111.3 -4.10013e-07 44.5842 -133.649
5.37359 24.1091 111.3 -4.09588e-07 44.591 -133.651
5.36866 24.1027 111.299 -4.09164e-07 44.5979 -133.653
5.36373 24.0963 111.299 -4.08739e-07 44.6047 -133.654
5.35879 24.0899 111.299 -4.08315e-07 44.6115 -133.656
5.35386 24.0835 111.298 -4.07891e-07 44.6184 -133.658
5.34892 24.0771 111.298 -4.07466e-07 44.6252 -133.66
5.34399 24.0707 111.297 -4.07042e-07 44.6321 -133.661
5.33905 24.0642 111.297 -4.06618e-07 44.6389 -133.663
5.33412 24.0578 111.296 -4.06195e-07 44.6457 -133.665
5.32918 24.0514 111.296 -4.05771e-07 44.6526 -133.667
5.32425 24.045 111.296 -4.05347e-07 44.6594 -133.668
5.31931 24.0386 111.295 -4.04923e-07 44.6663 -133.67
5.31438 24.0322 111.295 -4.045e-07 44.6731 -133.672
5.30944 24.0258 111.294 -4.04076e-07 44.68 -133.674
5.3045 24.0194 111.294 -4.03653e-07 44.6868 -133.675
5.29957 24.013 111.293 -4.0323e-07 44.6936 -133.677
5.29463 24.0066 111.293 -4.02807e-07 44.7005 -133.679
5.28969 24.0002 111.292 -4.02384e-07 44.7073 -133.681
5.28476 23.9938 111.292 -4.01961e-07 44.7142 -133.683
5.27982 23.9874 111.292 -4.01538e-07 44.721 -133.684
5.27488 23.981 111.291 -4.01115e-07 44.7279 -133.686
5.26995 23.9746 111.291 -4.00692e-07 44.7347 -133.688
5.26501 23.9682 111.29 -4.0027e-07 44.7416 -133.69
5.26007 23.9618 111.29 -3.99847e-07 44.7484 -133.691
5.25513 23.9554 111.289 -3.99425e-07 44.7553 -133.693
5.2502 23.949 111.289 -3.99002e-07 44.7621 -133.695
5.24526 23.9427 111.288 -3.9858e-07 44.769 -133.697
5.24032 23.9363 111.288 -3.98158e-07 44.7758 -133.698
5.23538 23.9299 111.287 -3.97736e-07 44.7827 -133.7
5.23044 23.9235 111.287 -3.97314e-07 44.7895 -133.702
5.22551 23.9171 111.286 -3.96892e-07 44.7964 -133.704
5.22057 23.9107 111.286 -3.9647e-07 44.8033 -133.706
5.21563 23.9043 111.286 -3.96048e-07 44.8101 -133.707
5.21069 23.898 111.285 -3.95626e-07 44.817 -133.709
5.20575 23.8916 111.285 -3.95205e-07 44.8238 -133.711
5.20081 23.8852 111.284 -3.94783e-07 44.8307 -133.713
5.19587 23.8788 111.284 -3.94362e-07 44.8375 -133.714
5.19093 23.8724 111.283 -3.93941e-07 44.8444 -133.716
5.18599 23.866 111.283 -3.93519e-07 44.8513 -133.718
5.18105 23.8597 111.282 -3.93098e-07 44.8581 -133.72
5.17611 23.8533 111.282 -3.92677e-07 44.865 -133.721
5.17117 23.8469 111.281 -3.92256e-07 44.8718 -133.723
5.16623 23.8405 111.281 -3.91835e-07 44.8787 -133.725
5.16129 23.8342 111.28 -3.91415e-07 44.8856 -133.727
5.15635 23.8278 111.28 -3.90994e-07 44.8924 -133.729
5.15141 23.8214 111.279 -3.90573e-07 44.8993 -133.73
5.14647 23.815 111.279 -3.90153e-07 44.9062 -133.732
5.14153 23.8087 111.278 -3.89732e-07 44.913 -133.734
5.13659 23.8023 111.278 -3.89312e-07 44.9199 -133.736
5.13165 23.7959 111.277 -3.88892e-07 44.9268 -133.737
5.1267 23.7896 111.277 -3.88472e-07 44.9336 -133.739
5.12176 23.7832 111.276 -3.88052e-07 44.9405 -133.741
5.11682 23.7768 111.276 -3.87632e-07 44.9474 -133.743
5.11188 23.7705 111.275 -3.87212e-07 44.9542 -133.744
5.10694 23.7641 111.275 -3.86792e-07 44.9611 -133.746
5.10199 23.7577 111.274 -3.86372e-07 44.968 -133.748
5.09705 23.7514 111.274 -3.85952e-07 44.9748 -133.75
5.09211 23.745 111.273 -3.85533e-07 44.9817 -133.752
5.08717 23.7387 111.273 -3.85113e-07 44.9886 -133.753
5.08222 23.7323 111.272 -3.84694e-07 44.9955 -133.755
5.07728 23.726 111.272 -3.84275e-07 45.0023 -133.757
5.07234 23.7196 111.271 -3.83856e-07 45.0092 -133.759
5.06739 23.7132 111.271 -3.83436e-07 45.0161 -133.76
5.06245 23.7069 111.27 -3.83017e-07 45.023 -133.762
5.05751 23.7005 111.27 -3.82599e-07 45.0298 -133.764
5.05256 23.6942 111.269 -3.8218e-07 45.0367 -133.766
5.04762 23.6878 111.269 -3.81761e-07 45.0436 -133.767
5.04267 23.6815 111.268 -3.81342e-07 45.0505 -133.769
5.03773 23.6751 111.268 -3.80924e-07 45.0574 -133.771
5.03279 23.6688 111.267 -3.80505e-07 45.0642 -133.773
5.02784 23.6624 111.266 -3.80087e-07 45.0711 -133.775
5.0229 23.6561 111.266 -3.79668e-07 45.078 -133.776
5.01795 23.6497 111.265 -3.7925e-07 45.0849 -133.778
5.01301 23.6434 111.265 -3.78832e-07 45.0918 -133.78
5.00806 23.637 111.264 -3.78414e-07 45.0986 -133.782
5.00312 23.6307 111.264 -3.77996e-07 45.1055 -133.783
4.99817 23.6244 111.263 -3.77578e-07 45.1124 -133.785
4.99323 23.618 111.263 -3.7716e-07 45.1193 -133.787
4.98828 23.6117 111.262 -3.76743e-07 45.1262 -133.789
4.98333 23.6053 111.262 -3.76325e-07 45.1331 -133.79
4.97839 23.599 111.261 -3.75907e-07 45.14 -133.792
4.97344 23.5927 111.26 -3.7549e-07 45.1468 -133.794
4.9685 23.5863 111.26 -3.75073e-07 45.1537 -133.796
4.96355 23.58 111.259 -3.74655e-07 45.1606 -133.798
4.9586 23.5737 111.259 -3.74238e-07 45.1675 -133.799
4.95366 23.5673 111.258 -3.73821e-07 45.1744 -133.801
4.94871 23.561 111.258 -3.73404e-07 45.1813 -133.803
4.94376 23.5547 111.257 -3.72987e-07 45.1882 -133.805
4.93882 23.5483 111.257 -3.7257e-07 45.1951 -133.806
4.93387 23.542 111.256 -3.72154e-07 45.202 -133.808
4.92892 23.5357 111.255 -3.71737e-07 45.2089 -133.81
4.92397 23.5293 111.255 -3.7132e-07 45.2158 -133.812
4.91902 23.523 111.254 -3.70904e-07 45.2227 -133.813
4.91408 23.5167 111.254 -3.70487e-07 45.2295 -133.815
4.90913 23.5104 111.253 -3.70071e-07 45.2364 -133.817
4.90418 23.504 111.253 -3.69655e-07 45.2433 -133.819
4.89923 23.4977 111.252 -3.69239e-07 45.2502 -133.821
4.89428 23.4914 111.251 -3.68823e-07 45.2571 -133.822
4.88934 23.4851 111.251 -3.68407e-07 45.264 -133.824
4.88439 23.4788 111.25 -3.67991e-07 45.2709 -133.826
4.87944 23.4724 111.25 -3.67575e-07 45.2778 -133.828
4.87449 23.4661 111.249 -3.67159e-07 45.2847 -133.829
4.86954 23.4598 111.249 -3.66744e-07 45.2916 -133.831
4.86459 23.4535 111.248 -3.66328e-07 45.2985 -133.833
4.85964 23.4472 111.247 -3.65913e-07 45.3054 -133.835
4.85469 23.4409 111.247 -3.65497e-07 45.3123 -133.836
4.84974 23.4345 111.246 -3.65082e-07 45.3192 -133.838
4.84479 23.4282 111.246 -3.64667e-07 45.3261 -133.84
4.83984 23.4219 111.245 -3.64252e-07 45.333 -133.842
4.83489 23.4156 111.244 -3.63837e-07 45.34 -133.843
4.82994 23.4093 111.244 -3.63422e-07 45.3469 -133.845
4.82499 23.403 111.243 -3.63007e-07 45.3538 -133.847
4.82004 23.3967 111.243 -3.62592e-07 45.3607 -133.849
4.81509 23.3904 111.242 -3.62178e-07 45.3676 -133.851
4.81014 23.3841 111.241 -3.61763e-07 45.3745 -133.852
4.80519 23.3778 111.241 -3.61349e-07 45.3814 -133.854
4.80023 23.3715 111.24 -3.60934e-07 45.3883 -133.856
4.79528 23.3652 111.24 -3.6052e-07 45.3952 -133.858
4.79033 23.3589 111.239 -3.60106e-07 45.4021 -133.859
4.78538 23.3526 111.238 -3.59691e-07 45.409 -133.861
4.78043 23.3463 111.238 -3.59277e-07 45.416 -133.863
4.77548 23.34 111.237 -3.58863e-07 45.4229 -133.865
4.77052 23.3337 111.237 -3.58449e-07 45.4298 -133.866
4.76557 23.3274 111.236 -3.58036e-07 45.4367 -133.868
4.76062 23.3211 111.235 -3.57622e-07 45.4436 -133.87
4.75567 23.3148 111.235 -3.57208e-07 45.4505 -133.872
4.75071 23.3085 111.234 -3.56795e-07 45.4574 -133.874
4.74576 23.3022 111.233 -3.56381e-07 45.4644 -133.875
4.74081 23.2959 111.233 -3.55968e-07 45.4713 -133.877
4.73585 23.2896 111.232 -3.55555e-07 45.4782 -133.879
4.7309 23.2833 111.232 -3.55141e-07 45.4851 -133.881
4.72595 23.277 111.231 -3.54728e-07 45.492 -133.882
4.72099 23.2708 111.23 -3.54315e-07 45.4989 -133.884
4.71604 23.2645 111.23 -3.53902e-07 45.5059 -133.886
4.71109 23.2582 111.229 -3.53489e-07 45.5128 -133.888
4.70613 23.2519 111.228 -3.53077e-07 45.5197 -133.889
4.70118 23.2456 111.228 -3.52664e-07 45.5266 -133.891
4.69622 23.2393 111.227 -3.52251e-07 45.5336 -133.893
4.69127 23.233 111.226 -3.51839e-07 45.5405 -133.895
4.68632 23.2268 111.226 -3.51426e-07 45.5474 -133.897
4.68136 23.2205 111.225 -3.51014e-07 45.5543 -133.898
4.67641 23.2142 111.225 -3.50602e-07 45.5612 -133.9
4.67145 23.2079 111.224 -3.5019e-07 45.5682 -133.902
4.6665 23.2017 111.223 -3.49778e-07 45.5751 -133.904
4.66154 23.1954 111.223 -3.49366e-07 45.582 -133.905
4.65658 23.1891 111.222 -3.48954e-07 45.589 -133.907
4.65163 23.1828 111.221 -3.48542e-07 45.5959 -133.909
4.64667 23.1766 111.221 -3.4813e-07 45.6028 -133.911
4.64172 23.1703 111.22 -3.47718e-07 45.6097 -133.912
4.63676 23.164 111.219 -3.47307e-07 45.6167 -133.914
4.63181 23.1578 111.219 -3.46895e-07 45.6236 -133.916
4.62685 23.1515 111.218 -3.46484e-07 45.6305 -133.918
4.62189 23.1452 111.217 -3.46073e-07 45.6375 -133.92
4.61694 23.1389 111.217 -3.45661e-07 45.6444 -133.921
4.61198 23.1327 111.216 -3.4525e-07 45.6513 -133.923
4.60702 23.1264 111.215 -3.44839e-07 45.6583 -133.925
4.60207 23.1202 111.215 -3.44428e-07 45.6652 -133.927
4.59711 23.1139 111.214 -3.44017e-07 45.6721 -133.928
4.59215 23.1076 111.213 -3.43607e-07 45.6791 -133.93
4.58719 23.1014 111.213 -3.43196e-07 45.686 -133.932
4.58224 23.0951 111.212 -3.42785e-07 45.6929 -133.934
4.57728 23.0889 111.211 -3.42375e-07 45.6999 -133.935
4.57232 23.0826 111.211 -3.41964e-07 45.7068 -133.937
4.56736 23.0763 111.21 -3.41554e-07 45.7138 -133.939
4.5624 23.0701 111.209 -3.41144e-07 45.7207 -133.941
4.55745 23.0638 111.209 -3.40733e-07 45.7276 -133.943
4.55249 23.0576 111.208 -3.40323e-07 45.7346 -133.944
4.54753 23.0513 111.207 -3.39913e-07 45.7415 -133.946
4.54257 23.0451 111.206 -3.39503e-07 45.7485 -133.948
4.53761 23.0388 111.206 -3.39093e-07 45.7554 -133.95
4.53265 23.0326 111.205 -3.38684e-07 45.7623 -133.951
4.52769 23.0263 111.204 -3.38274e-07 45.7693 -133.953
4.52273 23.0201 111.204 -3.37864e-07 45.7762 -133.955
4.51777 23.0138 111.203 -3.37455e-07 45.7832 -133.957
4.51281 23.0076 111.202 -3.37045e-07 45.7901 -133.958
4.50785 23.0013 111.202 -3.36636e-07 45.7971 -133.96
4.50289 22.9951 111.201 -3.36227e-07 45.804 -133.962
4.49793 22.9889 111.2 -3.35817e-07 45.811 -133.964
4.49297 22.9826 111.199 -3.35408e-07 45.8179 -133.966
4.48801 22.9764 111.199 -3.34999e-07 45.8248 -133.967
4.48305 22.9701 111.198 -3.3459e-07 45.8318 -133.969
4.47809 22.9639 111.197 -3.34182e-07 45.8387 -133.971
4.47313 22.9577 111.197 -3.33773e-07 45.8457 -133.973
4.46817 22.9514 111.196 -3.33364e-07 45.8526 -133.974
4.46321 22.9452 111.195 -3.32956e-07 45.8596 -133.976
4.45825 22.939 111.194 -3.32547e-07 45.8665 -133.978
4.45329 22.9327 111.194 -3.32139e-07 45.8735 -133.98
4.44833 22.9265 111.193 -3.3173e-07 45.8805 -133.981
4.44336 22.9203 111.192 -3.31322e-07 45.8874 -133.983
4.4384 22.914 111.192 -3.30914e-07 45.8944 -133.985
4.43344 22.9078 111.191 -3.30506e-07 45.9013 -133.987
4.42848 22.9016 111.19 -3.30098e-07 45.9083 -133.988
4.42352 22.8953 111.189 -3.2969e-07 45.9152 -133.99
4.41855 22.8891 111.189 -3.29282e-07 45.9222 -133.992
4.41359 22.8829 111.188 -3.28874e-07 45.9291 -133.994
4.40863 22.8767 111.187 -3.28467e-07 45.9361 -133.996
4.40367 22.8704 111.187 -3.28059e-07 45.9431 -133.997
4.3987 22.8642 111.186 -3.27652e-07 45.95 -133.999
4.39374 22.858 111.185 -3.27244e-07 45.957 -134.001
4.38878 22.8518 111.184 -3.26837e-07 45.9639 -134.003
4.38382 22.8456 111.184 -3.2643e-07 45.9709 -134.004
4.37885 22.8393 111.183 -3.26022e-07 45.9779 -134.006
4.37389 22.8331 111.182 -3.25615e-07 45.9848 -134.008
4.36892 22.8269 111.181 -3.25208e-07 45.9918 -134.01
4.36396 22.8207 111.181 -3.24802e-07 45.9987 -134.011
4.359 22.8145 111.18 -3.24395e-07 46.0057 -134.013
4.35403 22.8083 111.179 -3.23988e-07 46.0127 -134.015
4.34907 22.8021 111.178 -3.23581e-07 46.0196 -134.017
4.3441 22.7958 111.178 -3.23175e-07 46.0266 -134.019
4.33914 22.7896 111.177 -3.22768e-07 46.0336 -134.02
4.33417 22.7834 111.176 -3.22362e-07 46.0405 -134.022
4.32921 22.7772 111.175 -3.21956e-07 46.0475 -134.024
4.32425 22.771 111.175 -3.21549e-07 46.0545 -134.026
4.31928 22.7648 111.174 -3.21143e-07 46.0614 -134.027
4.31431 22.7586 111.173 -3.20737e-07 46.0684 -134.029
4.30935 22.7524 111.172 -3.20331e-07 46.0754 -134.031
4.30438 22.7462 111.171 -3.19925e-07 46.0823 -134.033
4.29942 22.74 111.171 -3.19519e-07 46.0893 -134.034
4.29445 22.7338 111.17 -3.19114e-07 46.0963 -134.036
4.28949 22.7276 111.169 -3.18708e-07 46.1033 -134.038
4.28452 22.7214 111.168 -3.18303e-07 46.1102 -134.04
4.27955 22.7152 111.168 -3.17897e-07 46.1172 -134.042
4.27459 22.709 111.167 -3.17492e-07 46.1242 -134.043
4.26962 22.7028 111.166 -3.17086e-07 46.1312 -134.045
4.26466 22.6966 111.165 -3.16681e-07 46.1381 -134.047
4.25969 22.6904 111.164 -3.16276e-07 46.1451 -134.049
4.25472 22.6842 111.164 -3.15871e-07 46.1521 -134.05
4.24975 22.678 111.163 -3.15466e-07 46.1591 -134.052
4.24479 22.6718 111.162 -3.15061e-07 46.166 -134.054
4.23982 22.6656 111.161 -3.14656e-07 46.173 -134.056
4.23485 22.6595 111.161 -3.14252e-07 46.18 -134.057
4.22989 22.6533 111.16 -3.13847e-07 46.187 -134.059
4.22492 22.6471 111.159 -3.13442e-07 46.1939 -134.061
4.21995 22.6409 111.158 -3.13038e-07 46.2009 -134.063
4.21498 22.6347 111.157 -3.12634e-07 46.2079 -134.065
4.21001 22.6285 111.157 -3.12229e-07 46.2149 -134.066
4.20505 22.6223 111.156 -3.11825e-07 46.2219 -134.068
4.20008 22.6162 111.155 -3.11421e-07 46.2289 -134.07
4.19511 22.61 111.154 -3.11017e-07 46.2358 -134.072
4.19014 22.6038 111.153 -3.10613e-07 46.2428 -134.073
4.18517 22.5976 111.153 -3.10209e-07 46.2498 -134.075
4.1802 22.5915 111.152 -3.09805e-07 46.2568 -134.077
4.17523 22.5853 111.151 -3.09401e-07 46.2638 -134.079
4.17026 22.5791 111.15 -3.08998e-07 46.2708 -134.08
4.16529 22.5729 111.149 -3.08594e-07 46.2777 -134.082
4.16033 22.5668 111.149 -3.08191e-07 46.2847 -134.084
4.15536 22.5606 111.148 -3.07787e-07 46.2917 -134.086
4.15039 22.5544 111.147 -3.07384e-07 46.2987 -134.088
4.14542 22.5482 111.146 -3.06981e-07 46.3057 -134.089
4.14045 22.5421 111.145 -3.06578e-07 46.3127 -134.091
4.13548 22.5359 111.144 -3.06175e-07 46.3197 -134.093
4.13051 22.5297 111.144 -3.05772e-07 46.3267 -134.095
4.12554 22.5236 111.143 -3.05369e-07 46.3337 -134.096
4.12056 22.5174 111.142 -3.04966e-07 46.3406 -134.098
4.11559 22.5112 111.141 -3.04563e-07 46.3476 -134.1
4.11062 22.5051 111.14 -3.04161e-07 46.3546 -134.102
4.10565 22.4989 111.139 -3.03758e-07 46.3616 -134.103
4.10068 22.4928 111.139 -3.03356e-07 46.3686 -134.105
4.09571 22.4866 111.138 -3.02953e-07 46.3756 -134.107
4.09074 22.4804 111.137 -3.02551e-07 46.3826 -134.109
4.08577 22.4743 111.136 -3.02149e-07 46.3896 -134.111
4.0808 22.4681 111.135 -3.01747e-07 46.3966 -134.112
4.07582 22.462 111.134 -3.01345e-07 46.4036 -134.114
4.07085 22.4558 111.134 -3.00943e-07 46.4106 -134.116
4.06588 22.4497 111.133 -3.00541e-07 46.4176 -134.118
4.06091 22.4435 111.132 -3.00139e-07 46.4246 -134.119
4.05593 22.4374 111.131 -2.99737e-07 46.4316 -134.121
4.05096 22.4312 111.13 -2.99336e-07 46.4386 -134.123
4.04599 22.4251 111.129 -2.98934e-07 46.4456 -134.125
4.04102 22.4189 111.129 -2.98533e-07 46.4526 -134.126
4.03604 22.4128 111.128 -2.98131e-07 46.4596 -134.128
4.03107 22.4066 111.127 -2.9773e-07 46.4666 -134.13
4.0261 22.4005 111.126 -2.97329e-07 46.4736 -134.132
4.02112 22.3943 111.125 -2.96927e-07 46.4806 -134.134
4.01615 22.3882 111.124 -2.96526e-07 46.4876 -134.135
4.01118 22.382 111.123 -2.96125e-07 46.4946 -134.137
4.0062 22.3759 111.123 -2.95725e-07 46.5015 -134.139
4.00123 22.37 111.122 -2.95325e-07 46.5083 -134.141
3.99626 22.3641 111.121 -2.94926e-07 46.515 -134.142
3.99128 22.3583 111.12 -2.94528e-07 46.5216 -134.144
3.98631 22.3526 111.119 -2.9413e-07 46.528 -134.146
3.98133 22.3469 111.119 -2.93733e-07 46.5343 -134.148
3.97636 22.3414 111.118 -2.93336e-07 46.5405 -134.149
3.97138 22.336 111.117 -2.92941e-07 46.5465 -134.151
3.96641 22.3307 111.117 -2.92546e-07 46.5525 -134.153
3.96144 22.3254 111.116 -2.92151e-07 46.5583 -134.155
3.95646 22.3203 111.116 -2.91758e-07 46.5639 -134.156
3.95148 22.3153 111.115 -2.91365e-07 46.5695 -134.158
3.94651 22.3103 111.115 -2.90972e-07 46.5749 -134.16
3.94153 22.3055 111.114 -2.90581e-07 46.5802 -134.162
3.93656 22.3007 111.114 -2.9019e-07 46.5854 -134.164
3.93158 22.296 111.114 -2.89799e-07 46.5904 -134.165
3.92661 22.2915 111.113 -2.8941e-07 46.5953 -134.167
3.92163 22.287 111.113 -2.8902e-07 46.6001 -134.169
3.91666 22.2826 111.113 -2.88632e-07 46.6048 -134.171
3.91168 22.2783 111.112 -2.88244e-07 46.6093 -134.172
3.9067 22.2741 111.112 -2.87857e-07 46.6137 -134.174
3.90173 22.27 111.112 -2.87471e-07 46.618 -134.176
3.89675 22.266 111.112 -2.87085e-07 46.6222 -134.178
3.89177 22.2621 111.112 -2.867e-07 46.6262 -134.179
3.8868 22.2583 111.112 -2.86315e-07 46.6301 -134.181
3.88182 22.2546 111.111 -2.85931e-07 46.6339 -134.183
3.87684 22.251 111.111 -2.85548e-07 46.6376 -134.185
3.87186 22.2474 111.111 -2.85165e-07 46.6411 -134.187
3.86689 22.244 111.111 -2.84783e-07 46.6445 -134.188
3.86191 22.2406 111.112 -2.84402e-07 46.6478 -134.19
3.85693 22.2374 111.112 -2.84021e-07 46.651 -134.192
3.85195 22.2342 111.112 -2.83641e-07 46.654 -134.194
3.84698 22.2312 111.112 -2.83262e-07 46.6569 -134.195
3.842 22.2282 111.112 -2.82883e-07 46.6597 -134.197
3.83702 22.2253 111.112 -2.82504e-07 46.6623 -134.199
3.83204 22.2226 111.113 -2.82127e-07 46.6648 -134.201
3.82706 22.2199 111.113 -2.81749e-07 46.6672 -134.202
3.82208 22.2173 111.113 -2.81373e-07 46.6695 -134.204
3.81711 22.2148 111.114 -2.80997e-07 46.6717 -134.206
3.81213 22.2124 111.114 -2.80622e-07 46.6737 -134.208
3.80715 22.2101 111.114 -2.80247e-07 46.6756 -134.21
3.80217 22.2079 111.115 -2.79873e-07 46.6773 -134.211
3.79719 22.2057 111.115 -2.79499e-07 46.679 -134.213
3.79221 22.2037 111.116 -2.79126e-07 46.6805 -134.215
3.78723 22.2018 111.116 -2.78754e-07 46.6819 -134.217
3.78225 22.1999 111.117 -2.78382e-07 46.6831 -134.218
3.77727 22.1982 111.118 -2.78011e-07 46.6843 -134.22
3.77229 22.1965 111.118 -2.7764e-07 46.6853 -134.222
3.76731 22.195 111.119 -2.7727e-07 46.6862 -134.224
3.76233 22.1935 111.12 -2.76901e-07 46.6869 -134.225
3.75735 22.1922 111.12 -2.76532e-07 46.6876 -134.227
3.75237 22.1909 111.121 -2.76164e-07 46.6881 -134.229
3.74739 22.1897 111.122 -2.75796e-07 46.6885 -134.231
3.74241 22.1886 111.123 -2.75429e-07 46.6887 -134.233
3.73743 22.1876 111.124 -2.75062e-07 46.6888 -134.234
3.73245 22.1867 111.124 -2.74696e-07 46.6888 -134.236
3.72747 22.1859 111.125 -2.74331e-07 46.6887 -134.238
3.72248 22.1852 111.126 -2.73966e-07 46.6885 -134.24
3.7175 22.1846 111.127 -2.73601e-07 46.6881 -134.241
3.71252 22.1841 111.128 -2.73237e-07 46.6876 -134.243
3.70754 22.1836 111.129 -2.72874e-07 46.687 -134.245
3.70256 22.1833 111.13 -2.72511e-07 46.6862 -134.247
3.69758 22.1831 111.132 -2.72149e-07 46.6853 -134.248
3.69259 22.1829 111.133 -2.71787e-07 46.6843 -134.25
3.68761 22.1829 111.134 -2.71426e-07 46.6832 -134.252
3.68263 22.1829 111.135 -2.71066e-07 46.6819 -134.254
3.67765 22.183 111.136 -2.70706e-07 46.6805 -134.256
3.67267 22.1833 111.138 -2.70346e-07 46.679 -134.257
3.66768 22.1836 111.139 -2.69987e-07 46.6774 -134.259
3.6627 22.184 111.14 -2.69629e-07 46.6756 -134.261
3.65772 22.1845 111.142 -2.69271e-07 46.6737 -134.263
3.65273 22.1851 111.143 -2.68913e-07 46.6717 -134.264
3.64775 22.1858 111.145 -2.68556e-07 46.6696 -134.266
3.64277 22.1866 111.146 -2.682e-07 46.6673 -134.268
3.63778 22.1875 111.148 -2.67844e-07 46.6649 -134.27
3.6328 22.1885 111.149 -2.67489e-07 46.6624 -134.271
3.62782 22.1896 111.151 -2.67134e-07 46.6597 -134.273
3.62283 22.1907 111.152 -2.6678e-07 46.657 -134.275
3.61785 22.192 111.154 -2.66426e-07 46.6541 -134.277
3.61286 22.1934 111.156 -2.66073e-07 46.651 -134.279
3.60788 22.1948 111.157 -2.6572e-07 46.6479 -134.28
3.6029 22.1964 111.159 -2.65368e-07 46.6446 -134.282
3.59791 22.198 111.161 -2.65016e-07 46.6412 -134.284
3.59293 22.1998 111.163 -2.64665e-07 46.6377 -134.286
3.58794 22.2016 111.164 -2.64314e-07 46.634 -134.287
3.58296 22.2035 111.166 -2.63964e-07 46.6302 -134.289
3.57797 22.2055 111.168 -2.63614e-07 46.6263 -134.291
3.57299 22.2076 111.17 -2.63264e-07 46.6223 -134.293
3.568 22.2099 111.172 -2.62916e-07 46.6181 -134.294
3.56302 22.2122 111.174 -2.62567e-07 46.6138 -134.296
3.55803 22.2146 111.176 -2.6222e-07 46.6094 -134.298
3.55305 22.217 111.178 -2.61872e-07 46.6049 -134.3
3.54806 22.2196 111.18 -2.61525e-07 46.6002 -134.302
3.54307 22.2223 111.182 -2.61179e-07 46.5954 -134.303
3.53809 22.2251 111.184 -2.60833e-07 46.5905 -134.305
3.5331 22.228 111.187 -2.60488e-07 46.5854 -134.307
3.52812 22.2309 111.189 -2.60143e-07 46.5803 -134.309
3.52313 22.234 111.191 -2.59798e-07 46.575 -134.31
3.51814 22.2371 111.193 -2.59454e-07 46.5695 -134.312
3.51316 22.2404 111.196 -2.59111e-07 46.564 -134.314
3.50817 22.2437 111.198 -2.58768e-07 46.5583 -134.316
3.50318 22.2472 111.2 -2.58425e-07 46.5525 -134.317
3.4982 22.2507 111.203 -2.58083e-07 46.5466 -134.319
3.49321 22.2543 111.205 -2.57741e-07 46.5405 -134.321
3.48822 22.2581 111.208 -2.574e-07 46.5343 -134.323
3.48323 22.2619 111.21 -2.57059e-07 46.528 -134.324
3.47825 22.2658 111.213 -2.56719e-07 46.5216 -134.326
3.47326 22.2698 111.215 -2.56379e-07 46.515 -134.328
3.46827 22.2739 111.218 -2.5604e-07 46.5083 -134.33
3.46328 22.2781 111.22 -2.55701e-07 46.5015 -134.332
3.45828 22.2824 111.223 -2.55361e-07 46.4946 -134.333
3.45318 22.2868 111.226 -2.55015e-07 46.4875 -134.335
3.44796 22.2912 111.228 -2.5466e-07 46.4803 -134.337
3.44263 22.2958 111.231 -2.54298e-07 46.473 -134.339
3.43718 22.3005 111.234 -2.53927e-07 46.4655 -134.34
3.43162 22.3051 111.237 -2.53549e-07 46.4579 -134.342
3.42594 22.3099 111.24 -2.53163e-07 46.4502 -134.343
3.42015 22.3148 111.243 -2.52769e-07 46.4423 -134.344
3.41425 22.3197 111.246 -2.52366e-07 46.4343 -134.346
3.40827 22.3248 111.249 -2.51959e-07 46.4262 -134.347
3.40229 22.3299 111.252 -2.51552e-07 46.4179 -134.349
3.39631 22.3351 111.255 -2.51145e-07 46.4095 -134.35
3.39033 22.3405 111.259 -2.50739e-07 46.401 -134.351
3.38435 22.3459 111.262 -2.50333e-07 46.3924 -134.353
3.37837 22.3514 111.265 -2.49928e-07 46.3836 -134.354
3.37239 22.357 111.268 -2.49523e-07 46.3747 -134.355
3.36641 22.3628 111.272 -2.49118e-07 46.3657 -134.357
3.36043 22.3686 111.275 -2.48714e-07 46.3566 -134.358
3.35445 22.3745 111.278 -2.4831e-07 46.3473 -134.359
3.34846 22.3805 111.282 -2.47906e-07 46.3379 -134.361
3.34248 22.3866 111.285 -2.47503e-07 46.3284 -134.362
3.3365 22.3928 111.288 -2.471e-07 46.3187 -134.363
3.33052 22.3991 111.292 -2.46698e-07 46.309 -134.365
3.32454 22.4055 111.295 -2.46296e-07 46.2991 -134.366
3.31855 22.412 111.299 -2.45895e-07 46.289 -134.368
3.31257 22.4185 111.303 -2.45493e-07 46.2789 -134.369
3.30659 22.4252 111.306 -2.45093e-07 46.2686 -134.37
3.30061 22.432 111.31 -2.44692e-07 46.2582 -134.372
3.29462 22.4389 111.313 -2.44292e-07 46.2477 -134.373
3.28864 22.4458 111.317 -2.43892e-07 46.237 -134.374
3.28266 22.4529 111.321 -2.43493e-07 46.2263 -134.376
3.27667 22.4601 111.325 -2.43094e-07 46.2154 -134.377
3.27069 22.4673 111.328 -2.42695e-07 46.2043 -134.378
3.26471 22.4747 111.332 -2.42297e-07 46.1932 -134.38
3.25872 22.4821 111.336 -2.41899e-07 46.1819 -134.381
3.25274 22.4897 111.34 -2.41501e-07 46.1705 -134.383
3.24675 22.4973 111.344 -2.41104e-07 46.159 -134.384
3.24077 22.5051 111.348 -2.40707e-07 46.1473 -134.385
3.23478 22.5129 111.352 -2.40311e-07 46.1355 -134.387
3.2288 22.5209 111.356 -2.39914e-07 46.1236 -134.388
3.22281 22.5289 111.36 -2.39519e-07 46.1116 -134.389
3.21683 22.5371 111.364 -2.39123e-07 46.0994 -134.391
3.21084 22.5453 111.368 -2.38728e-07 46.0871 -134.392
3.20486 22.5536 111.372 -2.38333e-07 46.0747 -134.393
3.19887 22.562 111.376 -2.37938e-07 46.0622 -134.395
3.19289 22.5706 111.38 -2.37544e-07 46.0495 -134.396
3.1869 22.5792 111.384 -2.3715e-07 46.0367 -134.398
3.18091 22.5879 111.388 -2.36757e-07 46.0238 -134.399
3.17493 22.5967 111.392 -2.36364e-07 46.0108 -134.4
3.16894 22.6057 111.397 -2.35971e-07 45.9976 -134.402
3.16295 22.6147 111.401 -2.35578e-07 45.9843 -134.403
3.15697 22.6238 111.405 -2.35186e-07 45.9709 -134.404
3.15098 22.633 111.41 -2.34794e-07 45.9573 -134.406
3.14499 22.6423 111.414 -2.34403e-07 45.9437 -134.407
3.13901 22.6517 111.418 -2.34011e-07 45.9299 -134.408
3.13302 22.6613 111.423 -2.3362e-07 45.9159 -134.41
3.12703 22.6709 111.427 -2.3323e-07 45.9019 -134.411
3.12104 22.6806 111.432 -2.32839e-07 45.8877 -134.412
3.11505 22.6904 111.436 -2.32449e-07 45.8734 -134.414
3.10907 22.7003 111.441 -2.32059e-07 45.859 -134.415
3.10308 22.7103 111.445 -2.3167e-07 45.8445 -134.417
3.09709 22.7204 111.45 -2.31281e-07 45.8298 -134.418
3.0911 22.7306 111.454 -2.30892e-07 45.815 -134.419
3.08511 22.7409 111.459 -2.30503e-07 45.8001 -134.421
3.07912 22.7513 111.464 -2.30115e-07 45.785 -134.422
3.07313 22.7618 111.468 -2.29727e-07 45.7698 -134.423
3.06714 22.7724 111.473 -2.2934e-07 45.7545 -134.425
3.06115 22.7831 111.478 -2.28952e-07 45.7391 -134.426
3.05516 22.7939 111.483 -2.28565e-07 45.7236 -134.427
3.04917 22.8048 111.487 -2.28178e-07 45.7079 -134.429
3.04318 22.8158 111.492 -2.27792e-07 45.6921 -134.43
3.03719 22.8269 111.497 -2.27405e-07 45.6761 -134.432
3.0312 22.8381 111.502 -2.27019e-07 45.6601 -134.433
3.02521 22.8494 111.507 -2.26634e-07 45.6439 -134.434
3.01922 22.8608 111.512 -2.26248e-07 45.6276 -134.436
3.01323 22.8723 111.517 -2.25863e-07 45.6112 -134.437
3.00724 22.8839 111.521 -2.25478e-07 45.5946 -134.438
3.00125 22.8956 111.526 -2.25094e-07 45.5779 -134.44
2.99525 22.9074 111.531 -2.24709e-07 45.5611 -134.441
2.98926 22.9193 111.536 -2.24325e-07 45.5442 -134.442
2.98327 22.9313 111.542 -2.23941e-07 45.5272 -134.444
2.97728 22.9434 111.547 -2.23558e-07 45.51 -134.445
2.97129 22.9556 111.552 -2.23174e-07 45.4927 -134.447
2.96529 22.968 111.557 -2.22791e-07 45.4752 -134.448
2.9593 22.9804 111.562 -2.22409e-07 45.4577 -134.449
2.95331 22.9929 111.567 -2.22026e-07 45.44 -134.451
2.94732 23.0055 111.572 -2.21644e-07 45.4222 -134.452
2.94132 23.0182 111.578 -2.21262e-07 45.4043 -134.453
2.93533 23.031 111.583 -2.2088e-07 45.3862 -134.455
2.92934 23.0439 111.588 -2.20498e-07 45.368 -134.456
2.92334 23.057 111.593 -2.20117e-07 45.3497 -134.457
2.91735 23.0701 111.599 -2.19736e-07 45.3313 -134.459
2.91135 23.0833 111.604 -2.19355e-07 45.3128 -134.46
2.90536 23.0966 111.609 -2.18974e-07 45.2941 -134.461
2.89937 23.11 111.615 -2.18594e-07 45.2753 -134.463
2.89337 23.1236 111.62 -2.18214e-07 45.2563 -134.464
2.88738 23.1372 111.626 -2.17834e-07 45.2373 -134.466
2.88138 23.1509 111.631 -2.17454e-07 45.2181 -134.467
2.87539 23.1648 111.636 -2.17075e-07 45.1988 -134.468
2.86939 23.1787 111.642 -2.16696e-07 45.1794 -134.47
2.8634 23.1928 111.647 -2.16317e-07 45.1598 -134.471
2.8574 23.2069 111.653 -2.15938e-07 45.1402 -134.472
2.85141 23.2211 111.658 -2.15559e-07 45.1204 -134.474
2.84541 23.2355 111.664 -2.15181e-07 45.1004 -134.475
2.83941 23.25 111.67 -2.14803e-07 45.0804 -134.476
2.83342 23.2645 111.675 -2.14425e-07 45.0602 -134.478
2.82742 23.2792 111.681 -2.14047e-07 45.0399 -134.479
2.82143 23.2939 111.687 -2.13669e-07 45.0195 -134.481
2.81543 23.3088 111.692 -2.13292e-07 44.9989 -134.482
2.80943 23.3238 111.698 -2.12915e-07 44.9783 -134.483
2.80344 23.3389 111.704 -2.12538e-07 44.9575 -134.485
2.79744 23.354 111.709 -2.12161e-07 44.9366 -134.486
2.79144 23.3693 111.715 -2.11785e-07 44.9155 -134.487
2.78544 23.3847 111.721 -2.11409e-07 44.8943 -134.489
2.77945 23.4002 111.727 -2.11033e-07 44.873 -134.49
2.77345 23.4158 111.733 -2.10657e-07 44.8516 -134.491
2.76745 23.4315 111.738 -2.10281e-07 44.8301 -134.493
2.76145 23.4473 111.744 -2.09905e-07 44.8084 -134.494
2.75545 23.4632 111.75 -2.0953e-07 44.7866 -134.496
2.74946 23.4792 111.756 -2.09155e-07 44.7647 -134.497
2.74346 23.4953 111.762 -2.08779e-07 44.7428 -134.498
2.73746 23.5114 111.768 -2.08404e-07 44.7209 -134.5
2.73146 23.5274 111.774 -2.08028e-07 44.6989 -134.501
2.72546 23.5435 111.78 -2.07652e-07 44.677 -134.502
2.71946 23.5596 111.785 -2.07275e-07 44.655 -134.504
2.71346 23.5757 111.791 -2.06898e-07 44.6331 -134.505
2.70746 23.5918 111.797 -2.06521e-07 44.6112 -134.506
2.70146 23.6079 111.803 -2.06144e-07 44.5893 -134.508
2.69546 23.624 111.809 -2.05767e-07 44.5673 -134.509
2.68946 23.6401 111.815 -2.05389e-07 44.5454 -134.51
2.68346 23.6562 111.82 -2.0501e-07 44.5235 -134.512
2.67746 23.6723 111.826 -2.04632e-07 44.5016 -134.513
2.67146 23.6885 111.832 -2.04253e-07 44.4796 -134.515
2.66546 23.7046 111.838 -2.03874e-07 44.4577 -134.516
2.65946 23.7208 111.843 -2.03495e-07 44.4358 -134.517
2.65346 23.737 111.849 -2.03115e-07 44.4139 -134.519
2.64746 23.7531 111.855 -2.02735e-07 44.392 -134.52
2.64146 23.7693 111.861 -2.02355e-07 44.3701 -134.521
2.63546 23.7855 111.866 -2.01975e-07 44.3482 -134.523
2.62945 23.8017 111.872 -2.01594e-07 44.3263 -134.524
2.62345 23.8179 111.878 -2.01213e-07 44.3044 -134.525
2.61745 23.8341 111.883 -2.00832e-07 44.2824 -134.527
2.61145 23.8503 111.889 -2.0045e-07 44.2605 -134.528
2.60545 23.8666 111.895 -2.00068e-07 44.2387 -134.53
2.59944 23.8828 111.9 -1.99686e-07 44.2168 -134.531
2.59344 23.899 111.906 -1.99303e-07 44.1949 -134.532
2.58744 23.9153 111.912 -1.9892e-07 44.173 -134.534
2.58143 23.9315 111.917 -1.98537e-07 44.1511 -134.535
2.57543 23.9478 111.923 -1.98154e-07 44.1292 -134.536
2.56943 23.9641 111.929 -1.9777e-07 44.1073 -134.538
2.56342 23.9804 111.934 -1.97386e-07 44.0854 -134.539
2.55742 23.9966 111.94 -1.97002e-07 44.0635 -134.54
2.55142 24.0129 111.945 -1.96617e-07 44.0416 -134.542
2.54541 24.0292 111.951 -1.96233e-07 44.0198 -134.543
2.53941 24.0456 111.957 -1.95847e-07 43.9979 -134.545
2.53341 24.0619 111.962 -1.95462e-07 43.976 -134.546
2.5274 24.0782 111.968 -1.95076e-07 43.9541 -134.547
2.5214 24.0945 111.973 -1.9469e-07 43.9323 -134.549
2.51539 24.1109 111.979 -1.94304e-07 43.9104 -134.55
2.50939 24.1272 111.984 -1.93917e-07 43.8885 -134.551
2.50338 24.1436 111.99 -1.9353e-07 43.8667 -134.553
2.49738 24.16 111.995 -1.93143e-07 43.8448 -134.554
2.49137 24.1763 112.001 -1.92755e-07 43.8229 -134.555
2.48537 24.1927 112.006 -1.92368e-07 43.8011 -134.557
2.47936 24.2091 112.012 -1.91979e-07 43.7792 -134.558
2.47335 24.2255 112.017 -1.91591e-07 43.7574 -134.559
2.46735 24.2419 112.023 -1.91202e-07 43.7355 -134.561
2.46134 24.2583 112.028 -1.90813e-07 43.7137 -134.562
2.45534 24.2747 112.033 -1.90424e-07 43.6918 -134.564
2.44933 24.2911 112.039 -1.90034e-07 43.67 -134.565
2.44332 24.3076 112.044 -1.89644e-07 43.6481 -134.566
2.43732 24.324 112.05 -1.89254e-07 43.6263 -134.568
2.43131 24.3405 112.055 -1.88863e-07 43.6044 -134.569
2.4253 24.3569 112.06 -1.88472e-07 43.5826 -134.57
2.4193 24.3734 112.066 -1.88081e-07 43.5608 -134.572
2.41329 24.3899 112.071 -1.87689e-07 43.5389 -134.573
2.40728 24.4063 112.077 -1.87298e-07 43.5171 -134.574
2.40127 24.4228 112.082 -1.86906e-07 43.4953 -134.576
2.39526 24.4393 112.087 -1.86513e-07 43.4734 -134.577
2.38926 24.4558 112.093 -1.8612e-07 43.4516 -134.579
2.38325 24.4723 112.098 -1.85727e-07 43.4298 -134.58
2.37724 24.4888 112.103 -1.85334e-07 43.4079 -134.581
2.37123 24.5054 112.109 -1.8494e-07 43.3861 -134.583
2.36522 24.5219 112.114 -1.84546e-07 43.3643 -134.584
2.35921 24.5384 112.119 -1.84152e-07 43.3425 -134.585
2.35321 24.555 112.124 -1.83757e-07 43.3207 -134.587
2.3472 24.5715 112.13 -1.83362e-07 43.2989 -134.588
2.34119 24.5881 112.135 -1.82967e-07 43.2771 -134.589
2.33518 24.6047 112.14 -1.82572e-07 43.2552 -134.591
2.32917 24.6212 112.145 -1.82176e-07 43.2334 -134.592
2.32316 24.6378 112.151 -1.81779e-07 43.2116 -134.594
2.31715 24.6544 112.156 -1.81383e-07 43.1898 -134.595
2.31114 24.671 112.161 -1.80986e-07 43.168 -134.596
2.30513 24.6876 112.166 -1.80589e-07 43.1462 -134.598
2.29912 24.7042 112.171 -1.80191e-07 43.1244 -134.599
2.29311 24.7209 112.176 -1.79794e-07 43.1026 -134.6
2.2871 24.7375 112.182 -1.79396e-07 43.0808 -134.602
2.28109 24.7541 112.187 -1.78997e-07 43.0591 -134.603
2.27508 24.7708 112.192 -1.78598e-07 43.0373 -134.604
2.26906 24.7874 112.197 -1.78199e-07 43.0155 -134.606
2.26305 24.8041 112.202 -1.778e-07 42.9937 -134.607
2.25704 24.8208 112.207 -1.774e-07 42.9719 -134.608
2.25103 24.8374 112.212 -1.77e-07 42.9501 -134.61
2.24502 24.8541 112.218 -1.766e-07 42.9284 -134.611
2.23901 24.8708 112.223 -1.76199e-07 42.9066 -134.613
2.23299 24.8875 112.228 -1.75798e-07 42.8848 -134.614
2.22698 24.9042 112.233 -1.75397e-07 42.8631 -134.615
2.22097 24.9209 112.238 -1.74995e-07 42.8413 -134.617
2.21496 24.9376 112.243 -1.74593e-07 42.8195 -134.618
2.20894 24.9544 112.248 -1.74191e-07 42.7978 -134.619
2.20293 24.9711 112.253 -1.73788e-07 42.776 -134.621
2.19692 24.9878 112.258 -1.73385e-07 42.7542 -134.622
2.19091 25.0046 112.263 -1.72982e-07 42.7325 -134.623
2.18489 25.0213 112.268 -1.72579e-07 42.7107 -134.625
2.17888 25.0381 112.273 -1.72175e-07 42.689 -134.626
2.17287 25.0549 112.278 -1.7177e-07 42.6672 -134.628
2.16685 25.0717 112.283 -1.71366e-07 42.6455 -134.629
2.16084 25.0884 112.288 -1.70961e-07 42.6237 -134.63
2.15482 25.1052 112.293 -1.70556e-07 42.602 -134.632
2.14881 25.122 112.298 -1.7015e-07 42.5802 -134.633
2.1428 25.1388 112.303 -1.69744e-07 42.5585 -134.634
2.13678 25.1557 112.308 -1.69338e-07 42.5368 -134.636
2.13077 25.1725 112.312 -1.68931e-07 42.515 -134.637
2.12475 25.1893 112.317 -1.68524e-07 42.4933 -134.638
2.11874 25.2061 112.322 -1.68117e-07 42.4716 -134.64
2.11272 25.223 112.327 -1.6771e-07 42.4498 -134.641
2.10671 25.2398 112.332 -1.67302e-07 42.4281 -134.643
2.10069 25.2567 112.337 -1.66893e-07 42.4064 -134.644
2.09468 25.2736 112.342 -1.66485e-07 42.3847 -134.645
2.08866 25.2904 112.347 -1.66076e-07 42.363 -134.647
2.08264 25.3073 112.351 -1.65667e-07 42.3412 -134.648
2.07663 25.3242 112.356 -1.65257e-07 42.3195 -134.649
2.07061 25.3411 112.361 -1.64847e-07 42.2978 -134.651
2.0646 25.358 112.366 -1.64437e-07 42.2761 -134.652
2.05858 25.3749 112.371 -1.64026e-07 42.2544 -134.653
2.05256 25.3918 112.375 -1.63615e-07 42.2327 -134.655
2.04655 25.4088 112.38 -1.63204e-07 42.211 -134.656
2.04053 25.4257 112.385 -1.62792e-07 42.1893 -134.657
2.03451 25.4426 112.39 -1.6238e-07 42.1676 -134.659
2.0285 25.4596 112.395 -1.61968e-07 42.1459 -134.66
2.02248 25.4766 112.399 -1.61555e-07 42.1242 -134.662
2.01646 25.4935 112.404 -1.61142e-07 42.1025 -134.663
2.01044 25.5105 112.409 -1.60729e-07 42.0808 -134.664
2.00443 25.5275 112.413 -1.60315e-07 42.0591 -134.666
1.99841 25.5444 112.418 -1.59901e-07 42.0375 -134.667
1.99239 25.5614 112.423 -1.59487e-07 42.0158 -134.668
1.98637 25.5784 112.427 -1.59072e-07 41.9941 -134.67
1.98035 25.5954 112.432 -1.58657e-07 41.9724 -134.671
1.97433 25.6125 112.437 -1.58242e-07 41.9508 -134.672
1.96832 25.6295 112.441 -1.57826e-07 41.9291 -134.674
1.9623 25.6465 112.446 -1.5741e-07 41.9074 -134.675
1.95628 25.6635 112.451 -1.56993e-07 41.8858 -134.677
1.95026 25.6806 112.455 -1.56576e-07 41.8641 -134.678
1.94424 25.6976 112.46 -1.56159e-07 41.8424 -134.679
1.93822 25.7147 112.465 -1.55742e-07 41.8208 -134.681
1.9322 25.7318 112.469 -1.55324e-07 41.7991 -134.682
1.92618 25.7488 112.474 -1.54906e-07 41.7775 -134.683
1.92016 25.7659 112.478 -1.54487e-07 41.7558 -134.685
1.91414 25.783 112.483 -1.54068e-07 41.7342 -134.686
1.90812 25.8001 112.487 -1.53649e-07 41.7125 -134.687
1.9021 25.8172 112.492 -1.53229e-07 41.6909 -134.689
1.89608 25.8343 112.496 -1.52809e-07 41.6692 -134.69
1.89006 25.8514 112.501 -1.52389e-07 41.6476 -134.692
1.88404 25.8685 112.506 -1.51968e-07 41.6259 -134.693
1.87802 25.8857 112.51 -1.51547e-07 41.6043 -134.694
1.872 25.9028 112.515 -1.51126e-07 41.5827 -134.696
1.86598 25.9199 112.519 -1.50704e-07 41.5611 -134.697
1.85996 25.9371 112.523 -1.50282e-07 41.5394 -134.698
1.85393 25.9543 112.528 -1.49859e-07 41.5178 -134.7
1.84791 25.9714 112.532 -1.49436e-07 41.4962 -134.701
1.84189 25.9886 112.537 -1.49013e-07 41.4746 -134.702
1.83587 26.0058 112.541 -1.4859e-07 41.4529 -134.704
1.82985 26.023 112.546 -1.48166e-07 41.4313 -134.705
1.82382 26.0402 112.55 -1.47741e-07 41.4097 -134.707
1.8178 26.0574 112.555 -1.47317e-07 41.3881 -134.708
1.81178 26.0746 112.559 -1.46892e-07 41.3665 -134.709
1.80576 26.0918 112.563 -1.46466e-07 41.3449 -134.711
1.79973 26.109 112.568 -1.4604e-07 41.3233 -134.712
1.79371 26.1262 112.572 -1.45614e-07 41.3017 -134.713
1.78769 26.1435 112.576 -1.45188e-07 41.2801 -134.715
1.78167 26.1607 112.581 -1.44761e-07 41.2585 -134.716
1.77564 26.178 112.585 -1.44334e-07 41.2369 -134.717
1.76962 26.1952 112.589 -1.43906e-07 41.2153 -134.719
1.7636 26.2125 112.594 -1.43478e-07 41.1937 -134.72
1.75757 26.2298 112.598 -1.4305e-07 41.1722 -134.721
1.75155 26.2471 112.602 -1.42621e-07 41.1506 -134.723
1.74552 26.2643 112.607 -1.42192e-07 41.129 -134.724
1.7395 26.2816 112.611 -1.41763e-07 41.1074 -134.726
1.73348 26.2989 112.615 -1.41333e-07 41.0859 -134.727
1.72745 26.3162 112.619 -1.40903e-07 41.0643 -134.728
1.72143 26.3336 112.624 -1.40472e-07 41.0427 -134.73
1.7154 26.3509 112.628 -1.40041e-07 41.0211 -134.731
1.70938 26.3682 112.632 -1.3961e-07 40.9996 -134.732
1.70335 26.3854 112.636 -1.39178e-07 40.9783 -134.734
1.69733 26.4025 112.641 -1.38745e-07 40.957 -134.735
1.6913 26.4195 112.645 -1.38311e-07 40.9359 -134.736
1.68528 26.4363 112.649 -1.37877e-07 40.9149 -134.738
1.67925 26.4532 112.653 -1.37442e-07 40.894 -134.739
1.67322 26.4699 112.657 -1.37006e-07 40.8732 -134.741
1.6672 26.4865 112.661 -1.3657e-07 40.8526 -134.742
1.66117 26.503 112.665 -1.36132e-07 40.8321 -134.743
1.65515 26.5194 112.669 -1.35695e-07 40.8117 -134.745
1.64912 26.5357 112.673 -1.35256e-07 40.7915 -134.746
1.64309 26.5519 112.677 -1.34817e-07 40.7713 -134.747
1.63707 26.568 112.681 -1.34377e-07 40.7513 -134.749
1.63104 26.584 112.685 -1.33936e-07 40.7315 -134.75
1.62501 26.5999 112.688 -1.33495e-07 40.7117 -134.751
1.61899 26.6158 112.692 -1.33053e-07 40.6921 -134.753
1.61296 26.6315 112.696 -1.3261e-07 40.6726 -134.754
1.60693 26.6471 112.7 -1.32167e-07 40.6532 -134.756
1.60091 26.6626 112.703 -1.31723e-07 40.634 -134.757
1.59488 26.6781 112.707 -1.31278e-07 40.6149 -134.758
1.58885 26.6934 112.711 -1.30833e-07 40.5959 -134.76
1.58282 26.7086 112.714 -1.30386e-07 40.577 -134.761
1.57679 26.7237 112.718 -1.2994e-07 40.5583 -134.762
1.57077 26.7388 112.722 -1.29492e-07 40.5396 -134.764
1.56474 26.7537 112.725 -1.29044e-07 40.5211 -134.765
1.55871 26.7685 112.729 -1.28595e-07 40.5028 -134.766
1.55268 26.7832 112.732 -1.28146e-07 40.4845 -134.768
1.54665 26.7979 112.736 -1.27696e-07 40.4664 -134.769
1.54062 26.8124 112.739 -1.27245e-07 40.4484 -134.77
1.5346 26.8268 112.743 -1.26793e-07 40.4306 -134.772
1.52857 26.8412 112.746 -1.26341e-07 40.4128 -134.773
1.52254 26.8554 112.749 -1.25889e-07 40.3952 -134.775
1.51651 26.8695 112.753 -1.25435e-07 40.3777 -134.776
1.51048 26.8835 112.756 -1.24981e-07 40.3603 -134.777
1.50445 26.8975 112.759 -1.24526e-07 40.3431 -134.779
1.49842 26.9113 112.763 -1.24071e-07 40.326 -134.78
1.49239 26.925 112.766 -1.23615e-07 40.309 -134.781
1.48636 26.9386 112.769 -1.23158e-07 40.2921 -134.783
1.48033 26.9522 112.772 -1.22701e-07 40.2754 -134.784
1.4743 26.9656 112.776 -1.22243e-07 40.2588 -134.785
1.46827 26.9789 112.779 -1.21785e-07 40.2423 -134.787
1.46224 26.9921 112.782 -1.21326e-07 40.2259 -134.788
1.45621 27.0052 112.785 -1.20866e-07 40.2097 -134.79
1.45018 27.0183 112.788 -1.20406e-07 40.1935 -134.791
1.44414 27.0312 112.791 -1.19945e-07 40.1776 -134.792
1.43811 27.044 112.794 -1.19483e-07 40.1617 -134.794
1.43208 27.0567 112.797 -1.19021e-07 40.1459 -134.795
1.42605 27.0693 112.8 -1.18558e-07 40.1303 -134.796
1.42002 27.0818 112.803 -1.18094e-07 40.1148 -134.798
1.41399 27.0942 112.806 -1.1763e-07 40.0995 -134.799
1.40796 27.1065 112.809 -1.17166e-07 40.0842 -134.8
1.40192 27.1188 112.812 -1.167e-07 40.0691 -134.802
1.39589 27.1309 112.815 -1.16235e-07 40.0541 -134.803
1.38986 27.1429 112.818 -1.15768e-07 40.0392 -134.805
1.38383 27.1548 112.821 -1.15301e-07 40.0245 -134.806
1.3778 27.1666 112.824 -1.14833e-07 40.0098 -134.807
1.37176 27.1782 112.826 -1.14365e-07 39.9953 -134.809
1.36573 27.1898 112.829 -1.13896e-07 39.981 -134.81
1.3597 27.2013 112.832 -1.13427e-07 39.9667 -134.811
1.35366 27.2127 112.835 -1.12957e-07 39.9526 -134.813
1.34763 27.224 112.837 -1.12487e-07 39.9386 -134.814
1.3416 27.2352 112.84 -1.12016e-07 39.9247 -134.815
1.33556 27.2463 112.843 -1.11544e-07 39.911 -134.817
1.32953 27.2572 112.845 -1.11072e-07 39.8973 -134.818
1.3235 27.2681 112.848 -1.10599e-07 39.8838 -134.819
1.31746 27.2789 112.851 -1.10126e-07 39.8704 -134.821
1.31143 27.2895 112.853 -1.09652e-07 39.8572 -134.822
1.3054 27.3001 112.856 -1.09177e-07 39.844 -134.824
1.29936 27.3106 112.858 -1.08702e-07 39.831 -134.825
1.29333 27.3209 112.861 -1.08227e-07 39.8182 -134.826
1.28729 27.3312 112.863 -1.0775e-07 39.8054 -134.828
1.28126 27.3413 112.866 -1.07274e-07 39.7928 -134.829
1.27522 27.3514 112.868 -1.06797e-07 39.7802 -134.83
1.26919 27.3613 112.871 -1.06319e-07 39.7678 -134.832
1.26315 27.3712 112.873 -1.05841e-07 39.7556 -134.833
1.25712 27.3809 112.876 -1.05362e-07 39.7434 -134.834
1.25108 27.3905 112.878 -1.04883e-07 39.7314 -134.836
1.24505 27.4001 112.88 -1.04403e-07 39.7195 -134.837
1.23901 27.4095 112.883 -1.03923e-07 39.7077 -134.839
1.23298 27.4188 112.885 -1.03442e-07 39.6961 -134.84
1.22694 27.428 112.887 -1.0296e-07 39.6846 -134.841
1.2209 27.4371 112.89 -1.02479e-07 39.6732 -134.843
1.21487 27.4461 112.892 -1.01996e-07 39.6619 -134.844
1.20883 27.455 112.894 -1.01513e-07 39.6507 -134.845
1.2028 27.4639 112.896 -1.0103e-07 39.6397 -134.847
1.19676 27.4725 112.899 -1.00546e-07 39.6288 -134.848
1.19072 27.4811 112.901 -1.00062e-07 39.618 -134.849
1.18469 27.4896 112.903 -9.95769e-08 39.6074 -134.851
1.17865 27.498 112.905 -9.90916e-08 39.5968 -134.852
1.17261 27.5063 112.907 -9.86058e-08 39.5864 -134.854
1.16658 27.5145 112.909 -9.81195e-08 39.5761 -134.855
1.16054 27.5225 112.912 -9.76327e-08 39.566 -134.856
1.1545 27.5305 112.914 -9.71455e-08 39.5559 -134.858
1.14846 27.5384 112.916 -9.66578e-08 39.546 -134.859
1.14243 27.5461 112.918 -9.61696e-08 39.5362 -134.86
1.13639 27.5538 112.92 -9.5681e-08 39.5265 -134.862
1.13035 27.5613 112.922 -9.51919e-08 39.517 -134.863
1.12431 27.5688 112.924 -9.47024e-08 39.5076 -134.864
1.11827 27.5761 112.926 -9.42124e-08 39.4983 -134.866
1.11224 27.5833 112.928 -9.3722e-08 39.4891 -134.867
1.1062 27.5905 112.93 -9.32311e-08 39.48 -134.868
1.10016 27.5975 112.931 -9.27398e-08 39.4711 -134.87
1.09412 27.6044 112.933 -9.2248e-08 39.4623 -134.871
1.08808 27.6112 112.935 -9.17559e-08 39.4536 -134.873
1.08204 27.6179 112.937 -9.12632e-08 39.445 -134.874
1.076 27.6245 112.939 -9.07702e-08 39.4366 -134.875
1.06996 27.631 112.941 -9.02767e-08 39.4283 -134.877
1.06392 27.6374 112.943 -8.97828e-08 39.4201 -134.878
1.05789 27.6437 112.944 -8.92886e-08 39.412 -134.879
1.05185 27.6499 112.946 -8.87938e-08 39.4041 -134.881
1.04581 27.6559 112.948 -8.82987e-08 39.3962 -134.882
1.03977 27.6619 112.95 -8.78032e-08 39.3885 -134.883
1.03373 27.6678 112.951 -8.73073e-08 39.381 -134.885
1.02769 27.6735 112.953 -8.6811e-08 39.3735 -134.886
1.02165 27.6792 112.955 -8.63142e-08 39.3662 -134.888
1.01561 27.6847 112.956 -8.58171e-08 39.359 -134.889
1.00957 27.6902 112.958 -8.53196e-08 39.3519 -134.89
1.00352 27.6955 112.96 -8.48218e-08 39.3449 -134.892
0.997484 27.7007 112.961 -8.43235e-08 39.3381 -134.893
0.991462 27.7059 112.963 -8.38265e-08 39.3314 -134.894
0.985544 27.7109 112.964 -8.33379e-08 39.3248 -134.896
0.979742 27.7158 112.966 -8.28587e-08 39.3183 -134.897
0.974056 27.7206 112.967 -8.2389e-08 39.3119 -134.898
0.968485 27.7253 112.969 -8.19288e-08 39.3057 -134.9
0.963031 27.7299 112.97 -8.1478e-08 39.2996 -134.901
0.957692 27.7344 112.972 -8.10367e-08 39.2937 -134.903
0.952469 27.7388 112.973 -8.06048e-08 39.2878 -134.904
0.947362 27.7431 112.975 -8.01824e-08 39.2821 -134.905
0.94237 27.7473 112.976 -7.97695e-08 39.2765 -134.907
0.937494 27.7513 112.978 -7.93661e-08 39.271 -134.908
0.932734 27.7553 112.979 -7.89722e-08 39.2656 -134.909
0.92809 27.7592 112.98 -7.85878e-08 39.2604 -134.911
0.923562 27.7629 112.982 -7.82129e-08 39.2553 -134.912
0.919149 27.7666 112.983 -7.78475e-08 39.2503 -134.913
0.914852 27.7702 112.984 -7.74917e-08 39.2455 -134.915
0.910671 27.7736 112.986 -7.71454e-08 39.2407 -134.916
0.906606 27.7769 112.987 -7.68086e-08 39.2361 -134.917
0.902656 27.7802 112.988 -7.64814e-08 39.2316 -134.919
0.898823 27.7833 112.989 -7.61637e-08 39.2273 -134.92
0.895105 27.7863 112.991 -7.58555e-08 39.223 -134.922
0.891503 27.7893 112.992 -7.5557e-08 39.2189 -134.923
0.888017 27.7921 112.993 -7.5268e-08 39.2149 -134.924
0.884647 27.7948 112.994 -7.49885e-08 39.211 -134.926
0.881392 27.7974 112.995 -7.47187e-08 39.2073 -134.927
0.878253 27.7999 112.996 -7.44584e-08 39.2037 -134.928
0.875231 27.8023 112.998 -7.42077e-08 39.2002 -134.93
0.872324 27.8046 112.999 -7.39666e-08 39.1968 -134.931
0.869533 27.8068 113 -7.37351e-08 39.1935 -134.932
0.866857 27.8088 113.001 -7.35132e-08 39.1904 -134.934
0.864298 27.8108 113.002 -7.33008e-08 39.1874 -134.935
0.861854 27.8127 113.003 -7.30981e-08 39.1845 -134.937
0.859527 27.8144 113.004 -7.2905e-08 39.1818 -134.938
0.857315 27.8161 113.005 -7.27215e-08 39.1791 -134.939
0.855219 27.8176 113.006 -7.25477e-08 39.1766 -134.941
0.853239 27.8191 113.007 -7.23834e-08 39.1742 -134.942
0.851374 27.8204 113.008 -7.22288e-08 39.172 -134.943
0.849626 27.8217 113.009 -7.20838e-08 39.1698 -134.945
0.847994 27.8228 113.009 -7.19484e-08 39.1678 -134.946
0.846477 27.8238 113.01 -7.18227e-08 39.1659 -134.947
0.845076 27.8247 113.011 -7.17065e-08 39.1641 -134.949
0.843791 27.8255 113.012 -7.16001e-08 39.1625 -134.95
0.842623 27.8262 113.013 -7.15032e-08 39.1609 -134.952
0.84157 27.8268 113.014 -7.1416e-08 39.1595 -134.953
0.840632 27.8273 113.014 -7.13385e-08 39.1583 -134.954
0.839811 27.8277 113.015 -7.12705e-08 39.1571 -134.956
0.839106 27.828 113.016 -7.12123e-08 39.1561 -134.957
0.838517 27.8281 113.017 -7.11636e-08 39.1552 -134.958
0.838043 27.8282 113.017 -7.11246e-08 39.1544 -134.96
0.837683 27.8283 113.018 -7.1095e-08 39.1538 -134.961
0.837438 27.8283 113.018 -7.10748e-08 39.1534 -134.962
