500	75	460	0	180	-132.469
500	74.9995	460.001	0	180	-132.47
499.998	74.998	460.002	0	180	-132.471
499.995	74.9955	460.005	0	180	-132.473
499.992	74.992	460.008	0	180	-132.475
499.988	74.9875	460.013	0	180	-132.477
499.985	74.982	460.018	0	180	-132.478
499.981	74.9755	460.024	0	180	-132.48
499.977	74.968	460.032	0	180	-132.482
499.974	74.9595	460.041	0	180	-132.484
499.97	74.95	460.05	0	180	-132.485
499.966	74.9395	460.061	0	180	-132.487
499.963	74.928	460.072	0	180	-132.489
499.959	74.9155	460.084	0	180	-132.491
499.955	74.902	460.098	0	180	-132.492
499.951	74.8875	460.113	0	180	-132.494
499.948	74.872	460.128	0	180	-132.496
499.944	74.8555	460.144	0	180	-132.498
499.94	74.838	460.162	0	180	-132.5
499.937	74.8195	460.18	0	180	-132.501
499.933	74.8	460.2	0	180	-132.503
499.929	74.7795	460.221	0	180	-132.505
499.926	74.758	460.242	0	180	-132.507
499.922	74.7355	460.264	0	180	-132.508
499.918	74.712	460.288	0	180	-132.51
499.915	74.6875	460.312	0	180	-132.512
499.911	74.662	460.338	0	180	-132.514
499.907	74.6355	460.365	0	180	-132.515
499.903	74.608	460.392	0	180	-132.517
499.9	74.5795	460.421	0	180	-132.519
499.896	74.55	460.45	0	180	-132.521
499.892	74.5195	460.481	0	180	-132.522
499.889	74.488	460.512	0	180	-132.524
499.885	74.4555	460.545	0	180	-132.526
499.881	74.422	460.578	0	180	-132.528
499.878	74.3875	460.613	0	180	-132.53
499.874	74.352	460.648	0	180	-132.531
499.87	74.3155	460.685	0	180	-132.533
499.867	74.278	460.722	0	180	-132.535
499.863	74.2395	460.761	0	180	-132.537
499.859	74.2	460.8	0	180	-132.538
499.855	74.1595	460.841	0	180	-132.54
499.852	74.118	460.882	0	180	-132.542
499.848	74.0755	460.925	0	180	-132.544
499.844	74.0321	460.968	0	180	-132.545
499.841	73.9885	461.013	0	180	-132.547
499.837	73.9449	461.058	0	180	-132.549
499.833	73.9014	461.105	0	180	-132.551
499.83	73.8578	461.152	0	180	-132.553
499.826	73.8142	461.201	0	180	-132.554
499.822	73.7707	461.25	0	180	-132.556
499.819	73.7271	461.3	0	180	-132.558
499.815	73.6835	461.352	0	180	-132.56
499.811	73.6399	461.404	0	180	-132.561
499.807	73.5964	461.458	0	180	-132.563
499.804	73.5528	461.512	0	180	-132.565
499.8	73.5092	461.568	0	180	-132.567
499.796	73.4657	461.625	0	180	-132.568
499.793	73.4221	461.682	0	180	-132.57
499.789	73.3785	461.74	0	180	-132.572
499.785	73.3349	461.799	0	180	-132.574
499.782	73.2914	461.857	0	180	-132.576
499.778	73.2478	461.915	0	180	-132.577
499.774	73.2042	461.973	0	180	-132.579
499.771	73.1607	462.032	0	180	-132.581
499.767	73.1171	462.09	0	180	-132.583
499.763	73.0735	462.148	0	180	-132.584
499.759	73.0299	462.206	0	180	-132.586
499.756	72.9864	462.265	0	180	-132.588
499.752	72.9428	462.323	0	180	-132.59
499.748	72.8992	462.381	0	180	-132.591
499.745	72.8557	462.439	0	180	-132.593
499.741	72.8121	462.498	0	180	-132.595
499.737	72.7685	462.556	0	180	-132.597
499.734	72.7249	462.614	0	180	-132.599
499.73	72.6814	462.673	0	180	-132.6
499.726	72.6378	462.731	0	180	-132.602
499.723	72.5942	462.789	0	180	-132.604
499.719	72.5507	462.847	0	180	-132.606
499.715	72.5071	462.906	0	180	-132.607
499.711	72.4635	462.964	0	180	-132.609
499.708	72.4199	463.022	0	180	-132.611
499.704	72.3764	463.08	0	180	-132.613
499.7	72.3328	463.139	0	180	-132.614
499.697	72.2892	463.197	0	180	-132.616
499.693	72.2456	463.255	0	180	-132.618
499.689	72.2021	463.314	0	180	-132.62
499.686	72.1585	463.372	0	180	-132.622
499.682	72.1149	463.43	0	180	-132.623
499.678	72.0714	463.488	0	180	-132.625
499.675	72.0278	463.547	0	180	-132.627
499.671	71.9842	463.605	0	180	-132.629
499.667	71.9406	463.663	0	180	-132.63
499.663	71.8971	463.721	0	180	-132.632
499.66	71.8535	463.78	0	180	-132.634
499.656	71.8099	463.838	0	180	-132.636
499.652	71.7664	463.896	0	180	-132.637
499.649	71.7228	463.954	0	180	-132.639
499.645	71.6792	464.013	0	180	-132.641
499.641	71.6356	464.071	0	180	-132.643
499.638	71.5921	464.129	0	180	-132.645
499.634	71.5485	464.188	0	180	-132.646
499.63	71.5049	464.246	0	180	-132.648
499.627	71.4614	464.304	0	180	-132.65
499.623	71.4178	464.362	0	180	-132.652
499.619	71.3742	464.421	0	180	-132.653
499.615	71.3306	464.479	0	180	-132.655
499.612	71.2871	464.537	0	180	-132.657
499.608	71.2435	464.595	0	180	-132.659
499.604	71.1999	464.654	0	180	-132.66
499.601	71.1564	464.712	0	180	-132.662
499.597	71.1128	464.77	0	180	-132.664
499.593	71.0692	464.829	0	180	-132.666
499.59	71.0256	464.887	0	180	-132.668
499.586	70.9821	464.945	0	180	-132.669
499.582	70.9385	465.003	0	180	-132.671
499.579	70.8949	465.062	0	180	-132.673
499.575	70.8514	465.12	0	180	-132.675
499.571	70.8078	465.178	0	180	-132.676
499.567	70.7642	465.236	0	180	-132.678
499.564	70.7206	465.295	0	180	-132.68
499.56	70.6771	465.353	0	180	-132.682
499.556	70.6335	465.411	0	180	-132.683
499.553	70.5899	465.47	0	180	-132.685
499.549	70.5463	465.528	0	180	-132.687
499.545	70.5028	465.586	0	180	-132.689
499.542	70.4592	465.644	0	180	-132.69
499.538	70.4156	465.703	0	180	-132.692
499.534	70.3721	465.761	0	180	-132.694
499.531	70.3285	465.819	0	180	-132.696
499.527	70.2849	465.877	0	180	-132.698
499.523	70.2413	465.936	0	180	-132.699
499.519	70.1978	465.994	0	180	-132.701
499.516	70.1542	466.052	0	180	-132.703
499.512	70.1106	466.11	0	180	-132.705
499.508	70.0671	466.169	0	180	-132.706
499.505	70.0235	466.227	0	180	-132.708
499.501	69.9799	466.285	0	180	-132.71
499.497	69.9363	466.344	0	180	-132.712
499.494	69.8928	466.402	0	180	-132.713
499.49	69.8492	466.46	0	180	-132.715
499.486	69.8056	466.518	0	180	-132.717
499.483	69.7621	466.577	0	180	-132.719
499.479	69.7185	466.635	0	180	-132.721
499.475	69.6749	466.693	0	180	-132.722
499.471	69.6313	466.751	0	180	-132.724
499.468	69.5878	466.81	0	180	-132.726
499.464	69.5442	466.868	0	180	-132.728
499.46	69.5006	466.926	0	180	-132.729
499.457	69.4571	466.985	0	180	-132.731
499.453	69.4135	467.043	0	180	-132.733
499.449	69.3699	467.101	0	180	-132.735
499.446	69.3263	467.159	0	180	-132.736
499.442	69.2828	467.218	0	180	-132.738
499.438	69.2392	467.276	0	180	-132.74
499.435	69.1956	467.334	0	180	-132.742
499.431	69.1521	467.392	0	180	-132.744
499.427	69.1085	467.451	0	180	-132.745
499.423	69.0649	467.509	0	180	-132.747
499.42	69.0213	467.567	0	180	-132.749
499.416	68.9778	467.626	0	180	-132.751
499.412	68.9342	467.684	0	180	-132.752
499.409	68.8906	467.742	0	180	-132.754
499.405	68.8471	467.8	0	180	-132.756
499.401	68.8035	467.859	0	180	-132.758
499.398	68.7599	467.917	0	180	-132.759
499.394	68.7163	467.975	0	180	-132.761
499.39	68.6728	468.033	0	180	-132.763
499.387	68.6292	468.092	0	180	-132.765
499.383	68.5856	468.15	0	180	-132.767
499.379	68.542	468.208	0	180	-132.768
499.375	68.4985	468.266	0	180	-132.77
499.372	68.4549	468.325	0	180	-132.772
499.368	68.4113	468.383	0	180	-132.774
499.364	68.3678	468.441	0	180	-132.775
499.361	68.3242	468.5	0	180	-132.777
499.357	68.2806	468.558	0	180	-132.779
499.353	68.237	468.616	0	180	-132.781
499.35	68.1935	468.674	0	180	-132.782
499.346	68.1499	468.733	0	180	-132.784
499.342	68.1063	468.791	0	180	-132.786
499.339	68.0628	468.849	0	180	-132.788
499.335	68.0192	468.907	0	180	-132.79
499.331	67.9756	468.966	0	180	-132.791
499.327	67.932	469.024	0	180	-132.793
499.324	67.8885	469.082	0	180	-132.795
499.32	67.8449	469.141	0	180	-132.797
499.316	67.8013	469.199	0	180	-132.798
499.313	67.7578	469.257	0	180	-132.8
499.309	67.7142	469.315	0	180	-132.802
499.305	67.6706	469.374	0	180	-132.804
499.302	67.627	469.432	0	180	-132.805
499.298	67.5835	469.49	0	180	-132.807
499.294	67.5399	469.548	0	180	-132.809
499.291	67.4963	469.607	0	180	-132.811
499.287	67.4528	469.665	0	180	-132.813
499.283	67.4092	469.723	0	180	-132.814
499.279	67.3656	469.782	0	180	-132.816
499.276	67.322	469.84	0	180	-132.818
499.272	67.2785	469.898	0	180	-132.82
499.268	67.2349	469.956	0	180	-132.821
499.265	67.1913	470.015	0	180	-132.823
499.261	67.1478	470.073	0	180	-132.825
499.257	67.1042	470.131	0	180	-132.827
499.254	67.0606	470.189	0	180	-132.828
499.25	67.017	470.248	0	180	-132.83
499.246	66.9735	470.306	0	180	-132.832
499.243	66.9299	470.364	0	180	-132.834
499.239	66.8863	470.422	0	180	-132.836
499.235	66.8427	470.481	0	180	-132.837
499.231	66.7992	470.539	0	180	-132.839
499.228	66.7556	470.597	0	180	-132.841
499.224	66.712	470.656	0	180	-132.843
499.22	66.6685	470.714	0	180	-132.844
499.217	66.6249	470.772	0	180	-132.846
499.213	66.5813	470.83	0	180	-132.848
499.209	66.5377	470.889	0	180	-132.85
499.206	66.4942	470.947	0	180	-132.851
499.202	66.4506	471.005	0	180	-132.853
499.198	66.407	471.063	0	180	-132.855
499.195	66.3635	471.122	0	180	-132.857
499.191	66.3199	471.18	0	180	-132.858
499.187	66.2763	471.238	0	180	-132.86
499.183	66.2327	471.297	0	180	-132.862
499.18	66.1892	471.355	0	180	-132.864
499.176	66.1456	471.413	0	180	-132.866
499.172	66.102	471.471	0	180	-132.867
499.169	66.0585	471.53	0	180	-132.869
499.165	66.0149	471.588	0	180	-132.871
499.161	65.9713	471.646	0	180	-132.873
499.158	65.9277	471.704	0	180	-132.874
499.154	65.8842	471.763	0	180	-132.876
499.15	65.8406	471.821	0	180	-132.878
499.147	65.797	471.879	0	180	-132.88
499.143	65.7535	471.937	0	180	-132.881
499.139	65.7099	471.996	0	180	-132.883
499.135	65.6663	472.054	0	180	-132.885
499.132	65.6227	472.112	0	180	-132.887
499.128	65.5792	472.171	0	180	-132.889
499.124	65.5356	472.229	0	180	-132.89
499.121	65.492	472.287	0	180	-132.892
499.117	65.4485	472.345	0	180	-132.894
499.113	65.4049	472.404	0	180	-132.896
499.11	65.3613	472.462	0	180	-132.897
499.106	65.3177	472.52	0	180	-132.899
499.102	65.2742	472.578	0	180	-132.901
499.099	65.2306	472.637	0	180	-132.903
499.095	65.187	472.695	0	180	-132.904
499.091	65.1434	472.753	0	180	-132.906
499.087	65.0999	472.812	0	180	-132.908
499.084	65.0563	472.87	0	180	-132.91
499.08	65.0127	472.928	0	180	-132.912
499.076	64.9692	472.986	0	180	-132.913
499.073	64.9256	473.045	0	180	-132.915
499.069	64.882	473.103	0	180	-132.917
499.065	64.8384	473.161	0	180	-132.919
499.062	64.7949	473.219	0	180	-132.92
499.058	64.7513	473.278	0	180	-132.922
499.054	64.7077	473.336	0	180	-132.924
499.051	64.6642	473.394	0	180	-132.926
499.047	64.6206	473.453	0	180	-132.927
499.043	64.577	473.511	0	180	-132.929
499.039	64.5334	473.569	0	180	-132.931
499.036	64.4899	473.627	0	180	-132.933
499.032	64.4463	473.686	0	180	-132.935
499.028	64.4027	473.744	0	180	-132.936
499.025	64.3592	473.802	0	180	-132.938
499.021	64.3156	473.86	0	180	-132.94
499.017	64.272	473.919	0	180	-132.942
499.014	64.2284	473.977	0	180	-132.943
499.01	64.1849	474.035	0	180	-132.945
499.006	64.1413	474.093	0	180	-132.947
499.003	64.0977	474.152	0	180	-132.949
498.999	64.0542	474.21	0	180	-132.95
498.995	64.0106	474.268	0	180	-132.952
498.991	63.967	474.327	0	180	-132.954
498.988	63.9234	474.385	0	180	-132.956
498.984	63.8799	474.443	0	180	-132.958
498.98	63.8363	474.501	0	180	-132.959
498.977	63.7927	474.56	0	180	-132.961
498.973	63.7492	474.618	0	180	-132.963
498.969	63.7056	474.676	0	180	-132.965
498.966	63.662	474.734	0	180	-132.966
498.962	63.6184	474.793	0	180	-132.968
498.958	63.5749	474.851	0	180	-132.97
498.955	63.5313	474.909	0	180	-132.972
498.951	63.4877	474.968	0	180	-132.973
498.947	63.4441	475.026	0	180	-132.975
498.943	63.4006	475.084	0	180	-132.977
498.94	63.357	475.142	0	180	-132.979
498.936	63.3134	475.201	0	180	-132.981
498.932	63.2699	475.259	0	180	-132.982
498.929	63.2263	475.317	0	180	-132.984
498.925	63.1827	475.375	0	180	-132.986
498.921	63.1391	475.434	0	180	-132.988
498.918	63.0956	475.492	0	180	-132.989
498.914	63.052	475.55	0	180	-132.991
498.91	63.0084	475.609	0	180	-132.993
498.907	62.9649	475.667	0	180	-132.995
498.903	62.9213	475.725	0	180	-132.996
498.899	62.8777	475.783	0	180	-132.998
498.895	62.8341	475.842	0	180	-133
498.892	62.7906	475.9	0	180	-133.002
498.888	62.747	475.958	0	180	-133.003
498.884	62.7034	476.016	0	180	-133.005
498.881	62.6599	476.075	0	180	-133.007
498.877	62.6163	476.133	0	180	-133.009
498.873	62.5727	476.191	0	180	-133.011
498.87	62.5291	476.249	0	180	-133.012
498.866	62.4856	476.308	0	180	-133.014
498.862	62.442	476.366	0	180	-133.016
498.859	62.3984	476.424	0	180	-133.018
498.855	62.3549	476.483	0	180	-133.019
498.851	62.3113	476.541	0	180	-133.021
498.847	62.2677	476.599	0	180	-133.023
498.844	62.2241	476.657	0	180	-133.025
498.84	62.1806	476.716	0	180	-133.026
498.836	62.137	476.774	0	180	-133.028
498.833	62.0934	476.832	0	180	-133.03
498.829	62.0499	476.89	0	180	-133.032
498.825	62.0063	476.949	0	180	-133.034
498.822	61.9627	477.007	0	180	-133.035
498.818	61.9191	477.065	0	180	-133.037
498.814	61.8756	477.124	0	180	-133.039
498.811	61.832	477.182	0	180	-133.041
498.807	61.7884	477.24	0	180	-133.042
498.803	61.7449	477.298	0	180	-133.044
498.799	61.7013	477.357	0	180	-133.046
498.796	61.6577	477.415	0	180	-133.048
498.792	61.6141	477.473	0	180	-133.049
498.788	61.5706	477.531	0	180	-133.051
498.785	61.527	477.59	0	180	-133.053
498.781	61.4834	477.648	0	180	-133.055
498.777	61.4398	477.706	0	180	-133.057
498.774	61.3963	477.764	0	180	-133.058
498.77	61.3527	477.823	0	180	-133.06
498.766	61.3091	477.881	0	180	-133.062
498.763	61.2656	477.939	0	180	-133.064
498.759	61.222	477.998	0	180	-133.065
498.755	61.1784	478.056	0	180	-133.067
498.751	61.1348	478.114	0	180	-133.069
498.748	61.0913	478.172	0	180	-133.071
498.744	61.0477	478.231	0	180	-133.072
498.74	61.0041	478.289	0	180	-133.074
498.737	60.9606	478.347	0	180	-133.076
498.733	60.917	478.405	0	180	-133.078
498.729	60.8734	478.464	0	180	-133.08
498.726	60.8298	478.522	0	180	-133.081
498.722	60.7863	478.58	0	180	-133.083
498.718	60.7427	478.639	0	180	-133.085
498.715	60.6991	478.697	0	180	-133.087
498.711	60.6556	478.755	0	180	-133.088
498.707	60.612	478.813	0	180	-133.09
498.703	60.5684	478.872	0	180	-133.092
498.7	60.5248	478.93	0	180	-133.094
498.696	60.4813	478.988	0	180	-133.095
498.692	60.4377	479.046	0	180	-133.097
498.689	60.3941	479.105	0	180	-133.099
498.685	60.3506	479.163	0	180	-133.101
498.681	60.307	479.221	0	180	-133.103
498.678	60.2634	479.28	0	180	-133.104
498.674	60.2198	479.338	0	180	-133.106
498.67	60.1763	479.396	0	180	-133.108
498.667	60.1327	479.454	0	180	-133.11
498.663	60.0891	479.513	0	180	-133.111
498.659	60.0456	479.571	0	180	-133.113
498.655	60.002	479.629	0	180	-133.115
498.652	59.9584	479.687	0	180	-133.117
498.648	59.9148	479.746	0	180	-133.118
498.644	59.8713	479.804	0	180	-133.12
498.641	59.8277	479.862	0	180	-133.122
498.637	59.7841	479.92	0	180	-133.124
498.633	59.7405	479.979	0	180	-133.126
498.63	59.697	480.037	0	180	-133.127
498.626	59.6534	480.095	0	180	-133.129
498.622	59.6098	480.154	0	180	-133.131
498.619	59.5663	480.212	0	180	-133.133
498.615	59.5227	480.27	0	180	-133.134
498.611	59.4791	480.328	0	180	-133.136
498.607	59.4355	480.387	0	180	-133.138
498.604	59.392	480.445	0	180	-133.14
498.6	59.3484	480.503	0	180	-133.141
498.596	59.3048	480.561	0	180	-133.143
498.593	59.2613	480.62	0	180	-133.145
498.589	59.2177	480.678	0	180	-133.147
498.585	59.1741	480.736	0	180	-133.149
498.582	59.1305	480.795	0	180	-133.15
498.578	59.087	480.853	0	180	-133.152
498.574	59.0434	480.911	0	180	-133.154
498.571	58.9998	480.969	0	180	-133.156
498.567	58.9563	481.028	0	180	-133.157
498.563	58.9127	481.086	0	180	-133.159
498.559	58.8691	481.144	0	180	-133.161
498.556	58.8255	481.202	0	180	-133.163
498.552	58.782	481.261	0	180	-133.164
498.548	58.7384	481.319	0	180	-133.166
498.545	58.6948	481.377	0	180	-133.168
498.541	58.6513	481.436	0	180	-133.17
498.537	58.6077	481.494	0	180	-133.171
498.534	58.5641	481.552	0	180	-133.173
498.53	58.5205	481.61	0	180	-133.175
498.526	58.477	481.669	0	180	-133.177
498.523	58.4334	481.727	0	180	-133.179
498.519	58.3898	481.785	0	180	-133.18
498.515	58.3463	481.843	0	180	-133.182
498.511	58.3027	481.902	0	180	-133.184
498.508	58.2591	481.96	0	180	-133.186
498.504	58.2155	482.018	0	180	-133.187
498.5	58.172	482.076	0	180	-133.189
498.497	58.1284	482.135	0	180	-133.191
498.493	58.0848	482.193	0	180	-133.193
498.489	58.0412	482.251	0	180	-133.194
498.486	57.9977	482.31	0	180	-133.196
498.482	57.9541	482.368	0	180	-133.198
498.478	57.9105	482.426	0	180	-133.2
498.475	57.867	482.484	0	180	-133.202
498.471	57.8234	482.543	0	180	-133.203
498.467	57.7798	482.601	0	180	-133.205
498.463	57.7362	482.659	0	180	-133.207
498.46	57.6927	482.717	0	180	-133.209
498.456	57.6491	482.776	0	180	-133.21
498.452	57.6055	482.834	0	180	-133.212
498.449	57.562	482.892	0	180	-133.214
498.445	57.5184	482.951	0	180	-133.216
498.441	57.4748	483.009	0	180	-133.217
498.438	57.4312	483.067	0	180	-133.219
498.434	57.3877	483.125	0	180	-133.221
498.43	57.3441	483.184	0	180	-133.223
498.427	57.3005	483.242	0	180	-133.225
498.423	57.257	483.3	0	180	-133.226
498.419	57.2134	483.358	0	180	-133.228
498.415	57.1698	483.417	0	180	-133.23
498.412	57.1262	483.475	0	180	-133.232
498.408	57.0827	483.533	0	180	-133.233
498.404	57.0391	483.592	0	180	-133.235
498.401	56.9955	483.65	0	180	-133.237
498.397	56.952	483.708	0	180	-133.239
498.393	56.9084	483.766	0	180	-133.24
498.39	56.8648	483.825	0	180	-133.242
498.386	56.8212	483.883	0	180	-133.244
498.382	56.7777	483.941	0	180	-133.246
498.379	56.7341	483.999	0	180	-133.248
498.375	56.6905	484.058	0	180	-133.249
498.371	56.647	484.116	0	180	-133.251
498.367	56.6034	484.174	0	180	-133.253
498.364	56.5598	484.232	0	180	-133.255
498.36	56.5162	484.291	0	180	-133.256
498.356	56.4727	484.349	0	180	-133.258
498.353	56.4291	484.407	0	180	-133.26
498.349	56.3855	484.466	0	180	-133.262
498.345	56.342	484.524	0	180	-133.263
498.342	56.2984	484.582	0	180	-133.265
498.338	56.2548	484.64	0	180	-133.267
498.334	56.2112	484.699	0	180	-133.269
498.331	56.1677	484.757	0	180	-133.271
498.327	56.1241	484.815	0	180	-133.272
498.323	56.0805	484.873	0	180	-133.274
498.319	56.0369	484.932	0	180	-133.276
498.316	55.9934	484.99	0	180	-133.278
498.312	55.9498	485.048	0	180	-133.279
498.308	55.9062	485.107	0	180	-133.281
498.305	55.8627	485.165	0	180	-133.283
498.301	55.8191	485.223	0	180	-133.285
498.297	55.7755	485.281	0	180	-133.286
498.294	55.7319	485.34	0	180	-133.288
498.29	55.6884	485.398	0	180	-133.29
498.286	55.6448	485.456	0	180	-133.292
498.283	55.6012	485.514	0	180	-133.294
498.279	55.5577	485.573	0	180	-133.295
498.275	55.5141	485.631	0	180	-133.297
498.271	55.4705	485.689	0	180	-133.299
498.268	55.4269	485.747	0	180	-133.301
498.264	55.3834	485.806	0	180	-133.302
498.26	55.3398	485.864	0	180	-133.304
498.257	55.2962	485.922	0	180	-133.306
498.253	55.2527	485.981	0	180	-133.308
498.249	55.2091	486.039	0	180	-133.309
498.246	55.1655	486.097	0	180	-133.311
498.242	55.1219	486.155	0	180	-133.313
498.238	55.0784	486.214	0	180	-133.315
498.235	55.0348	486.272	0	180	-133.317
498.231	54.9912	486.33	0	180	-133.318
498.227	54.9477	486.388	0	180	-133.32
498.223	54.9041	486.447	0	180	-133.322
498.22	54.8605	486.505	0	180	-133.324
498.216	54.8169	486.563	0	180	-133.325
498.212	54.7734	486.622	0	180	-133.327
498.209	54.7298	486.68	0	180	-133.329
498.205	54.6862	486.738	0	180	-133.331
498.201	54.6427	486.796	0	180	-133.332
498.198	54.5991	486.855	0	180	-133.334
498.194	54.5555	486.913	0	180	-133.336
498.19	54.5119	486.971	0	180	-133.338
498.187	54.4684	487.029	0	180	-133.339
498.183	54.4248	487.088	0	180	-133.341
498.179	54.3812	487.146	0	180	-133.343
498.175	54.3376	487.204	0	180	-133.345
498.172	54.2941	487.263	0	180	-133.347
498.168	54.2505	487.321	0	180	-133.348
498.164	54.2069	487.379	0	180	-133.35
498.161	54.1634	487.437	0	180	-133.352
498.157	54.1198	487.496	0	180	-133.354
498.153	54.0762	487.554	0	180	-133.355
498.15	54.0326	487.612	0	180	-133.357
498.146	53.9891	487.67	0	180	-133.359
498.142	53.9455	487.729	0	180	-133.361
498.139	53.9019	487.787	0	180	-133.362
498.135	53.8584	487.845	0	180	-133.364
498.131	53.8148	487.903	0	180	-133.366
498.127	53.7712	487.962	0	180	-133.368
498.124	53.7276	488.02	0	180	-133.37
498.12	53.6841	488.078	0	180	-133.371
498.116	53.6405	488.137	0	180	-133.373
498.113	53.5969	488.195	0	180	-133.375
498.109	53.5534	488.253	0	180	-133.377
498.105	53.5098	488.311	0	180	-133.378
498.102	53.4662	488.37	0	180	-133.38
498.098	53.4226	488.428	0	180	-133.382
498.094	53.3791	488.486	0	180	-133.384
498.091	53.3355	488.544	0	180	-133.385
498.087	53.2919	488.603	0	180	-133.387
498.083	53.2484	488.661	0	180	-133.389
498.079	53.2048	488.719	0	180	-133.391
498.076	53.1612	488.778	0	180	-133.393
498.072	53.1176	488.836	0	180	-133.394
498.068	53.0741	488.894	0	180	-133.396
498.065	53.0305	488.952	0	180	-133.398
498.061	52.9869	489.011	0	180	-133.4
498.057	52.9434	489.069	0	180	-133.401
498.054	52.8998	489.127	0	180	-133.403
498.05	52.8562	489.185	0	180	-133.405
498.046	52.8126	489.244	0	180	-133.407
498.043	52.7691	489.302	0	180	-133.408
498.039	52.7255	489.36	0	180	-133.41
498.035	52.6819	489.419	0	180	-133.412
498.031	52.6383	489.477	0	180	-133.414
498.028	52.5948	489.535	0	180	-133.416
498.024	52.5512	489.593	0	180	-133.417
498.02	52.5076	489.652	0	180	-133.419
498.017	52.4641	489.71	0	180	-133.421
498.013	52.4205	489.768	0	180	-133.423
498.009	52.3769	489.826	0	180	-133.424
498.006	52.3333	489.885	0	180	-133.426
498.002	52.2898	489.943	0	180	-133.428
497.998	52.2462	490.001	0	180	-133.43
497.995	52.2026	490.059	0	180	-133.431
497.991	52.1591	490.118	0	180	-133.433
497.987	52.1155	490.176	0	180	-133.435
497.983	52.0719	490.234	0	180	-133.437
497.98	52.0283	490.293	0	180	-133.439
497.976	51.9848	490.351	0	180	-133.44
497.972	51.9412	490.409	0	180	-133.442
497.969	51.8976	490.467	0	180	-133.444
497.965	51.8541	490.526	0	180	-133.446
497.961	51.8105	490.584	0	180	-133.447
497.958	51.7669	490.642	0	180	-133.449
497.954	51.7233	490.7	0	180	-133.451
497.95	51.6798	490.759	0	180	-133.453
497.947	51.6362	490.817	0	180	-133.454
497.943	51.5926	490.875	0	180	-133.456
497.939	51.5491	490.934	0	180	-133.458
497.935	51.5055	490.992	0	180	-133.46
497.932	51.4619	491.05	0	180	-133.462
497.928	51.4183	491.108	0	180	-133.463
497.924	51.3748	491.167	0	180	-133.465
497.921	51.3312	491.225	0	180	-133.467
497.917	51.2876	491.283	0	180	-133.469
497.913	51.2441	491.341	0	180	-133.47
497.91	51.2005	491.4	0	180	-133.472
497.906	51.1569	491.458	0	180	-133.474
497.902	51.1133	491.516	0	180	-133.476
497.899	51.0698	491.574	0	180	-133.477
497.895	51.0262	491.633	0	180	-133.479
497.891	50.9826	491.691	0	180	-133.481
497.887	50.939	491.749	0	180	-133.483
497.884	50.8955	491.808	0	180	-133.485
497.88	50.8519	491.866	0	180	-133.486
497.876	50.8083	491.924	0	180	-133.488
497.873	50.7648	491.982	0	180	-133.49
497.869	50.7212	492.041	0	180	-133.492
497.865	50.6776	492.099	0	180	-133.493
497.862	50.634	492.157	0	180	-133.495
497.858	50.5905	492.215	0	180	-133.497
497.854	50.5469	492.274	0	180	-133.499
497.851	50.5033	492.332	0	180	-133.5
497.847	50.4598	492.39	0	180	-133.502
497.843	50.4162	492.449	0	180	-133.504
497.839	50.3726	492.507	0	180	-133.506
497.836	50.329	492.565	0	180	-133.507
497.832	50.2855	492.623	0	180	-133.509
497.828	50.2419	492.682	0	180	-133.511
497.825	50.1983	492.74	0	180	-133.513
497.821	50.1548	492.798	0	180	-133.515
497.817	50.1112	492.856	0	180	-133.516
497.814	50.0676	492.915	0	180	-133.518
497.81	50.024	492.973	0	180	-133.52
497.806	49.9805	493.031	0	180	-133.522
497.803	49.9369	493.09	0	180	-133.523
497.799	49.8933	493.148	0	180	-133.525
497.795	49.8498	493.206	0	180	-133.527
497.791	49.8062	493.264	0	180	-133.529
497.788	49.7626	493.323	0	180	-133.53
497.784	49.719	493.381	0	180	-133.532
497.78	49.6755	493.439	0	180	-133.534
497.777	49.6319	493.497	0	180	-133.536
497.773	49.5883	493.556	0	180	-133.538
497.769	49.5448	493.614	0	180	-133.539
497.766	49.5012	493.672	0	180	-133.541
497.762	49.4576	493.73	0	180	-133.543
497.758	49.414	493.789	0	180	-133.545
497.755	49.3705	493.847	0	180	-133.546
497.751	49.3269	493.905	0	180	-133.548
497.747	49.2833	493.964	0	180	-133.55
497.743	49.2398	494.022	0	180	-133.552
497.74	49.1962	494.08	0	180	-133.553
497.736	49.1526	494.138	0	180	-133.555
497.732	49.109	494.197	0	180	-133.557
497.729	49.0655	494.255	0	180	-133.559
497.725	49.0219	494.313	0	180	-133.561
497.721	48.9783	494.371	0	180	-133.562
497.718	48.9347	494.43	0	180	-133.564
497.714	48.8912	494.488	0	180	-133.566
497.71	48.8476	494.546	0	180	-133.568
497.707	48.804	494.605	0	180	-133.569
497.703	48.7605	494.663	0	180	-133.571
497.699	48.7169	494.721	0	180	-133.573
497.695	48.6733	494.779	0	180	-133.575
497.692	48.6297	494.838	0	180	-133.576
497.688	48.5862	494.896	0	180	-133.578
497.684	48.5426	494.954	0	180	-133.58
497.681	48.499	495.012	0	180	-133.582
497.677	48.4555	495.071	0	180	-133.584
497.673	48.4119	495.129	0	180	-133.585
497.67	48.3683	495.187	0	180	-133.587
497.666	48.3247	495.246	0	180	-133.589
497.662	48.2812	495.304	0	180	-133.591
497.659	48.2376	495.362	0	180	-133.592
497.655	48.194	495.42	0	180	-133.594
497.651	48.1505	495.479	0	180	-133.596
497.647	48.1069	495.537	0	180	-133.598
497.644	48.0633	495.595	0	180	-133.599
497.64	48.0197	495.653	0	180	-133.601
497.636	47.9762	495.712	0	180	-133.603
497.633	47.9326	495.77	0	180	-133.605
497.629	47.889	495.828	0	180	-133.607
497.625	47.8455	495.886	0	180	-133.608
497.622	47.8019	495.945	0	180	-133.61
497.618	47.7583	496.003	0	180	-133.612
497.614	47.7147	496.061	0	180	-133.614
497.611	47.6712	496.12	0	180	-133.615
497.607	47.6276	496.178	0	180	-133.617
497.603	47.584	496.236	0	180	-133.619
497.599	47.5405	496.294	0	180	-133.621
497.596	47.4969	496.353	0	180	-133.622
497.592	47.4533	496.411	0	180	-133.624
497.588	47.4097	496.469	0	180	-133.626
497.585	47.3662	496.527	0	180	-133.628
497.581	47.3226	496.586	0	180	-133.63
497.577	47.279	496.644	0	180	-133.631
497.574	47.2354	496.702	0	180	-133.633
497.57	47.1919	496.761	0	180	-133.635
497.566	47.1483	496.819	0	180	-133.637
497.563	47.1047	496.877	0	180	-133.638
497.559	47.0612	496.935	0	180	-133.64
497.555	47.0176	496.994	0	180	-133.642
497.551	46.974	497.052	0	180	-133.644
497.548	46.9304	497.11	0	180	-133.645
497.544	46.8869	497.168	0	180	-133.647
497.54	46.8433	497.227	0	180	-133.649
497.537	46.7997	497.285	0	180	-133.651
497.533	46.7562	497.343	0	180	-133.653
497.529	46.7126	497.402	0	180	-133.654
497.526	46.669	497.46	0	180	-133.656
497.522	46.6254	497.518	0	180	-133.658
497.518	46.5819	497.576	0	180	-133.66
497.515	46.5383	497.635	0	180	-133.661
497.511	46.4947	497.693	0	180	-133.663
497.507	46.4512	497.751	0	180	-133.665
497.503	46.4076	497.809	0	180	-133.667
497.5	46.364	497.868	0	180	-133.668
497.496	46.3204	497.926	0	180	-133.67
497.492	46.2769	497.984	0	180	-133.672
497.489	46.2333	498.042	0	180	-133.674
497.485	46.1897	498.101	0	180	-133.675
497.481	46.1462	498.159	0	180	-133.677
497.478	46.1026	498.217	0	180	-133.679
497.474	46.059	498.276	0	180	-133.681
497.47	46.0154	498.334	0	180	-133.683
497.467	45.9719	498.392	0	180	-133.684
497.463	45.9283	498.45	0	180	-133.686
497.459	45.8847	498.509	0	180	-133.688
497.455	45.8412	498.567	0	180	-133.69
497.452	45.7976	498.625	0	180	-133.691
497.448	45.754	498.683	0	180	-133.693
497.444	45.7104	498.742	0	180	-133.695
497.441	45.6669	498.8	0	180	-133.697
497.437	45.6233	498.858	0	180	-133.698
497.433	45.5797	498.917	0	180	-133.7
497.43	45.5361	498.975	0	180	-133.702
497.426	45.4926	499.033	0	180	-133.704
497.422	45.449	499.091	0	180	-133.706
497.419	45.4054	499.15	0	180	-133.707
497.415	45.3619	499.208	0	180	-133.709
497.411	45.3183	499.266	0	180	-133.711
497.407	45.2747	499.324	0	180	-133.713
497.404	45.2311	499.383	0	180	-133.714
497.4	45.1876	499.441	0	180	-133.716
497.396	45.144	499.499	0	180	-133.718
497.393	45.1004	499.557	0	180	-133.72
497.389	45.0569	499.616	0	180	-133.721
497.385	45.0133	499.674	0	180	-133.723
497.382	44.9697	499.732	0	180	-133.725
497.378	44.9261	499.791	0	180	-133.727
497.374	44.8826	499.849	0	180	-133.729
497.371	44.839	499.907	0	180	-133.73
497.367	44.7954	499.965	0	180	-133.732
497.363	44.7519	500.024	0	180	-133.734
497.359	44.7083	500.082	0	180	-133.736
497.356	44.6647	500.14	0	180	-133.737
497.352	44.6211	500.198	0	180	-133.739
497.348	44.5776	500.257	0	180	-133.741
497.345	44.534	500.315	0	180	-133.743
497.341	44.4904	500.373	0	180	-133.744
497.337	44.4469	500.432	0	180	-133.746
497.334	44.4033	500.49	0	180	-133.748
497.33	44.3597	500.548	0	180	-133.75
497.326	44.3161	500.606	0	180	-133.752
497.323	44.2726	500.665	0	180	-133.753
497.319	44.229	500.723	0	180	-133.755
497.315	44.1854	500.781	0	180	-133.757
497.311	44.1419	500.839	0	180	-133.759
497.308	44.0983	500.898	0	180	-133.76
497.304	44.0547	500.956	0	180	-133.762
497.3	44.0111	501.014	0	180	-133.764
497.297	43.9676	501.073	0	180	-133.766
497.293	43.924	501.131	0	180	-133.767
497.289	43.8804	501.189	0	180	-133.769
497.286	43.8368	501.247	0	180	-133.771
497.282	43.7933	501.306	0	180	-133.773
497.278	43.7497	501.364	0	180	-133.775
497.275	43.7061	501.422	0	180	-133.776
497.271	43.6626	501.48	0	180	-133.778
497.267	43.619	501.539	0	180	-133.78
497.263	43.5754	501.597	0	180	-133.782
497.26	43.5318	501.655	0	180	-133.783
497.256	43.4883	501.713	0	180	-133.785
497.252	43.4447	501.772	0	180	-133.787
497.249	43.4011	501.83	0	180	-133.789
497.245	43.3576	501.888	0	180	-133.79
497.241	43.314	501.947	0	180	-133.792
497.238	43.2704	502.005	0	180	-133.794
497.234	43.2268	502.063	0	180	-133.796
497.23	43.1833	502.121	0	180	-133.798
497.227	43.1397	502.18	0	180	-133.799
497.223	43.0961	502.238	0	180	-133.801
497.219	43.0526	502.296	0	180	-133.803
497.215	43.009	502.354	0	180	-133.805
497.212	42.9654	502.413	0	180	-133.806
497.208	42.9218	502.471	0	180	-133.808
497.204	42.8783	502.529	0	180	-133.81
497.201	42.8347	502.588	0	180	-133.812
497.197	42.7911	502.646	0	180	-133.813
497.193	42.7476	502.704	0	180	-133.815
497.19	42.704	502.762	0	180	-133.817
497.186	42.6604	502.821	0	180	-133.819
497.182	42.6168	502.879	0	180	-133.821
497.179	42.5733	502.937	0	180	-133.822
497.175	42.5297	502.995	0	180	-133.824
497.171	42.4861	503.054	0	180	-133.826
497.167	42.4426	503.112	0	180	-133.828
497.164	42.399	503.17	0	180	-133.829
497.16	42.3554	503.229	0	180	-133.831
497.156	42.3118	503.287	0	180	-133.833
497.153	42.2683	503.345	0	180	-133.835
497.149	42.2247	503.403	0	180	-133.836
497.145	42.1811	503.462	0	180	-133.838
497.142	42.1376	503.52	0	180	-133.84
497.138	42.094	503.578	0	180	-133.842
497.134	42.0504	503.636	0	180	-133.843
497.131	42.0068	503.695	0	180	-133.845
497.127	41.9633	503.753	0	180	-133.847
497.123	41.9197	503.811	0	180	-133.849
497.119	41.8761	503.869	0	180	-133.851
497.116	41.8325	503.928	0	180	-133.852
497.112	41.789	503.986	0	180	-133.854
497.108	41.7454	504.044	0	180	-133.856
497.105	41.7018	504.103	0	180	-133.858
497.101	41.6583	504.161	0	180	-133.859
497.097	41.6147	504.219	0	180	-133.861
497.094	41.5711	504.277	0	180	-133.863
497.09	41.5275	504.336	0	180	-133.865
497.086	41.484	504.394	0	180	-133.866
497.083	41.4404	504.452	0	180	-133.868
497.079	41.3968	504.51	0	180	-133.87
497.075	41.3533	504.569	0	180	-133.872
497.071	41.3097	504.627	0	180	-133.874
497.068	41.2661	504.685	0	180	-133.875
497.064	41.2225	504.744	0	180	-133.877
497.06	41.179	504.802	0	180	-133.879
497.057	41.1354	504.86	0	180	-133.881
497.053	41.0918	504.918	0	180	-133.882
497.049	41.0483	504.977	0	180	-133.884
497.046	41.0047	505.035	0	180	-133.886
497.042	40.9611	505.093	0	180	-133.888
497.038	40.9175	505.151	0	180	-133.889
497.035	40.874	505.21	0	180	-133.891
497.031	40.8304	505.268	0	180	-133.893
497.027	40.7868	505.326	0	180	-133.895
497.023	40.7433	505.385	0	180	-133.897
497.02	40.6997	505.443	0	180	-133.898
497.016	40.6561	505.501	0	180	-133.9
497.012	40.6125	505.559	0	180	-133.902
497.009	40.569	505.618	0	180	-133.904
497.005	40.5254	505.676	0	180	-133.905
497.001	40.4818	505.734	0	180	-133.907
496.998	40.4383	505.792	0	180	-133.909
496.994	40.3947	505.851	0	180	-133.911
496.99	40.3511	505.909	0	180	-133.912
496.987	40.3075	505.967	0	180	-133.914
496.983	40.264	506.025	0	180	-133.916
496.979	40.2204	506.084	0	180	-133.918
496.975	40.1768	506.142	0	180	-133.92
496.972	40.1332	506.2	0	180	-133.921
496.968	40.0897	506.259	0	180	-133.923
496.964	40.0461	506.317	0	180	-133.925
496.961	40.0025	506.375	0	180	-133.927
496.957	39.959	506.433	0	180	-133.928
496.953	39.9154	506.492	0	180	-133.93
496.95	39.8718	506.55	0	180	-133.932
496.946	39.8282	506.608	0	180	-133.934
496.942	39.7847	506.666	0	180	-133.935
496.939	39.7411	506.725	0	180	-133.937
496.935	39.6975	506.783	0	180	-133.939
496.931	39.654	506.841	0	180	-133.941
496.927	39.6104	506.9	0	180	-133.943
496.924	39.5668	506.958	0	180	-133.944
496.92	39.5232	507.016	0	180	-133.946
496.916	39.4797	507.074	0	180	-133.948
496.913	39.4361	507.133	0	180	-133.95
496.909	39.3925	507.191	0	180	-133.951
496.905	39.349	507.249	0	180	-133.953
496.902	39.3054	507.307	0	180	-133.955
496.898	39.2618	507.366	0	180	-133.957
496.894	39.2182	507.424	0	180	-133.958
496.891	39.1747	507.482	0	180	-133.96
496.887	39.1311	507.54	0	180	-133.962
496.883	39.0875	507.599	0	180	-133.964
496.879	39.044	507.657	0	180	-133.966
496.876	39.0004	507.715	0	180	-133.967
496.872	38.9568	507.774	0	180	-133.969
496.868	38.9132	507.832	0	180	-133.971
496.865	38.8697	507.89	0	180	-133.973
496.861	38.8261	507.948	0	180	-133.974
496.857	38.7825	508.007	0	180	-133.976
496.854	38.739	508.065	0	180	-133.978
496.85	38.6954	508.123	0	180	-133.98
496.846	38.6518	508.181	0	180	-133.981
496.843	38.6082	508.24	0	180	-133.983
496.839	38.5647	508.298	0	180	-133.985
496.835	38.5211	508.356	0	180	-133.987
496.831	38.4775	508.415	0	180	-133.988
496.828	38.4339	508.473	0	180	-133.99
496.824	38.3904	508.531	0	180	-133.992
496.82	38.3468	508.589	0	180	-133.994
496.817	38.3032	508.648	0	180	-133.996
496.813	38.2597	508.706	0	180	-133.997
496.809	38.2161	508.764	0	180	-133.999
496.806	38.1725	508.822	0	180	-134.001
496.802	38.1289	508.881	0	180	-134.003
496.798	38.0854	508.939	0	180	-134.004
496.795	38.0418	508.997	0	180	-134.006
496.791	37.9982	509.056	0	180	-134.008
496.787	37.9547	509.114	0	180	-134.01
496.783	37.9111	509.172	0	180	-134.011
496.78	37.8675	509.23	0	180	-134.013
496.776	37.8239	509.289	0	180	-134.015
496.772	37.7804	509.347	0	180	-134.017
496.769	37.7368	509.405	0	180	-134.019
496.765	37.6932	509.463	0	180	-134.02
496.761	37.6497	509.522	0	180	-134.022
496.758	37.6061	509.58	0	180	-134.024
496.754	37.5625	509.638	0	180	-134.026
496.75	37.5189	509.696	0	180	-134.027
496.747	37.4754	509.755	0	180	-134.029
496.743	37.4318	509.813	0	180	-134.031
496.739	37.3882	509.871	0	180	-134.033
496.735	37.3447	509.93	0	180	-134.034
496.732	37.3011	509.988	0	180	-134.036
496.728	37.2575	510.046	0	180	-134.038
496.724	37.2139	510.104	0	180	-134.04
496.721	37.1704	510.163	0	180	-134.042
496.717	37.1268	510.221	0	180	-134.043
496.713	37.0832	510.279	0	180	-134.045
496.71	37.0397	510.337	0	180	-134.047
496.706	36.9961	510.396	0	180	-134.049
496.702	36.9525	510.454	0	180	-134.05
496.699	36.9089	510.512	0	180	-134.052
496.695	36.8654	510.571	0	180	-134.054
496.691	36.8218	510.629	0	180	-134.056
496.687	36.7782	510.687	0	180	-134.057
496.684	36.7347	510.745	0	180	-134.059
496.68	36.6911	510.804	0	180	-134.061
496.676	36.6475	510.862	0	180	-134.063
496.673	36.6039	510.92	0	180	-134.065
496.669	36.5604	510.978	0	180	-134.066
496.665	36.5168	511.037	0	180	-134.068
496.662	36.4732	511.095	0	180	-134.07
496.658	36.4296	511.153	0	180	-134.072
496.654	36.3861	511.212	0	180	-134.073
496.651	36.3425	511.27	0	180	-134.075
496.647	36.2989	511.328	0	180	-134.077
496.643	36.2554	511.386	0	180	-134.079
496.639	36.2118	511.445	0	180	-134.08
496.636	36.1682	511.503	0	180	-134.082
496.632	36.1246	511.561	0	180	-134.084
496.628	36.0811	511.619	0	180	-134.086
496.625	36.0375	511.678	0	180	-134.088
496.621	35.9939	511.736	0	180	-134.089
496.617	35.9504	511.794	0	180	-134.091
496.614	35.9068	511.852	0	180	-134.093
496.61	35.8632	511.911	0	180	-134.095
496.606	35.8196	511.969	0	180	-134.096
496.603	35.7761	512.027	0	180	-134.098
496.599	35.7325	512.086	0	180	-134.1
496.595	35.6889	512.144	0	180	-134.102
496.591	35.6454	512.202	0	180	-134.103
496.588	35.6018	512.26	0	180	-134.105
496.584	35.5582	512.319	0	180	-134.107
496.58	35.5146	512.377	0	180	-134.109
496.577	35.4711	512.435	0	180	-134.111
496.573	35.4275	512.493	0	180	-134.112
496.569	35.3839	512.552	0	180	-134.114
496.566	35.3404	512.61	0	180	-134.116
496.562	35.2968	512.668	0	180	-134.118
496.558	35.2532	512.727	0	180	-134.119
496.555	35.2096	512.785	0	180	-134.121
496.551	35.1661	512.843	0	180	-134.123
496.547	35.1225	512.901	0	180	-134.125
496.543	35.0789	512.96	0	180	-134.126
496.54	35.0354	513.018	0	180	-134.128
496.536	34.9918	513.076	0	180	-134.13
496.532	34.9482	513.134	0	180	-134.132
496.529	34.9046	513.193	0	180	-134.134
496.525	34.8611	513.251	0	180	-134.135
496.521	34.8175	513.309	0	180	-134.137
496.518	34.7739	513.367	0	180	-134.139
496.514	34.7303	513.424	0	180	-134.141
496.51	34.6868	513.479	0	180	-134.142
496.507	34.6432	513.534	0	180	-134.144
496.503	34.5996	513.588	0	180	-134.146
496.499	34.5561	513.64	0	180	-134.148
496.495	34.5125	513.692	0	180	-134.149
496.492	34.4689	513.743	0	180	-134.151
496.488	34.4253	513.792	0	180	-134.153
496.484	34.3818	513.841	0	180	-134.155
496.481	34.3382	513.889	0	180	-134.156
496.477	34.2946	513.935	0	180	-134.158
496.473	34.2511	513.981	0	180	-134.16
496.47	34.2075	514.026	0	180	-134.162
496.466	34.1639	514.069	0	180	-134.164
496.462	34.1203	514.112	0	180	-134.165
496.459	34.0768	514.154	0	180	-134.167
496.455	34.0332	514.194	0	180	-134.169
496.451	33.9896	514.234	0	180	-134.171
496.447	33.9461	514.273	0	180	-134.172
496.444	33.9025	514.31	0	180	-134.174
496.44	33.8589	514.347	0	180	-134.176
496.436	33.8153	514.383	0	180	-134.178
496.433	33.7718	514.417	0	180	-134.179
496.429	33.7282	514.451	0	180	-134.181
496.425	33.6846	514.484	0	180	-134.183
496.422	33.6411	514.516	0	180	-134.185
496.418	33.5975	514.546	0	180	-134.187
496.414	33.5539	514.576	0	180	-134.188
496.411	33.5103	514.605	0	180	-134.19
496.407	33.4668	514.632	0	180	-134.192
496.403	33.4232	514.659	0	180	-134.194
496.399	33.3796	514.685	0	180	-134.195
496.396	33.3361	514.709	0	180	-134.197
496.392	33.2925	514.733	0	180	-134.199
496.388	33.2489	514.756	0	180	-134.201
496.385	33.2053	514.777	0	180	-134.202
496.381	33.1618	514.798	0	180	-134.204
496.377	33.1182	514.818	0	180	-134.206
496.374	33.0746	514.836	0	180	-134.208
496.37	33.031	514.854	0	180	-134.21
496.366	32.9875	514.871	0	180	-134.211
496.363	32.9439	514.886	0	180	-134.213
496.359	32.9003	514.901	0	180	-134.215
496.355	32.8568	514.915	0	180	-134.217
496.351	32.8132	514.927	0	180	-134.218
496.348	32.7696	514.939	0	180	-134.22
496.344	32.726	514.95	0	180	-134.222
496.34	32.6825	514.959	0	180	-134.224
496.337	32.6389	514.968	0	180	-134.225
496.333	32.5953	514.976	0	180	-134.227
496.329	32.5518	514.982	0	180	-134.229
496.326	32.5082	514.988	0	180	-134.231
496.322	32.4646	514.993	0	180	-134.233
496.318	32.421	514.996	0	180	-134.234
496.315	32.3775	514.999	0	180	-134.236
496.311	32.3339	515.001	0	180	-134.238
496.307	32.2903	515.002	0	180	-134.24
496.303	32.2468	515.001	0	180	-134.241
496.3	32.2032	515	0	180	-134.243
496.296	32.1596	514.998	0	180	-134.245
496.292	32.116	514.994	0	180	-134.247
496.289	32.0725	514.99	0	180	-134.248
496.285	32.0289	514.985	0	180	-134.25
496.281	31.9853	514.978	0	180	-134.252
496.278	31.9418	514.971	0	180	-134.254
496.274	31.8982	514.963	0	180	-134.256
496.27	31.8546	514.953	0	180	-134.257
496.267	31.811	514.943	0	180	-134.259
496.263	31.7675	514.932	0	180	-134.261
496.259	31.7239	514.919	0	180	-134.263
496.255	31.6803	514.906	0	180	-134.264
496.252	31.6368	514.892	0	180	-134.266
496.248	31.5932	514.876	0	180	-134.268
496.244	31.5496	514.86	0	180	-134.27
496.241	31.506	514.843	0	180	-134.271
496.237	31.4625	514.824	0	180	-134.273
496.233	31.4189	514.805	0	180	-134.275
496.23	31.3753	514.785	0	180	-134.277
496.226	31.3317	514.763	0	180	-134.279
496.222	31.2882	514.741	0	180	-134.28
496.219	31.2446	514.718	0	180	-134.282
496.215	31.201	514.693	0	180	-134.284
496.211	31.1575	514.668	0	180	-134.286
496.207	31.1139	514.642	0	180	-134.287
496.204	31.0703	514.614	0	180	-134.289
496.2	31.0267	514.586	0	180	-134.291
496.196	30.9832	514.557	0	180	-134.293
496.193	30.9396	514.527	0	180	-134.294
496.189	30.896	514.495	0	180	-134.296
496.185	30.8525	514.463	0	180	-134.298
496.182	30.8089	514.43	0	180	-134.3
496.178	30.7653	514.395	0	180	-134.302
496.174	30.7217	514.36	0	180	-134.303
496.171	30.6782	514.324	0	180	-134.305
496.167	30.6346	514.286	0	180	-134.307
496.163	30.591	514.248	0	180	-134.309
496.159	30.5475	514.209	0	180	-134.31
496.156	30.5039	514.168	0	180	-134.312
496.152	30.4603	514.127	0	180	-134.314
496.148	30.4167	514.085	0	180	-134.316
496.145	30.3732	514.041	0	180	-134.317
496.141	30.3296	513.997	0	180	-134.319
496.137	30.286	513.952	0	180	-134.321
496.134	30.2425	513.905	0	180	-134.323
496.13	30.1989	513.858	0	180	-134.324
496.126	30.1553	513.81	0	180	-134.326
496.123	30.1117	513.76	0	180	-134.328
496.119	30.0682	513.71	0	180	-134.33
496.115	30.0246	513.659	0	180	-134.332
496.111	29.9809	513.606	0	180	-134.333
496.108	29.9363	513.553	0	180	-134.335
496.104	29.8908	513.499	0	180	-134.337
496.1	29.8442	513.443	0	180	-134.339
496.097	29.7966	513.387	0	180	-134.34
496.092	29.7481	513.33	0	180	-134.342
496.088	29.6985	513.271	0	180	-134.343
496.084	29.6479	513.212	0	180	-134.344
496.079	29.5964	513.152	0	180	-134.346
496.075	29.5442	513.091	0	180	-134.347
496.071	29.4919	513.028	0	180	-134.349
496.067	29.4397	512.965	0	180	-134.35
496.062	29.3875	512.901	0	180	-134.351
496.058	29.3353	512.835	0	180	-134.353
496.054	29.2831	512.769	0	180	-134.354
496.05	29.2309	512.702	0	180	-134.355
496.045	29.1787	512.633	0	180	-134.357
496.041	29.1265	512.564	0	180	-134.358
496.037	29.0743	512.494	0	180	-134.359
496.032	29.022	512.422	0	180	-134.361
496.028	28.9698	512.35	0	180	-134.362
496.024	28.9176	512.277	0	180	-134.363
496.02	28.8654	512.202	0	180	-134.365
496.015	28.8132	512.127	0	180	-134.366
496.011	28.761	512.051	0	180	-134.368
496.007	28.7088	511.973	0	180	-134.369
496.003	28.6566	511.895	0	180	-134.37
495.998	28.6044	511.816	0	180	-134.372
495.994	28.5521	511.735	0	180	-134.373
495.99	28.4999	511.654	0	180	-134.374
495.985	28.4477	511.572	0	180	-134.376
495.981	28.3955	511.488	0	180	-134.377
495.977	28.3433	511.404	0	180	-134.378
495.973	28.2911	511.319	0	180	-134.38
495.968	28.2389	511.232	0	180	-134.381
495.964	28.1867	511.145	0	180	-134.383
495.96	28.1344	511.057	0	180	-134.384
495.956	28.0822	510.967	0	180	-134.385
495.951	28.03	510.877	0	180	-134.387
495.947	27.9778	510.786	0	180	-134.388
495.943	27.9256	510.694	0	180	-134.389
495.938	27.8734	510.6	0	180	-134.391
495.934	27.8212	510.506	0	180	-134.392
495.93	27.769	510.411	0	180	-134.393
495.926	27.7168	510.314	0	180	-134.395
495.921	27.6645	510.217	0	180	-134.396
495.917	27.6123	510.119	0	180	-134.398
495.913	27.5601	510.019	0	180	-134.399
495.909	27.5079	509.919	0	180	-134.4
495.904	27.4557	509.818	0	180	-134.402
495.9	27.4035	509.715	0	180	-134.403
495.896	27.3513	509.612	0	180	-134.404
495.891	27.2991	509.508	0	180	-134.406
495.887	27.2469	509.402	0	180	-134.407
495.883	27.1946	509.296	0	180	-134.408
495.879	27.1424	509.189	0	180	-134.41
495.874	27.0902	509.08	0	180	-134.411
495.87	27.038	508.971	0	180	-134.412
495.866	26.9858	508.861	0	180	-134.414
495.862	26.9336	508.749	0	180	-134.415
495.857	26.8814	508.637	0	180	-134.417
495.853	26.8292	508.524	0	180	-134.418
495.849	26.777	508.409	0	180	-134.419
495.844	26.7247	508.294	0	180	-134.421
495.84	26.6725	508.178	0	180	-134.422
495.836	26.6203	508.06	0	180	-134.423
495.832	26.5681	507.942	0	180	-134.425
495.827	26.5159	507.823	0	180	-134.426
495.823	26.4637	507.702	0	180	-134.427
495.819	26.4115	507.581	0	180	-134.429
495.815	26.3593	507.459	0	180	-134.43
495.81	26.3071	507.336	0	180	-134.432
495.806	26.2548	507.211	0	180	-134.433
495.802	26.2026	507.086	0	180	-134.434
495.797	26.1504	506.96	0	180	-134.436
495.793	26.0982	506.832	0	180	-134.437
495.789	26.046	506.704	0	180	-134.438
495.785	25.9938	506.575	0	180	-134.44
495.78	25.9416	506.444	0	180	-134.441
495.776	25.8894	506.313	0	180	-134.442
495.772	25.8371	506.181	0	180	-134.444
495.768	25.7849	506.047	0	180	-134.445
495.763	25.7327	505.913	0	180	-134.447
495.759	25.6805	505.778	0	180	-134.448
495.755	25.6283	505.641	0	180	-134.449
495.75	25.5761	505.504	0	180	-134.451
495.746	25.5239	505.366	0	180	-134.452
495.742	25.4717	505.226	0	180	-134.453
495.738	25.4195	505.086	0	180	-134.455
495.733	25.3672	504.945	0	180	-134.456
495.729	25.315	504.802	0	180	-134.457
495.725	25.2628	504.659	0	180	-134.459
495.721	25.2106	504.515	0	180	-134.46
495.716	25.1584	504.369	0	180	-134.461
495.712	25.1062	504.223	0	180	-134.463
495.708	25.054	504.076	0	180	-134.464
495.703	25.0018	503.927	0	180	-134.466
495.699	24.9496	503.778	0	180	-134.467
495.695	24.8973	503.628	0	180	-134.468
495.691	24.8451	503.476	0	180	-134.47
495.686	24.7929	503.324	0	180	-134.471
495.682	24.7407	503.171	0	180	-134.472
495.678	24.6885	503.017	0	180	-134.474
495.674	24.6363	502.861	0	180	-134.475
495.669	24.5841	502.705	0	180	-134.476
495.665	24.5319	502.548	0	180	-134.478
495.661	24.4797	502.389	0	180	-134.479
495.656	24.4274	502.23	0	180	-134.481
495.652	24.3752	502.07	0	180	-134.482
495.648	24.323	501.908	0	180	-134.483
495.644	24.2708	501.746	0	180	-134.485
495.639	24.2186	501.583	0	180	-134.486
495.635	24.1664	501.418	0	180	-134.487
495.631	24.1142	501.253	0	180	-134.489
495.627	24.062	501.087	0	180	-134.49
495.622	24.0098	500.919	0	180	-134.491
495.618	23.9575	500.751	0	180	-134.493
495.614	23.9053	500.582	0	180	-134.494
495.609	23.8531	500.411	0	180	-134.496
495.605	23.8009	500.24	0	180	-134.497
495.601	23.7487	500.069	0	180	-134.498
495.597	23.6965	499.897	0	180	-134.5
495.592	23.6443	499.725	0	180	-134.501
495.588	23.5921	499.554	0	180	-134.502
495.584	23.5398	499.382	0	180	-134.504
495.58	23.4876	499.211	0	180	-134.505
495.575	23.4354	499.039	0	180	-134.506
495.571	23.3832	498.868	0	180	-134.508
495.567	23.331	498.696	0	180	-134.509
495.562	23.2788	498.524	0	180	-134.51
495.558	23.2266	498.353	0	180	-134.512
495.554	23.1744	498.181	0	180	-134.513
495.55	23.1222	498.01	0	180	-134.515
495.545	23.0699	497.838	0	180	-134.516
495.541	23.0177	497.667	0	180	-134.517
495.537	22.9655	497.495	0	180	-134.519
495.533	22.9133	497.324	0	180	-134.52
495.528	22.8611	497.152	0	180	-134.521
495.524	22.8089	496.98	0	180	-134.523
495.52	22.7567	496.809	0	180	-134.524
495.515	22.7045	496.637	0	180	-134.525
495.511	22.6523	496.466	0	180	-134.527
495.507	22.6	496.294	0	180	-134.528
495.503	22.5478	496.123	0	180	-134.53
495.498	22.4956	495.951	0	180	-134.531
495.494	22.4434	495.779	0	180	-134.532
495.49	22.3912	495.608	0	180	-134.534
495.486	22.339	495.436	0	180	-134.535
495.481	22.2868	495.265	0	180	-134.536
495.477	22.2346	495.093	0	180	-134.538
495.473	22.1824	494.922	0	180	-134.539
495.468	22.1301	494.75	0	180	-134.54
495.464	22.0779	494.579	0	180	-134.542
495.46	22.0257	494.407	0	180	-134.543
495.456	21.9735	494.235	0	180	-134.545
495.451	21.9213	494.064	0	180	-134.546
495.447	21.8691	493.892	0	180	-134.547
495.443	21.8169	493.721	0	180	-134.549
495.439	21.7647	493.549	0	180	-134.55
495.434	21.7125	493.378	0	180	-134.551
495.43	21.6602	493.206	0	180	-134.553
495.426	21.608	493.034	0	180	-134.554
495.421	21.5558	492.863	0	180	-134.555
495.417	21.5036	492.691	0	180	-134.557
495.413	21.4514	492.52	0	180	-134.558
495.409	21.3992	492.348	0	180	-134.559
495.404	21.347	492.177	0	180	-134.561
495.4	21.2948	492.005	0	180	-134.562
495.396	21.2426	491.834	0	180	-134.564
495.392	21.1903	491.662	0	180	-134.565
495.387	21.1381	491.49	0	180	-134.566
495.383	21.0859	491.319	0	180	-134.568
495.379	21.0337	491.147	0	180	-134.569
495.374	20.9815	490.976	0	180	-134.57
495.37	20.9293	490.804	0	180	-134.572
495.366	20.8771	490.633	0	180	-134.573
495.362	20.8249	490.461	0	180	-134.574
495.357	20.7726	490.289	0	180	-134.576
495.353	20.7204	490.118	0	180	-134.577
495.349	20.6682	489.946	0	180	-134.579
495.345	20.616	489.775	0	180	-134.58
495.34	20.5638	489.603	0	180	-134.581
495.336	20.5116	489.432	0	180	-134.583
495.332	20.4594	489.26	0	180	-134.584
495.327	20.4072	489.089	0	180	-134.585
495.323	20.355	488.917	0	180	-134.587
495.319	20.3027	488.745	0	180	-134.588
495.315	20.2505	488.574	0	180	-134.589
495.31	20.1983	488.402	0	180	-134.591
495.306	20.1461	488.231	0	180	-134.592
495.302	20.0939	488.059	0	180	-134.594
495.298	20.0417	487.888	0	180	-134.595
495.293	19.9895	487.716	0	180	-134.596
495.289	19.9373	487.544	0	180	-134.598
495.285	19.8851	487.373	0	180	-134.599
495.28	19.8328	487.201	0	180	-134.6
495.276	19.7806	487.03	0	180	-134.602
495.272	19.7284	486.858	0	180	-134.603
495.268	19.6762	486.687	0	180	-134.604
495.263	19.624	486.515	0	180	-134.606
495.259	19.5718	486.344	0	180	-134.607
495.255	19.5196	486.172	0	180	-134.608
495.251	19.4674	486	0	180	-134.61
495.246	19.4152	485.829	0	180	-134.611
495.242	19.3629	485.657	0	180	-134.613
495.238	19.3107	485.486	0	180	-134.614
495.233	19.2585	485.314	0	180	-134.615
495.229	19.2063	485.143	0	180	-134.617
495.225	19.1541	484.971	0	180	-134.618
495.221	19.1019	484.799	0	180	-134.619
495.216	19.0497	484.628	0	180	-134.621
495.212	18.9975	484.456	0	180	-134.622
495.208	18.9453	484.285	0	180	-134.623
495.204	18.893	484.113	0	180	-134.625
495.199	18.8408	483.942	0	180	-134.626
495.195	18.7886	483.77	0	180	-134.628
495.191	18.7364	483.599	0	180	-134.629
495.186	18.6842	483.427	0	180	-134.63
495.182	18.632	483.255	0	180	-134.632
495.178	18.5798	483.084	0	180	-134.633
495.174	18.5276	482.912	0	180	-134.634
495.169	18.4753	482.741	0	180	-134.636
495.165	18.4231	482.569	0	180	-134.637
495.161	18.3709	482.398	0	180	-134.638
495.157	18.3187	482.226	0	180	-134.64
495.152	18.2665	482.054	0	180	-134.641
495.148	18.2143	481.883	0	180	-134.643
495.144	18.1621	481.711	0	180	-134.644
495.139	18.1099	481.54	0	180	-134.645
495.135	18.0577	481.368	0	180	-134.647
495.131	18.0054	481.197	0	180	-134.648
495.127	17.9532	481.025	0	180	-134.649
495.122	17.901	480.854	0	180	-134.651
495.118	17.8488	480.682	0	180	-134.652
495.114	17.7966	480.51	0	180	-134.653
495.11	17.7444	480.339	0	180	-134.655
495.105	17.6922	480.167	0	180	-134.656
495.101	17.64	479.996	0	180	-134.657
495.097	17.5878	479.824	0	180	-134.659
495.092	17.5355	479.653	0	180	-134.66
495.088	17.4833	479.481	0	180	-134.662
495.084	17.4311	479.309	0	180	-134.663
495.08	17.3789	479.138	0	180	-134.664
495.075	17.3267	478.966	0	180	-134.666
495.071	17.2745	478.795	0	180	-134.667
495.067	17.2223	478.623	0	180	-134.668
495.063	17.1701	478.452	0	180	-134.67
495.058	17.1179	478.28	0	180	-134.671
495.054	17.0656	478.109	0	180	-134.672
495.05	17.0134	477.937	0	180	-134.674
495.045	16.9612	477.765	0	180	-134.675
495.041	16.909	477.594	0	180	-134.677
495.037	16.8568	477.422	0	180	-134.678
495.033	16.8046	477.251	0	180	-134.679
495.028	16.7524	477.079	0	180	-134.681
495.024	16.7002	476.908	0	180	-134.682
495.02	16.648	476.736	0	180	-134.683
495.016	16.5957	476.564	0	180	-134.685
495.011	16.5435	476.393	0	180	-134.686
495.007	16.4913	476.221	0	180	-134.687
495.003	16.4391	476.05	0	180	-134.689
494.998	16.3869	475.878	0	180	-134.69
494.994	16.3347	475.707	0	180	-134.692
494.99	16.2825	475.535	0	180	-134.693
494.986	16.2303	475.364	0	180	-134.694
494.981	16.178	475.192	0	180	-134.696
494.977	16.1258	475.02	0	180	-134.697
494.973	16.0736	474.849	0	180	-134.698
494.969	16.0214	474.677	0	180	-134.7
494.964	15.9692	474.506	0	180	-134.701
494.96	15.917	474.334	0	180	-134.702
494.956	15.8648	474.163	0	180	-134.704
494.951	15.8126	473.991	0	180	-134.705
494.947	15.7604	473.819	0	180	-134.707
494.943	15.7081	473.648	0	180	-134.708
494.939	15.6559	473.476	0	180	-134.709
494.934	15.6037	473.305	0	180	-134.711
494.93	15.5515	473.133	0	180	-134.712
494.926	15.4993	472.962	0	180	-134.713
494.922	15.4471	472.79	0	180	-134.715
494.917	15.3949	472.619	0	180	-134.716
494.913	15.3427	472.447	0	180	-134.717
494.909	15.2905	472.275	0	180	-134.719
494.904	15.2382	472.104	0	180	-134.72
494.9	15.186	471.932	0	180	-134.721
494.896	15.1338	471.761	0	180	-134.723
494.892	15.0816	471.589	0	180	-134.724
494.887	15.0294	471.418	0	180	-134.726
494.883	14.9772	471.246	0	180	-134.727
494.879	14.925	471.074	0	180	-134.728
494.875	14.8728	470.903	0	180	-134.73
494.87	14.8206	470.731	0	180	-134.731
494.866	14.7683	470.56	0	180	-134.732
494.862	14.7161	470.39	0	180	-134.734
494.857	14.6639	470.221	0	180	-134.735
494.853	14.6117	470.053	0	180	-134.736
494.849	14.5595	469.886	0	180	-134.738
494.845	14.5073	469.719	0	180	-134.739
494.84	14.4551	469.554	0	180	-134.741
494.836	14.4029	469.39	0	180	-134.742
494.832	14.3507	469.227	0	180	-134.743
494.828	14.2984	469.065	0	180	-134.745
494.823	14.2462	468.904	0	180	-134.746
494.819	14.194	468.744	0	180	-134.747
494.815	14.1418	468.584	0	180	-134.749
494.81	14.0896	468.426	0	180	-134.75
494.806	14.0374	468.269	0	180	-134.751
494.802	13.9852	468.113	0	180	-134.753
494.798	13.933	467.958	0	180	-134.754
494.793	13.8807	467.804	0	180	-134.756
494.789	13.8285	467.651	0	180	-134.757
494.785	13.7763	467.498	0	180	-134.758
494.781	13.7241	467.347	0	180	-134.76
494.776	13.6719	467.197	0	180	-134.761
494.772	13.6197	467.048	0	180	-134.762
494.768	13.5675	466.9	0	180	-134.764
494.763	13.5153	466.753	0	180	-134.765
494.759	13.4631	466.607	0	180	-134.766
494.755	13.4108	466.461	0	180	-134.768
494.751	13.3586	466.317	0	180	-134.769
494.746	13.3064	466.174	0	180	-134.77
494.742	13.2542	466.032	0	180	-134.772
494.738	13.202	465.891	0	180	-134.773
494.734	13.1498	465.751	0	180	-134.775
494.729	13.0976	465.612	0	180	-134.776
494.725	13.0454	465.473	0	180	-134.777
494.721	12.9932	465.336	0	180	-134.779
494.716	12.9409	465.2	0	180	-134.78
494.712	12.8887	465.065	0	180	-134.781
494.708	12.8365	464.931	0	180	-134.783
494.704	12.7843	464.798	0	180	-134.784
494.699	12.7321	464.665	0	180	-134.785
494.695	12.6799	464.534	0	180	-134.787
494.691	12.6277	464.404	0	180	-134.788
494.687	12.5755	464.275	0	180	-134.79
494.682	12.5233	464.147	0	180	-134.791
494.678	12.471	464.02	0	180	-134.792
494.674	12.4188	463.894	0	180	-134.794
494.669	12.3666	463.768	0	180	-134.795
494.665	12.3144	463.644	0	180	-134.796
494.661	12.2622	463.521	0	180	-134.798
494.657	12.21	463.399	0	180	-134.799
494.652	12.1578	463.278	0	180	-134.8
494.648	12.1056	463.158	0	180	-134.802
494.644	12.0534	463.039	0	180	-134.803
494.64	12.0011	462.92	0	180	-134.805
494.635	11.9489	462.803	0	180	-134.806
494.631	11.8967	462.687	0	180	-134.807
494.627	11.8445	462.572	0	180	-134.809
494.622	11.7923	462.458	0	180	-134.81
494.618	11.7401	462.345	0	180	-134.811
494.614	11.6879	462.233	0	180	-134.813
494.61	11.6357	462.121	0	180	-134.814
494.605	11.5834	462.011	0	180	-134.815
494.601	11.5312	461.902	0	180	-134.817
494.597	11.479	461.794	0	180	-134.818
494.593	11.4268	461.687	0	180	-134.819
494.588	11.3746	461.581	0	180	-134.821
494.584	11.3224	461.476	0	180	-134.822
494.58	11.2702	461.371	0	180	-134.824
494.575	11.218	461.268	0	180	-134.825
494.571	11.1658	461.166	0	180	-134.826
494.567	11.1135	461.065	0	180	-134.828
494.563	11.0613	460.965	0	180	-134.829
494.558	11.0091	460.866	0	180	-134.83
494.554	10.9569	460.767	0	180	-134.832
494.55	10.9047	460.67	0	180	-134.833
494.546	10.8525	460.574	0	180	-134.834
494.541	10.8003	460.479	0	180	-134.836
494.537	10.7481	460.385	0	180	-134.837
494.533	10.6959	460.292	0	180	-134.839
494.528	10.6436	460.2	0	180	-134.84
494.524	10.5914	460.108	0	180	-134.841
494.52	10.5392	460.018	0	180	-134.843
494.516	10.487	459.929	0	180	-134.844
494.511	10.4348	459.841	0	180	-134.845
494.507	10.3826	459.754	0	180	-134.847
494.503	10.3304	459.668	0	180	-134.848
494.499	10.2782	459.583	0	180	-134.849
494.494	10.226	459.498	0	180	-134.851
494.49	10.1737	459.415	0	180	-134.852
494.486	10.1215	459.333	0	180	-134.854
494.481	10.0693	459.252	0	180	-134.855
494.477	10.0171	459.172	0	180	-134.856
494.473	9.9649	459.093	0	180	-134.858
494.469	9.91269	459.015	0	180	-134.859
494.464	9.86047	458.937	0	180	-134.86
494.46	9.80826	458.861	0	180	-134.862
494.456	9.75605	458.786	0	180	-134.863
494.452	9.70384	458.712	0	180	-134.864
494.447	9.65163	458.639	0	180	-134.866
494.443	9.59942	458.567	0	180	-134.867
494.439	9.54721	458.496	0	180	-134.868
494.434	9.49499	458.425	0	180	-134.87
494.43	9.44278	458.356	0	180	-134.871
494.426	9.39057	458.288	0	180	-134.873
494.422	9.33836	458.221	0	180	-134.874
494.417	9.28615	458.155	0	180	-134.875
494.413	9.23394	458.09	0	180	-134.877
494.409	9.18173	458.025	0	180	-134.878
494.405	9.12952	457.962	0	180	-134.879
494.4	9.0773	457.9	0	180	-134.881
494.396	9.02509	457.839	0	180	-134.882
494.392	8.97288	457.779	0	180	-134.883
494.387	8.92067	457.72	0	180	-134.885
494.383	8.86846	457.662	0	180	-134.886
494.379	8.81625	457.604	0	180	-134.888
494.375	8.76404	457.548	0	180	-134.889
494.37	8.71182	457.493	0	180	-134.89
494.366	8.65961	457.439	0	180	-134.892
494.362	8.6074	457.386	0	180	-134.893
494.358	8.55535	457.334	0	180	-134.894
494.353	8.5042	457.283	0	180	-134.896
494.349	8.45406	457.232	0	180	-134.897
494.345	8.40491	457.183	0	180	-134.898
494.34	8.35676	457.135	0	180	-134.9
494.336	8.30961	457.088	0	180	-134.901
494.332	8.26347	457.042	0	180	-134.903
494.328	8.21832	456.997	0	180	-134.904
494.323	8.17417	456.953	0	180	-134.905
494.319	8.13103	456.909	0	180	-134.907
494.315	8.08888	456.867	0	180	-134.908
494.311	8.04773	456.826	0	180	-134.909
494.306	8.00758	456.786	0	180	-134.911
494.302	7.96844	456.747	0	180	-134.912
494.298	7.93029	456.709	0	180	-134.913
494.293	7.89314	456.672	0	180	-134.915
494.289	7.857	456.635	0	180	-134.916
494.285	7.82185	456.6	0	180	-134.917
494.281	7.7877	456.566	0	180	-134.919
494.276	7.75456	456.533	0	180	-134.92
494.272	7.72241	456.501	0	180	-134.922
494.268	7.69126	456.47	0	180	-134.923
494.264	7.66111	456.439	0	180	-134.924
494.259	7.63197	456.41	0	180	-134.926
494.255	7.60382	456.382	0	180	-134.927
494.251	7.57667	456.355	0	180	-134.928
494.246	7.55053	456.329	0	180	-134.93
494.242	7.52538	456.304	0	180	-134.931
494.238	7.50123	456.28	0	180	-134.932
494.234	7.47808	456.256	0	180	-134.934
494.229	7.45594	456.234	0	180	-134.935
494.225	7.43479	456.213	0	180	-134.937
494.221	7.41464	456.193	0	180	-134.938
494.217	7.3955	456.174	0	180	-134.939
494.212	7.37735	456.156	0	180	-134.941
494.208	7.3602	456.139	0	180	-134.942
494.204	7.34406	456.122	0	180	-134.943
494.199	7.32891	456.107	0	180	-134.945
494.195	7.31476	456.093	0	180	-134.946
494.191	7.30161	456.08	0	180	-134.947
494.187	7.28947	456.068	0	180	-134.949
494.182	7.27832	456.057	0	180	-134.95
494.178	7.26817	456.047	0	180	-134.952
494.174	7.25903	456.037	0	180	-134.953
494.17	7.25088	456.029	0	180	-134.954
494.165	7.24373	456.022	0	180	-134.956
494.161	7.23758	456.016	0	180	-134.957
494.157	7.23244	456.011	0	180	-134.958
494.153	7.22829	456.007	0	180	-134.96
494.15	7.22514	456.004	0	180	-134.961
494.147	7.223	456.001	0	180	-134.962
494.146	7.22185	456	0	180	-134.964
