0.83734 27.8283 113.018 -7.10667e-08 39.1532 -134.963
0.837511 27.8283 113.018 -7.10809e-08 39.1535 -134.962
0.837797 27.8283 113.018 -7.11044e-08 39.154 -134.959
0.838197 27.8282 113.017 -7.11373e-08 39.1546 -134.956
0.838713 27.828 113.017 -7.11799e-08 39.1554 -134.951
0.839344 27.8278 113.016 -7.12321e-08 39.1563 -134.946
0.840091 27.8274 113.015 -7.12939e-08 39.1574 -134.94
0.840955 27.8269 113.015 -7.13654e-08 39.1585 -134.935
0.841934 27.8263 113.014 -7.14465e-08 39.1598 -134.929
0.843029 27.8256 113.013 -7.15373e-08 39.1612 -134.924
0.84424 27.8248 113.012 -7.16377e-08 39.1627 -134.918
0.845567 27.8239 113.012 -7.17478e-08 39.1644 -134.913
0.84701 27.8229 113.011 -7.18674e-08 39.1661 -134.907
0.848568 27.8218 113.01 -7.19968e-08 39.168 -134.902
0.850243 27.8206 113.009 -7.21357e-08 39.1701 -134.896
0.852033 27.8192 113.009 -7.22843e-08 39.1722 -134.891
0.85394 27.8178 113.008 -7.24425e-08 39.1745 -134.885
0.855962 27.8163 113.007 -7.26103e-08 39.1769 -134.88
0.8581 27.8146 113.006 -7.27877e-08 39.1794 -134.874
0.860354 27.8129 113.005 -7.29748e-08 39.182 -134.868
0.862724 27.811 113.004 -7.31715e-08 39.1848 -134.863
0.865209 27.8091 113.003 -7.33777e-08 39.1877 -134.857
0.867811 27.807 113.002 -7.35936e-08 39.1907 -134.852
0.870528 27.8048 113.001 -7.38191e-08 39.1938 -134.846
0.873362 27.8025 113 -7.40542e-08 39.197 -134.841
0.876311 27.8001 112.999 -7.42989e-08 39.2004 -134.835
0.879376 27.7977 112.998 -7.45531e-08 39.2039 -134.83
0.882557 27.7951 112.997 -7.4817e-08 39.2075 -134.824
0.885853 27.7924 112.996 -7.50904e-08 39.2113 -134.819
0.889266 27.7895 112.995 -7.53734e-08 39.2152 -134.813
0.892794 27.7866 112.994 -7.5666e-08 39.2192 -134.808
0.896439 27.7836 112.993 -7.59681e-08 39.2233 -134.802
0.900199 27.7805 112.992 -7.62798e-08 39.2275 -134.797
0.904074 27.7773 112.991 -7.66011e-08 39.2319 -134.791
0.908066 27.7739 112.99 -7.69319e-08 39.2364 -134.786
0.912174 27.7705 112.989 -7.72722e-08 39.241 -134.78
0.916397 27.7669 112.987 -7.76221e-08 39.2457 -134.774
0.920736 27.7633 112.986 -7.79815e-08 39.2506 -134.769
0.925191 27.7595 112.985 -7.83505e-08 39.2556 -134.763
0.929762 27.7557 112.984 -7.87289e-08 39.2607 -134.758
0.934449 27.7517 112.982 -7.91169e-08 39.2659 -134.752
0.939251 27.7476 112.981 -7.95144e-08 39.2713 -134.747
0.944169 27.7435 112.98 -7.99214e-08 39.2767 -134.741
0.949203 27.7392 112.978 -8.03378e-08 39.2823 -134.736
0.954353 27.7348 112.977 -8.07638e-08 39.2881 -134.73
0.959619 27.7303 112.976 -8.11992e-08 39.2939 -134.725
0.965 27.7257 112.974 -8.16441e-08 39.2999 -134.719
0.970497 27.721 112.973 -8.20985e-08 39.306 -134.714
0.97611 27.7162 112.972 -8.25623e-08 39.3122 -134.708
0.981839 27.7113 112.97 -8.30356e-08 39.3185 -134.703
0.987683 27.7063 112.969 -8.35183e-08 39.325 -134.697
0.993643 27.7012 112.967 -8.40105e-08 39.3316 -134.692
0.999719 27.696 112.966 -8.4512e-08 39.3383 -134.686
1.00591 27.6906 112.964 -8.5023e-08 39.3452 -134.681
1.01222 27.6852 112.963 -8.55434e-08 39.3521 -134.675
1.01864 27.6797 112.961 -8.60732e-08 39.3592 -134.669
1.02518 27.674 112.96 -8.66124e-08 39.3664 -134.664
1.03184 27.6683 112.958 -8.71609e-08 39.3738 -134.658
1.03861 27.6625 112.956 -8.77189e-08 39.3812 -134.653
1.04549 27.6565 112.955 -8.82862e-08 39.3888 -134.647
1.05249 27.6505 112.953 -8.88628e-08 39.3965 -134.642
1.05961 27.6444 112.951 -8.94491e-08 39.4042 -134.636
1.06685 27.6384 112.95 -9.00449e-08 39.412 -134.631
1.07419 27.6323 112.948 -9.06502e-08 39.4197 -134.625
1.08166 27.6263 112.946 -9.12651e-08 39.4274 -134.62
1.08924 27.6203 112.945 -9.18896e-08 39.4351 -134.614
1.09694 27.6142 112.943 -9.25236e-08 39.4428 -134.609
1.10475 27.6082 112.941 -9.31672e-08 39.4506 -134.603
1.11268 27.6022 112.94 -9.38203e-08 39.4583 -134.598
1.12072 27.5962 112.938 -9.4483e-08 39.466 -134.592
1.12888 27.5901 112.936 -9.51551e-08 39.4737 -134.587
1.13715 27.5841 112.934 -9.58368e-08 39.4815 -134.581
1.14554 27.5781 112.933 -9.6528e-08 39.4892 -134.575
1.15405 27.5721 112.931 -9.72287e-08 39.4969 -134.57
1.16267 27.5661 112.929 -9.79386e-08 39.5047 -134.564
1.17131 27.5601 112.927 -9.86507e-08 39.5124 -134.559
1.17996 27.5541 112.926 -9.93625e-08 39.5202 -134.553
1.18861 27.5481 112.924 -1.00074e-07 39.5279 -134.548
1.19725 27.5421 112.922 -1.00785e-07 39.5357 -134.542
1.2059 27.5361 112.921 -1.01497e-07 39.5434 -134.537
1.21454 27.5301 112.919 -1.02207e-07 39.5511 -134.531
1.22319 27.5241 112.917 -1.02918e-07 39.5589 -134.526
1.23184 27.5181 112.915 -1.03628e-07 39.5666 -134.52
1.24048 27.5121 112.913 -1.04338e-07 39.5744 -134.515
1.24913 27.5062 112.912 -1.05048e-07 39.5821 -134.509
1.25777 27.5002 112.91 -1.05758e-07 39.5899 -134.504
1.26642 27.4942 112.908 -1.06467e-07 39.5976 -134.498
1.27506 27.4882 112.906 -1.07176e-07 39.6054 -134.493
1.2837 27.4822 112.905 -1.07885e-07 39.6131 -134.487
1.29235 27.4763 112.903 -1.08594e-07 39.6209 -134.482
1.30099 27.4703 112.901 -1.09302e-07 39.6286 -134.476
1.30964 27.4643 112.899 -1.1001e-07 39.6364 -134.47
1.31828 27.4583 112.898 -1.10718e-07 39.6442 -134.465
1.32692 27.4524 112.896 -1.11426e-07 39.6519 -134.459
1.33557 27.4464 112.894 -1.12133e-07 39.6597 -134.454
1.34421 27.4404 112.892 -1.1284e-07 39.6674 -134.448
1.35285 27.4345 112.89 -1.13547e-07 39.6752 -134.443
1.3615 27.4285 112.889 -1.14254e-07 39.683 -134.437
1.37014 27.4225 112.887 -1.1496e-07 39.6907 -134.432
1.37878 27.4166 112.885 -1.15666e-07 39.6985 -134.426
1.38742 27.4106 112.883 -1.16372e-07 39.7063 -134.421
1.39606 27.4047 112.881 -1.17078e-07 39.714 -134.415
1.40471 27.3987 112.879 -1.17783e-07 39.7218 -134.41
1.41335 27.3928 112.878 -1.18488e-07 39.7296 -134.404
1.42199 27.3868 112.876 -1.19193e-07 39.7373 -134.399
1.43063 27.3809 112.874 -1.19897e-07 39.7451 -134.393
1.43927 27.3749 112.872 -1.20602e-07 39.7529 -134.388
1.44791 27.369 112.87 -1.21306e-07 39.7606 -134.382
1.45655 27.3631 112.869 -1.2201e-07 39.7684 -134.376
1.46519 27.3571 112.867 -1.22713e-07 39.7762 -134.371
1.47383 27.3512 112.865 -1.23417e-07 39.7839 -134.365
1.48247 27.3452 112.863 -1.2412e-07 39.7917 -134.36
1.49111 27.3393 112.861 -1.24823e-07 39.7995 -134.354
1.49975 27.3334 112.859 -1.25525e-07 39.8073 -134.349
1.50839 27.3275 112.857 -1.26228e-07 39.8151 -134.343
1.51703 27.3215 112.856 -1.2693e-07 39.8228 -134.338
1.52567 27.3156 112.854 -1.27632e-07 39.8306 -134.332
1.53431 27.3097 112.852 -1.28333e-07 39.8384 -134.327
1.54295 27.3038 112.85 -1.29035e-07 39.8462 -134.321
1.55159 27.2978 112.848 -1.29736e-07 39.854 -134.316
1.56022 27.2919 112.846 -1.30437e-07 39.8617 -134.31
1.56886 27.286 112.844 -1.31137e-07 39.8695 -134.305
1.5775 27.2801 112.843 -1.31838e-07 39.8773 -134.299
1.58614 27.2742 112.841 -1.32538e-07 39.8851 -134.294
1.59478 27.2683 112.839 -1.33238e-07 39.8929 -134.288
1.60341 27.2624 112.837 -1.33937e-07 39.9007 -134.283
1.61205 27.2564 112.835 -1.34637e-07 39.9085 -134.277
1.62069 27.2505 112.833 -1.35336e-07 39.9162 -134.271
1.62932 27.2446 112.831 -1.36035e-07 39.924 -134.266
1.63796 27.2387 112.829 -1.36734e-07 39.9318 -134.26
1.6466 27.2328 112.828 -1.37432e-07 39.9396 -134.255
1.65523 27.2269 112.826 -1.3813e-07 39.9474 -134.249
1.66387 27.221 112.824 -1.38828e-07 39.9552 -134.244
1.6725 27.2152 112.822 -1.39526e-07 39.963 -134.238
1.68114 27.2093 112.82 -1.40223e-07 39.9708 -134.233
1.68978 27.2034 112.818 -1.4092e-07 39.9786 -134.227
1.69841 27.1975 112.816 -1.41617e-07 39.9864 -134.222
1.70705 27.1916 112.814 -1.42314e-07 39.9942 -134.216
1.71568 27.1857 112.812 -1.4301e-07 40.002 -134.211
1.72431 27.1798 112.81 -1.43707e-07 40.0098 -134.205
1.73295 27.1739 112.808 -1.44403e-07 40.0176 -134.2
1.74158 27.1681 112.807 -1.45098e-07 40.0254 -134.194
1.75022 27.1622 112.805 -1.45794e-07 40.0332 -134.189
1.75885 27.1563 112.803 -1.46489e-07 40.041 -134.183
1.76748 27.1504 112.801 -1.47184e-07 40.0488 -134.178
1.77612 27.1446 112.799 -1.47879e-07 40.0566 -134.172
1.78475 27.1387 112.797 -1.48573e-07 40.0644 -134.166
1.79338 27.1328 112.795 -1.49267e-07 40.0722 -134.161
1.80202 27.127 112.793 -1.49961e-07 40.08 -134.155
1.81065 27.1211 112.791 -1.50655e-07 40.0879 -134.15
1.81928 27.1152 112.789 -1.51349e-07 40.0957 -134.144
1.82791 27.1094 112.787 -1.52042e-07 40.1035 -134.139
1.83654 27.1035 112.785 -1.52735e-07 40.1113 -134.133
1.84518 27.0977 112.783 -1.53428e-07 40.1191 -134.128
1.85381 27.0918 112.781 -1.5412e-07 40.1269 -134.122
1.86244 27.086 112.779 -1.54812e-07 40.1347 -134.117
1.87107 27.0801 112.777 -1.55504e-07 40.1426 -134.111
1.8797 27.0743 112.775 -1.56196e-07 40.1504 -134.106
1.88833 27.0684 112.773 -1.56888e-07 40.1582 -134.1
1.89696 27.0626 112.771 -1.57579e-07 40.166 -134.095
1.90559 27.0567 112.769 -1.5827e-07 40.1738 -134.089
1.91422 27.0509 112.767 -1.58961e-07 40.1816 -134.084
1.92285 27.0451 112.765 -1.59651e-07 40.1895 -134.078
1.93148 27.0392 112.763 -1.60342e-07 40.1973 -134.072
1.94011 27.0334 112.761 -1.61032e-07 40.2051 -134.067
1.94874 27.0276 112.76 -1.61722e-07 40.2129 -134.061
1.95737 27.0217 112.758 -1.62411e-07 40.2208 -134.056
1.966 27.0159 112.756 -1.63101e-07 40.2286 -134.05
1.97462 27.0101 112.754 -1.6379e-07 40.2364 -134.045
1.98325 27.0042 112.752 -1.64478e-07 40.2442 -134.039
1.99188 26.9984 112.75 -1.65167e-07 40.2521 -134.034
2.00051 26.9926 112.747 -1.65855e-07 40.2599 -134.028
2.00914 26.9868 112.745 -1.66544e-07 40.2677 -134.023
2.01776 26.981 112.743 -1.67231e-07 40.2756 -134.017
2.02639 26.9751 112.741 -1.67919e-07 40.2834 -134.012
2.03502 26.9693 112.739 -1.68606e-07 40.2912 -134.006
2.04364 26.9635 112.737 -1.69294e-07 40.2991 -134.001
2.05227 26.9577 112.735 -1.6998e-07 40.3069 -133.995
2.0609 26.9519 112.733 -1.70667e-07 40.3147 -133.99
2.06952 26.9461 112.731 -1.71353e-07 40.3226 -133.984
2.07815 26.9403 112.729 -1.7204e-07 40.3304 -133.979
2.08677 26.9345 112.727 -1.72726e-07 40.3383 -133.973
2.0954 26.9287 112.725 -1.73411e-07 40.3461 -133.967
2.10402 26.9229 112.723 -1.74097e-07 40.3539 -133.962
2.11265 26.9171 112.721 -1.74782e-07 40.3618 -133.956
2.12127 26.9113 112.719 -1.75467e-07 40.3696 -133.951
2.1299 26.9055 112.717 -1.76152e-07 40.3775 -133.945
2.13852 26.8997 112.715 -1.76836e-07 40.3853 -133.94
2.14715 26.8939 112.713 -1.7752e-07 40.3932 -133.934
2.15577 26.8881 112.711 -1.78204e-07 40.401 -133.929
2.16439 26.8824 112.709 -1.78888e-07 40.4088 -133.923
2.17302 26.8766 112.707 -1.79571e-07 40.4167 -133.918
2.18164 26.8708 112.705 -1.80255e-07 40.4245 -133.912
2.19026 26.865 112.703 -1.80938e-07 40.4324 -133.907
2.19889 26.8592 112.701 -1.8162e-07 40.4402 -133.901
2.20751 26.8535 112.698 -1.82303e-07 40.4481 -133.896
2.21613 26.8477 112.696 -1.82985e-07 40.4559 -133.89
2.22475 26.8419 112.694 -1.83667e-07 40.4638 -133.885
2.23338 26.8362 112.692 -1.84349e-07 40.4716 -133.879
2.242 26.8304 112.69 -1.85031e-07 40.4795 -133.873
2.25062 26.8246 112.688 -1.85712e-07 40.4874 -133.868
2.25924 26.8189 112.686 -1.86393e-07 40.4952 -133.862
2.26786 26.8131 112.684 -1.87074e-07 40.5031 -133.857
2.27648 26.8073 112.682 -1.87755e-07 40.5109 -133.851
2.2851 26.8016 112.68 -1.88435e-07 40.5188 -133.846
2.29372 26.7958 112.678 -1.89115e-07 40.5267 -133.84
2.30234 26.7901 112.675 -1.89795e-07 40.5345 -133.835
2.31096 26.7843 112.673 -1.90474e-07 40.5424 -133.829
2.31958 26.7786 112.671 -1.91154e-07 40.5502 -133.824
2.3282 26.7728 112.669 -1.91833e-07 40.5581 -133.818
2.33682 26.7671 112.667 -1.92512e-07 40.566 -133.813
2.34544 26.7613 112.665 -1.93191e-07 40.5738 -133.807
2.35406 26.7556 112.663 -1.93869e-07 40.5817 -133.802
2.36267 26.7498 112.661 -1.94547e-07 40.5896 -133.796
2.37129 26.7441 112.658 -1.95225e-07 40.5974 -133.791
2.37991 26.7384 112.656 -1.95903e-07 40.6053 -133.785
2.38853 26.7326 112.654 -1.9658e-07 40.6132 -133.78
2.39715 26.7269 112.652 -1.97258e-07 40.621 -133.774
2.40576 26.7212 112.65 -1.97934e-07 40.6289 -133.768
2.41438 26.7154 112.648 -1.98611e-07 40.6368 -133.763
2.423 26.7097 112.646 -1.99288e-07 40.6447 -133.757
2.43161 26.704 112.643 -1.99964e-07 40.6525 -133.752
2.44023 26.6983 112.641 -2.0064e-07 40.6604 -133.746
2.44885 26.6925 112.639 -2.01316e-07 40.6683 -133.741
2.45746 26.6868 112.637 -2.01991e-07 40.6762 -133.735
2.46608 26.6811 112.635 -2.02667e-07 40.684 -133.73
2.47469 26.6754 112.633 -2.03342e-07 40.6919 -133.724
2.48331 26.6697 112.631 -2.04017e-07 40.6998 -133.719
2.49192 26.664 112.628 -2.04691e-07 40.7077 -133.713
2.50054 26.6583 112.626 -2.05365e-07 40.7156 -133.708
2.50915 26.6526 112.624 -2.0604e-07 40.7234 -133.702
2.51777 26.6468 112.622 -2.06713e-07 40.7313 -133.697
2.52638 26.6411 112.62 -2.07387e-07 40.7392 -133.691
2.53499 26.6354 112.617 -2.0806e-07 40.7471 -133.686
2.54361 26.6297 112.615 -2.08734e-07 40.755 -133.68
2.55222 26.624 112.613 -2.09406e-07 40.7629 -133.675
2.56083 26.6183 112.611 -2.10079e-07 40.7707 -133.669
2.56945 26.6127 112.609 -2.10752e-07 40.7786 -133.663
2.57806 26.607 112.607 -2.11424e-07 40.7865 -133.658
2.58667 26.6013 112.604 -2.12096e-07 40.7944 -133.652
2.59528 26.5956 112.602 -2.12767e-07 40.8023 -133.647
2.60389 26.5899 112.6 -2.13439e-07 40.8102 -133.641
2.61251 26.5842 112.598 -2.1411e-07 40.8181 -133.636
2.62112 26.5785 112.595 -2.14781e-07 40.826 -133.63
2.62973 26.5729 112.593 -2.15452e-07 40.8339 -133.625
2.63834 26.5672 112.591 -2.16122e-07 40.8418 -133.619
2.64695 26.5615 112.589 -2.16793e-07 40.8497 -133.614
2.65556 26.5558 112.587 -2.17463e-07 40.8575 -133.608
2.66417 26.5502 112.584 -2.18133e-07 40.8654 -133.603
2.67278 26.5445 112.582 -2.18802e-07 40.8733 -133.597
2.68139 26.5388 112.58 -2.19471e-07 40.8812 -133.592
2.69 26.5331 112.578 -2.20141e-07 40.8891 -133.586
2.69861 26.5275 112.575 -2.20809e-07 40.897 -133.581
2.70722 26.5218 112.573 -2.21478e-07 40.9049 -133.575
2.71582 26.5162 112.571 -2.22146e-07 40.9128 -133.569
2.72443 26.5105 112.569 -2.22815e-07 40.9207 -133.564
2.73304 26.5048 112.567 -2.23482e-07 40.9287 -133.558
2.74165 26.4992 112.564 -2.2415e-07 40.9366 -133.553
2.75026 26.4935 112.562 -2.24818e-07 40.9445 -133.547
2.75886 26.4879 112.56 -2.25485e-07 40.9524 -133.542
2.76747 26.4822 112.557 -2.26152e-07 40.9603 -133.536
2.77608 26.4766 112.555 -2.26818e-07 40.9682 -133.531
2.78468 26.4709 112.553 -2.27485e-07 40.9761 -133.525
2.79329 26.4653 112.551 -2.28151e-07 40.984 -133.52
2.8019 26.4597 112.548 -2.28817e-07 40.9919 -133.514
2.8105 26.454 112.546 -2.29483e-07 40.9998 -133.509
2.81911 26.4484 112.544 -2.30148e-07 41.0077 -133.503
2.82771 26.4427 112.542 -2.30814e-07 41.0156 -133.498
2.83632 26.4371 112.539 -2.31479e-07 41.0236 -133.492
2.84492 26.4315 112.537 -2.32144e-07 41.0315 -133.487
2.85353 26.4259 112.535 -2.32808e-07 41.0394 -133.481
2.86213 26.4202 112.532 -2.33473e-07 41.0473 -133.476
2.87074 26.4146 112.53 -2.34137e-07 41.0552 -133.47
2.87934 26.409 112.528 -2.34801e-07 41.0631 -133.464
2.88794 26.4034 112.526 -2.35464e-07 41.0711 -133.459
2.89655 26.3977 112.523 -2.36128e-07 41.079 -133.453
2.90515 26.3921 112.521 -2.36791e-07 41.0869 -133.448
2.91375 26.3865 112.519 -2.37454e-07 41.0948 -133.442
2.92235 26.3809 112.516 -2.38116e-07 41.1027 -133.437
2.93096 26.3753 112.514 -2.38779e-07 41.1107 -133.431
2.93956 26.3697 112.512 -2.39441e-07 41.1186 -133.426
2.94816 26.3641 112.509 -2.40103e-07 41.1265 -133.42
2.95676 26.3585 112.507 -2.40765e-07 41.1344 -133.415
2.96536 26.3529 112.505 -2.41426e-07 41.1424 -133.409
2.97396 26.3473 112.502 -2.42088e-07 41.1503 -133.404
2.98256 26.3417 112.5 -2.42749e-07 41.1582 -133.398
2.99116 26.3361 112.498 -2.4341e-07 41.1661 -133.393
2.99976 26.3305 112.495 -2.4407e-07 41.1741 -133.387
3.00836 26.3249 112.493 -2.44731e-07 41.182 -133.382
3.01696 26.3193 112.491 -2.45391e-07 41.1899 -133.376
3.02556 26.3137 112.488 -2.46051e-07 41.1979 -133.37
3.03416 26.3081 112.486 -2.4671e-07 41.2058 -133.365
3.04276 26.3025 112.484 -2.4737e-07 41.2137 -133.359
3.05136 26.2969 112.481 -2.48029e-07 41.2217 -133.354
3.05996 26.2913 112.479 -2.48688e-07 41.2296 -133.348
3.06856 26.2858 112.477 -2.49346e-07 41.2375 -133.343
3.07715 26.2802 112.474 -2.50005e-07 41.2455 -133.337
3.08575 26.2746 112.472 -2.50663e-07 41.2534 -133.332
3.09435 26.269 112.47 -2.51321e-07 41.2614 -133.326
3.10295 26.2635 112.467 -2.51979e-07 41.2693 -133.321
3.11154 26.2579 112.465 -2.52636e-07 41.2772 -133.315
3.12014 26.2523 112.462 -2.53294e-07 41.2852 -133.31
3.12874 26.2468 112.46 -2.53951e-07 41.2931 -133.304
3.13733 26.2412 112.458 -2.54608e-07 41.3011 -133.299
3.14593 26.2356 112.455 -2.55264e-07 41.309 -133.293
3.15452 26.2301 112.453 -2.55921e-07 41.3169 -133.288
3.16312 26.2245 112.451 -2.56577e-07 41.3249 -133.282
3.17171 26.219 112.448 -2.57233e-07 41.3328 -133.277
3.18031 26.2134 112.446 -2.57888e-07 41.3408 -133.271
3.1889 26.2079 112.443 -2.58544e-07 41.3487 -133.265
3.1975 26.2023 112.441 -2.59199e-07 41.3567 -133.26
3.20609 26.1968 112.439 -2.59854e-07 41.3646 -133.254
3.21468 26.1912 112.436 -2.60509e-07 41.3726 -133.249
3.22328 26.1857 112.434 -2.61163e-07 41.3805 -133.243
3.23187 26.1801 112.431 -2.61817e-07 41.3885 -133.238
3.24046 26.1746 112.429 -2.62471e-07 41.3964 -133.232
3.24906 26.169 112.427 -2.63125e-07 41.4044 -133.227
3.25765 26.1635 112.424 -2.63779e-07 41.4123 -133.221
3.26624 26.158 112.422 -2.64432e-07 41.4203 -133.216
3.27483 26.1524 112.419 -2.65085e-07 41.4282 -133.21
3.28342 26.1469 112.417 -2.65738e-07 41.4362 -133.205
3.29201 26.1414 112.414 -2.66391e-07 41.4442 -133.199
3.3006 26.1359 112.412 -2.67043e-07 41.4521 -133.194
3.3092 26.1303 112.41 -2.67695e-07 41.4601 -133.188
3.31779 26.1248 112.407 -2.68347e-07 41.468 -133.183
3.32638 26.1193 112.405 -2.68999e-07 41.476 -133.177
3.33497 26.1138 112.402 -2.6965e-07 41.484 -133.171
3.34355 26.1083 112.4 -2.70302e-07 41.4919 -133.166
3.35214 26.1027 112.397 -2.70953e-07 41.4999 -133.16
3.36073 26.0972 112.395 -2.71603e-07 41.5078 -133.155
3.36932 26.0917 112.392 -2.72254e-07 41.5158 -133.149
3.37791 26.0862 112.39 -2.72904e-07 41.5238 -133.144
3.3865 26.0807 112.388 -2.73554e-07 41.5317 -133.138
3.39509 26.0752 112.385 -2.74204e-07 41.5397 -133.133
3.40367 26.0697 112.383 -2.74854e-07 41.5477 -133.127
3.41226 26.0642 112.38 -2.75503e-07 41.5556 -133.122
3.42085 26.0587 112.378 -2.76152e-07 41.5636 -133.116
3.42943 26.0532 112.375 -2.76801e-07 41.5716 -133.111
3.43802 26.0477 112.373 -2.7745e-07 41.5795 -133.105
3.44661 26.0422 112.37 -2.78098e-07 41.5875 -133.1
3.45519 26.0367 112.368 -2.78747e-07 41.5955 -133.094
3.46378 26.0312 112.365 -2.79395e-07 41.6035 -133.089
3.47236 26.0258 112.363 -2.80042e-07 41.6114 -133.083
3.48095 26.0203 112.36 -2.8069e-07 41.6194 -133.078
3.48953 26.0148 112.358 -2.81337e-07 41.6274 -133.072
3.49812 26.0093 112.355 -2.81984e-07 41.6354 -133.066
3.5067 26.0038 112.353 -2.82631e-07 41.6433 -133.061
3.51529 25.9984 112.35 -2.83278e-07 41.6513 -133.055
3.52387 25.9929 112.348 -2.83924e-07 41.6593 -133.05
3.53245 25.9874 112.345 -2.8457e-07 41.6673 -133.044
3.54104 25.9819 112.343 -2.85216e-07 41.6753 -133.039
3.54962 25.9765 112.34 -2.85862e-07 41.6832 -133.033
3.5582 25.971 112.338 -2.86508e-07 41.6912 -133.028
3.56678 25.9655 112.335 -2.87153e-07 41.6992 -133.022
3.57537 25.9601 112.333 -2.87798e-07 41.7072 -133.017
3.58395 25.9546 112.33 -2.88443e-07 41.7152 -133.011
3.59253 25.9492 112.328 -2.89087e-07 41.7232 -133.006
3.60111 25.9437 112.325 -2.89731e-07 41.7311 -133
3.60969 25.9382 112.323 -2.90376e-07 41.7391 -132.995
3.61827 25.9328 112.32 -2.91019e-07 41.7471 -132.989
3.62685 25.9273 112.318 -2.91663e-07 41.7551 -132.984
3.63543 25.9219 112.315 -2.92306e-07 41.7631 -132.978
3.64401 25.9164 112.312 -2.9295e-07 41.7711 -132.973
3.65259 25.911 112.31 -2.93593e-07 41.7791 -132.967
3.66117 25.9056 112.307 -2.94235e-07 41.7871 -132.961
3.66975 25.9001 112.305 -2.94878e-07 41.795 -132.956
3.67833 25.8947 112.302 -2.9552e-07 41.803 -132.95
3.6869 25.8892 112.3 -2.96162e-07 41.811 -132.945
3.69548 25.8838 112.297 -2.96804e-07 41.819 -132.939
3.70406 25.8784 112.295 -2.97445e-07 41.827 -132.934
3.71264 25.8729 112.292 -2.98087e-07 41.835 -132.928
3.72121 25.8675 112.289 -2.98728e-07 41.843 -132.923
3.72979 25.8621 112.287 -2.99369e-07 41.851 -132.917
3.73837 25.8567 112.284 -3.00009e-07 41.859 -132.912
3.74694 25.8512 112.282 -3.0065e-07 41.867 -132.906
3.75552 25.8458 112.279 -3.0129e-07 41.875 -132.901
3.76409 25.8404 112.277 -3.0193e-07 41.883 -132.895
3.77267 25.835 112.274 -3.0257e-07 41.891 -132.89
3.78125 25.8296 112.271 -3.03209e-07 41.899 -132.884
3.78982 25.8242 112.269 -3.03849e-07 41.907 -132.879
3.79839 25.8188 112.266 -3.04488e-07 41.915 -132.873
3.80697 25.8134 112.264 -3.05126e-07 41.923 -132.867
3.81554 25.8079 112.261 -3.05765e-07 41.931 -132.862
3.82412 25.8025 112.258 -3.06403e-07 41.939 -132.856
3.83269 25.7971 112.256 -3.07042e-07 41.947 -132.851
3.84126 25.7917 112.253 -3.07679e-07 41.955 -132.845
3.84983 25.7863 112.251 -3.08317e-07 41.963 -132.84
3.85841 25.7809 112.248 -3.08955e-07 41.971 -132.834
3.86698 25.7756 112.245 -3.09592e-07 41.9791 -132.829
3.87555 25.7702 112.243 -3.10229e-07 41.9871 -132.823
3.88412 25.7648 112.24 -3.10866e-07 41.9951 -132.818
3.89269 25.7594 112.238 -3.11502e-07 42.0031 -132.812
3.90126 25.754 112.235 -3.12139e-07 42.0111 -132.807
3.90983 25.7486 112.232 -3.12775e-07 42.0191 -132.801
3.9184 25.7432 112.23 -3.13411e-07 42.0271 -132.796
3.92697 25.7379 112.227 -3.14046e-07 42.0351 -132.79
3.93554 25.7325 112.224 -3.14682e-07 42.0432 -132.785
3.94411 25.7271 112.222 -3.15317e-07 42.0512 -132.779
3.95268 25.7217 112.219 -3.15952e-07 42.0592 -132.774
3.96125 25.7164 112.216 -3.16587e-07 42.0672 -132.768
3.96982 25.711 112.214 -3.17221e-07 42.0752 -132.762
3.97839 25.7056 112.211 -3.17855e-07 42.0832 -132.757
3.98696 25.7003 112.208 -3.18489e-07 42.0913 -132.751
3.99552 25.6949 112.206 -3.19123e-07 42.0993 -132.746
4.00409 25.6895 112.203 -3.19757e-07 42.1073 -132.74
4.01266 25.6842 112.201 -3.2039e-07 42.1153 -132.735
4.02122 25.6788 112.198 -3.21023e-07 42.1233 -132.729
4.02979 25.6735 112.195 -3.21656e-07 42.1314 -132.724
4.03836 25.6681 112.192 -3.22289e-07 42.1394 -132.718
4.04692 25.6628 112.19 -3.22922e-07 42.1474 -132.713
4.05549 25.6574 112.187 -3.23554e-07 42.1554 -132.707
4.06405 25.6521 112.184 -3.24186e-07 42.1635 -132.702
4.07262 25.6467 112.182 -3.24818e-07 42.1715 -132.696
4.08118 25.6414 112.179 -3.25449e-07 42.1795 -132.691
4.08975 25.636 112.176 -3.26081e-07 42.1876 -132.685
4.09831 25.6307 112.174 -3.26712e-07 42.1956 -132.68
4.10687 25.6254 112.171 -3.27343e-07 42.2036 -132.674
4.11544 25.62 112.168 -3.27973e-07 42.2116 -132.668
4.124 25.6147 112.166 -3.28604e-07 42.2197 -132.663
4.13256 25.6094 112.163 -3.29234e-07 42.2277 -132.657
4.14112 25.604 112.16 -3.29864e-07 42.2357 -132.652
4.14969 25.5987 112.158 -3.30494e-07 42.2438 -132.646
4.15825 25.5934 112.155 -3.31123e-07 42.2518 -132.641
4.16681 25.5881 112.152 -3.31753e-07 42.2598 -132.635
4.17537 25.5827 112.149 -3.32382e-07 42.2679 -132.63
4.18393 25.5774 112.147 -3.33011e-07 42.2759 -132.624
4.19249 25.5721 112.144 -3.33639e-07 42.284 -132.619
4.20105 25.5668 112.141 -3.34268e-07 42.292 -132.613
4.20961 25.5615 112.138 -3.34896e-07 42.3 -132.608
4.21817 25.5562 112.136 -3.35524e-07 42.3081 -132.602
4.22673 25.5509 112.133 -3.36152e-07 42.3161 -132.597
4.23529 25.5455 112.13 -3.36779e-07 42.3241 -132.591
4.24385 25.5402 112.128 -3.37407e-07 42.3322 -132.586
4.25241 25.5349 112.125 -3.38034e-07 42.3402 -132.58
4.26096 25.5296 112.122 -3.38661e-07 42.3483 -132.575
4.26952 25.5243 112.119 -3.39287e-07 42.3563 -132.569
4.27808 25.519 112.117 -3.39914e-07 42.3644 -132.563
4.28664 25.5138 112.114 -3.4054e-07 42.3724 -132.558
4.29519 25.5085 112.111 -3.41166e-07 42.3805 -132.552
4.30375 25.5032 112.108 -3.41792e-07 42.3885 -132.547
4.31231 25.4979 112.106 -3.42417e-07 42.3965 -132.541
4.32086 25.4926 112.103 -3.43042e-07 42.4046 -132.536
4.32942 25.4873 112.1 -3.43667e-07 42.4126 -132.53
4.33797 25.482 112.097 -3.44292e-07 42.4207 -132.525
4.34653 25.4768 112.095 -3.44917e-07 42.4287 -132.519
4.35508 25.4715 112.092 -3.45541e-07 42.4368 -132.514
4.36363 25.4662 112.089 -3.46166e-07 42.4448 -132.508
4.37219 25.4609 112.086 -3.4679e-07 42.4529 -132.503
4.38074 25.4557 112.083 -3.47413e-07 42.461 -132.497
4.3893 25.4504 112.081 -3.48037e-07 42.469 -132.492
4.39785 25.4451 112.078 -3.4866e-07 42.4771 -132.486
4.4064 25.4399 112.075 -3.49283e-07 42.4851 -132.481
4.41495 25.4346 112.072 -3.49906e-07 42.4932 -132.475
4.42351 25.4293 112.069 -3.50529e-07 42.5012 -132.47
4.43206 25.4241 112.067 -3.51151e-07 42.5093 -132.464
4.44061 25.4188 112.064 -3.51773e-07 42.5173 -132.458
4.44916 25.4136 112.061 -3.52395e-07 42.5254 -132.453
4.45771 25.4083 112.058 -3.53017e-07 42.5335 -132.447
4.46626 25.4031 112.055 -3.53639e-07 42.5415 -132.442
4.47481 25.3978 112.053 -3.5426e-07 42.5496 -132.436
4.48336 25.3926 112.05 -3.54881e-07 42.5576 -132.431
4.49191 25.3873 112.047 -3.55502e-07 42.5657 -132.425
4.50046 25.3821 112.044 -3.56122e-07 42.5738 -132.42
4.50901 25.3768 112.041 -3.56743e-07 42.5818 -132.414
4.51755 25.3716 112.039 -3.57363e-07 42.5899 -132.409
4.5261 25.3664 112.036 -3.57983e-07 42.598 -132.403
4.53465 25.3611 112.033 -3.58603e-07 42.606 -132.398
4.5432 25.3559 112.03 -3.59222e-07 42.6141 -132.392
4.55174 25.3507 112.027 -3.59842e-07 42.6222 -132.387
4.56029 25.3454 112.024 -3.60461e-07 42.6302 -132.381
4.56884 25.3402 112.021 -3.6108e-07 42.6383 -132.376
4.57738 25.335 112.019 -3.61698e-07 42.6464 -132.37
4.58593 25.3298 112.016 -3.62317e-07 42.6544 -132.364
4.59448 25.3245 112.013 -3.62935e-07 42.6625 -132.359
4.60302 25.3193 112.01 -3.63553e-07 42.6706 -132.353
4.61157 25.3141 112.007 -3.64171e-07 42.6787 -132.348
4.62011 25.3089 112.004 -3.64788e-07 42.6867 -132.342
4.62865 25.3037 112.002 -3.65405e-07 42.6948 -132.337
4.6372 25.2985 111.999 -3.66023e-07 42.7029 -132.331
4.64574 25.2933 111.996 -3.66639e-07 42.711 -132.326
4.65428 25.2881 111.993 -3.67256e-07 42.719 -132.32
4.66283 25.2829 111.99 -3.67873e-07 42.7271 -132.315
4.67137 25.2777 111.987 -3.68489e-07 42.7352 -132.309
4.67991 25.2725 111.984 -3.69105e-07 42.7433 -132.304
4.68845 25.2673 111.981 -3.69721e-07 42.7513 -132.298
4.69699 25.2621 111.979 -3.70336e-07 42.7594 -132.293
4.70554 25.2569 111.976 -3.70951e-07 42.7675 -132.287
4.71408 25.2517 111.973 -3.71567e-07 42.7756 -132.282
4.72262 25.2465 111.97 -3.72181e-07 42.7837 -132.276
4.73116 25.2413 111.967 -3.72796e-07 42.7917 -132.271
4.7397 25.2361 111.964 -3.73411e-07 42.7998 -132.265
4.74824 25.2309 111.961 -3.74025e-07 42.8079 -132.259
4.75678 25.2258 111.958 -3.74639e-07 42.816 -132.254
4.76531 25.2206 111.955 -3.75253e-07 42.8241 -132.248
4.77385 25.2154 111.952 -3.75866e-07 42.8322 -132.243
4.78239 25.2102 111.95 -3.7648e-07 42.8403 -132.237
4.79093 25.2051 111.947 -3.77093e-07 42.8483 -132.232
4.79947 25.1999 111.944 -3.77706e-07 42.8564 -132.226
4.808 25.1947 111.941 -3.78318e-07 42.8645 -132.221
4.81654 25.1895 111.938 -3.78931e-07 42.8726 -132.215
4.82508 25.1844 111.935 -3.79543e-07 42.8807 -132.21
4.83361 25.1792 111.932 -3.80155e-07 42.8888 -132.204
4.84215 25.1741 111.929 -3.80767e-07 42.8969 -132.199
4.85068 25.1689 111.926 -3.81379e-07 42.905 -132.193
4.85922 25.1637 111.923 -3.8199e-07 42.9131 -132.188
4.86775 25.1586 111.92 -3.82601e-07 42.9212 -132.182
4.87629 25.1534 111.917 -3.83212e-07 42.9292 -132.177
4.88482 25.1483 111.914 -3.83823e-07 42.9373 -132.171
4.89336 25.1431 111.911 -3.84434e-07 42.9454 -132.165
4.90189 25.138 111.908 -3.85044e-07 42.9535 -132.16
4.91042 25.1329 111.906 -3.85654e-07 42.9616 -132.154
4.91895 25.1277 111.903 -3.86264e-07 42.9697 -132.149
4.92749 25.1226 111.9 -3.86874e-07 42.9778 -132.143
4.93602 25.1174 111.897 -3.87483e-07 42.9859 -132.138
4.94455 25.1123 111.894 -3.88092e-07 42.994 -132.132
4.95308 25.1072 111.891 -3.88701e-07 43.0021 -132.127
4.96161 25.102 111.888 -3.8931e-07 43.0102 -132.121
4.97014 25.0969 111.885 -3.89919e-07 43.0183 -132.116
4.97867 25.0918 111.882 -3.90527e-07 43.0264 -132.11
4.9872 25.0867 111.879 -3.91135e-07 43.0345 -132.105
4.99573 25.0815 111.876 -3.91743e-07 43.0426 -132.099
5.00426 25.0764 111.873 -3.92351e-07 43.0507 -132.094
5.01279 25.0713 111.87 -3.92958e-07 43.0588 -132.088
5.02132 25.0662 111.867 -3.93565e-07 43.0669 -132.083
5.02985 25.0611 111.864 -3.94173e-07 43.0751 -132.077
5.03838 25.056 111.861 -3.94779e-07 43.0832 -132.072
5.0469 25.0508 111.858 -3.95386e-07 43.0913 -132.066
5.05543 25.0457 111.855 -3.95992e-07 43.0994 -132.06
5.06396 25.0406 111.852 -3.96599e-07 43.1075 -132.055
5.07248 25.0355 111.849 -3.97205e-07 43.1156 -132.049
5.08101 25.0304 111.846 -3.9781e-07 43.1237 -132.044
5.08954 25.0253 111.843 -3.98416e-07 43.1318 -132.038
5.09806 25.0202 111.84 -3.99021e-07 43.1399 -132.033
5.10659 25.0151 111.837 -3.99626e-07 43.148 -132.027
5.11511 25.01 111.834 -4.00231e-07 43.1561 -132.022
5.12364 25.005 111.831 -4.00836e-07 43.1643 -132.016
5.13216 24.9999 111.828 -4.0144e-07 43.1724 -132.011
5.14068 24.9948 111.825 -4.02045e-07 43.1805 -132.005
5.14921 24.9897 111.822 -4.02649e-07 43.1886 -132
5.15773 24.9846 111.819 -4.03252e-07 43.1967 -131.994
5.16625 24.9795 111.816 -4.03856e-07 43.2048 -131.989
5.17477 24.9745 111.813 -4.04459e-07 43.213 -131.983
5.1833 24.9694 111.81 -4.05063e-07 43.2211 -131.978
5.19182 24.9643 111.807 -4.05666e-07 43.2292 -131.972
5.20034 24.9592 111.803 -4.06268e-07 43.2373 -131.966
5.20886 24.9542 111.8 -4.06871e-07 43.2454 -131.961
5.21738 24.9491 111.797 -4.07473e-07 43.2536 -131.955
5.2259 24.944 111.794 -4.08075e-07 43.2617 -131.95
5.23442 24.939 111.791 -4.08677e-07 43.2698 -131.944
5.24294 24.9339 111.788 -4.09279e-07 43.2779 -131.939
5.25146 24.9288 111.785 -4.0988e-07 43.286 -131.933
5.25998 24.9238 111.782 -4.10481e-07 43.2942 -131.928
5.2685 24.9187 111.779 -4.11082e-07 43.3023 -131.922
5.27701 24.9137 111.776 -4.11683e-07 43.3104 -131.917
5.28553 24.9086 111.773 -4.12284e-07 43.3185 -131.911
5.29405 24.9036 111.77 -4.12884e-07 43.3267 -131.906
5.30257 24.8985 111.767 -4.13484e-07 43.3348 -131.9
5.31108 24.8935 111.764 -4.14084e-07 43.3429 -131.895
5.3196 24.8884 111.761 -4.14684e-07 43.3511 -131.889
5.32811 24.8834 111.757 -4.15284e-07 43.3592 -131.884
5.33663 24.8784 111.754 -4.15883e-07 43.3673 -131.878
5.34514 24.8733 111.751 -4.16482e-07 43.3754 -131.873
5.35366 24.8683 111.748 -4.17081e-07 43.3836 -131.867
5.36217 24.8633 111.745 -4.1768e-07 43.3917 -131.861
5.37069 24.8582 111.742 -4.18278e-07 43.3998 -131.856
5.3792 24.8532 111.739 -4.18876e-07 43.408 -131.85
5.38771 24.8482 111.736 -4.19474e-07 43.4161 -131.845
5.39623 24.8431 111.733 -4.20072e-07 43.4242 -131.839
5.40474 24.8381 111.73 -4.2067e-07 43.4324 -131.834
5.41325 24.8331 111.726 -4.21267e-07 43.4405 -131.828
5.42176 24.8281 111.723 -4.21864e-07 43.4486 -131.823
5.43028 24.8231 111.72 -4.22461e-07 43.4568 -131.817
5.43879 24.8181 111.717 -4.23058e-07 43.4649 -131.812
5.4473 24.813 111.714 -4.23654e-07 43.4731 -131.806
5.45581 24.808 111.711 -4.24251e-07 43.4812 -131.801
5.46432 24.803 111.708 -4.24847e-07 43.4893 -131.795
5.47283 24.798 111.704 -4.25443e-07 43.4975 -131.79
5.48134 24.793 111.701 -4.26038e-07 43.5056 -131.784
5.48985 24.788 111.698 -4.26634e-07 43.5138 -131.779
5.49835 24.783 111.695 -4.27229e-07 43.5219 -131.773
5.50686 24.778 111.692 -4.27824e-07 43.53 -131.768
5.51537 24.773 111.689 -4.28419e-07 43.5382 -131.762
5.52388 24.768 111.686 -4.29014e-07 43.5463 -131.756
5.53239 24.763 111.682 -4.29608e-07 43.5545 -131.751
5.54089 24.7581 111.679 -4.30202e-07 43.5626 -131.745
5.5494 24.7531 111.676 -4.30796e-07 43.5708 -131.74
5.5579 24.7481 111.673 -4.3139e-07 43.5789 -131.734
5.56641 24.7431 111.67 -4.31984e-07 43.5871 -131.729
5.57492 24.7381 111.667 -4.32577e-07 43.5952 -131.723
5.58342 24.7331 111.663 -4.3317e-07 43.6034 -131.718
5.59192 24.7282 111.66 -4.33763e-07 43.6115 -131.712
5.60043 24.7232 111.657 -4.34356e-07 43.6197 -131.707
5.60893 24.7182 111.654 -4.34948e-07 43.6278 -131.701
5.61744 24.7133 111.651 -4.35541e-07 43.636 -131.696
5.62594 24.7083 111.648 -4.36133e-07 43.6441 -131.69
5.63444 24.7033 111.644 -4.36725e-07 43.6523 -131.685
5.64294 24.6984 111.641 -4.37316e-07 43.6604 -131.679
5.65145 24.6934 111.638 -4.37908e-07 43.6686 -131.674
5.65995 24.6884 111.635 -4.38499e-07 43.6767 -131.668
5.66845 24.6835 111.632 -4.3909e-07 43.6849 -131.662
5.67695 24.6785 111.628 -4.39681e-07 43.693 -131.657
5.68545 24.6736 111.625 -4.40271e-07 43.7012 -131.651
5.69395 24.6686 111.622 -4.40862e-07 43.7093 -131.646
5.70245 24.6637 111.619 -4.41452e-07 43.7175 -131.64
5.71095 24.6587 111.616 -4.42042e-07 43.7257 -131.635
5.71945 24.6538 111.612 -4.42632e-07 43.7338 -131.629
5.72795 24.6489 111.609 -4.43221e-07 43.742 -131.624
5.73644 24.6439 111.606 -4.43811e-07 43.7501 -131.618
5.74494 24.639 111.603 -4.444e-07 43.7583 -131.613
5.75344 24.634 111.599 -4.44989e-07 43.7665 -131.607
5.76194 24.6291 111.596 -4.45577e-07 43.7746 -131.602
5.77043 24.6242 111.593 -4.46166e-07 43.7828 -131.596
5.77893 24.6192 111.59 -4.46754e-07 43.791 -131.591
5.78743 24.6143 111.587 -4.47342e-07 43.7991 -131.585
5.79592 24.6094 111.583 -4.4793e-07 43.8073 -131.58
5.80442 24.6045 111.58 -4.48518e-07 43.8154 -131.574
5.81291 24.5996 111.577 -4.49105e-07 43.8236 -131.569
5.82141 24.5946 111.574 -4.49692e-07 43.8318 -131.563
5.8299 24.5897 111.57 -4.50279e-07 43.8399 -131.557
5.83839 24.5848 111.567 -4.50866e-07 43.8481 -131.552
5.84689 24.5799 111.564 -4.51453e-07 43.8563 -131.546
5.85538 24.575 111.561 -4.52039e-07 43.8644 -131.541
5.86387 24.5701 111.557 -4.52626e-07 43.8726 -131.535
5.87236 24.5652 111.554 -4.53212e-07 43.8808 -131.53
5.88086 24.5603 111.551 -4.53797e-07 43.889 -131.524
5.88935 24.5554 111.548 -4.54383e-07 43.8971 -131.519
5.89784 24.5505 111.544 -4.54968e-07 43.9053 -131.513
5.90633 24.5456 111.541 -4.55553e-07 43.9135 -131.508
5.91482 24.5407 111.538 -4.56138e-07 43.9216 -131.502
5.92331 24.5358 111.534 -4.56723e-07 43.9298 -131.497
5.9318 24.5309 111.531 -4.57308e-07 43.938 -131.491
5.94029 24.526 111.528 -4.57892e-07 43.9462 -131.486
5.94878 24.5211 111.525 -4.58476e-07 43.9543 -131.48
5.95726 24.5162 111.521 -4.5906e-07 43.9625 -131.475
5.96575 24.5113 111.518 -4.59644e-07 43.9707 -131.469
5.97424 24.5065 111.515 -4.60227e-07 43.9789 -131.463
5.98273 24.5016 111.511 -4.6081e-07 43.987 -131.458
5.99121 24.4967 111.508 -4.61393e-07 43.9952 -131.452
5.9997 24.4918 111.505 -4.61976e-07 44.0034 -131.447
6.00819 24.487 111.501 -4.62559e-07 44.0116 -131.441
6.01667 24.4821 111.498 -4.63141e-07 44.0198 -131.436
6.02516 24.4772 111.495 -4.63724e-07 44.0279 -131.43
6.03364 24.4724 111.492 -4.64306e-07 44.0361 -131.425
6.04213 24.4675 111.488 -4.64888e-07 44.0443 -131.419
6.05061 24.4626 111.485 -4.65469e-07 44.0525 -131.414
6.05909 24.4578 111.482 -4.66051e-07 44.0607 -131.408
6.06758 24.4529 111.478 -4.66632e-07 44.0689 -131.403
6.07606 24.4481 111.475 -4.67213e-07 44.077 -131.397
6.08454 24.4432 111.472 -4.67794e-07 44.0852 -131.392
6.09303 24.4384 111.468 -4.68374e-07 44.0934 -131.386
6.10151 24.4335 111.465 -4.68955e-07 44.1016 -131.381
6.10999 24.4287 111.462 -4.69535e-07 44.1098 -131.375
6.11847 24.4238 111.458 -4.70115e-07 44.118 -131.37
6.12695 24.419 111.455 -4.70694e-07 44.1262 -131.364
6.13543 24.4142 111.451 -4.71274e-07 44.1343 -131.358
6.14391 24.4093 111.448 -4.71853e-07 44.1425 -131.353
6.15239 24.4045 111.445 -4.72432e-07 44.1507 -131.347
6.16087 24.3997 111.441 -4.73011e-07 44.1589 -131.342
6.16935 24.3948 111.438 -4.7359e-07 44.1671 -131.336
6.17782 24.39 111.435 -4.74169e-07 44.1753 -131.331
6.1863 24.3852 111.431 -4.74747e-07 44.1835 -131.325
6.19478 24.3803 111.428 -4.75325e-07 44.1917 -131.32
6.20326 24.3755 111.425 -4.75903e-07 44.1999 -131.314
6.21173 24.3707 111.421 -4.76481e-07 44.2081 -131.309
6.22021 24.3659 111.418 -4.77058e-07 44.2163 -131.303
6.22869 24.3611 111.414 -4.77635e-07 44.2245 -131.298
6.23716 24.3562 111.411 -4.78212e-07 44.2327 -131.292
6.24564 24.3514 111.408 -4.78789e-07 44.2409 -131.287
6.25411 24.3466 111.404 -4.79366e-07 44.2491 -131.281
6.26258 24.3418 111.401 -4.79942e-07 44.2572 -131.276
6.27106 24.337 111.398 -4.80519e-07 44.2654 -131.27
6.27953 24.3322 111.394 -4.81095e-07 44.2736 -131.264
6.288 24.3274 111.391 -4.81671e-07 44.2818 -131.259
6.29648 24.3226 111.387 -4.82246e-07 44.29 -131.253
6.30495 24.3178 111.384 -4.82822e-07 44.2982 -131.248
6.31342 24.313 111.381 -4.83397e-07 44.3064 -131.242
6.32189 24.3082 111.377 -4.83972e-07 44.3146 -131.237
6.33036 24.3034 111.374 -4.84547e-07 44.3228 -131.231
6.33883 24.2987 111.37 -4.85121e-07 44.3311 -131.226
6.3473 24.2939 111.367 -4.85696e-07 44.3393 -131.22
6.35577 24.2891 111.363 -4.8627e-07 44.3475 -131.215
6.36424 24.2843 111.36 -4.86844e-07 44.3557 -131.209
6.37271 24.2795 111.357 -4.87418e-07 44.3639 -131.204
6.38118 24.2747 111.353 -4.87991e-07 44.3721 -131.198
6.38965 24.27 111.35 -4.88565e-07 44.3803 -131.193
6.39812 24.2652 111.346 -4.89138e-07 44.3885 -131.187
6.40658 24.2604 111.343 -4.89711e-07 44.3967 -131.182
6.41505 24.2557 111.339 -4.90284e-07 44.4049 -131.176
6.42352 24.2509 111.336 -4.90856e-07 44.4131 -131.171
6.43198 24.2461 111.333 -4.91429e-07 44.4213 -131.165
6.44045 24.2414 111.329 -4.92001e-07 44.4295 -131.159
6.44892 24.2366 111.326 -4.92573e-07 44.4377 -131.154
6.45738 24.2318 111.322 -4.93145e-07 44.446 -131.148
6.46585 24.2271 111.319 -4.93716e-07 44.4542 -131.143
6.47431 24.2223 111.315 -4.94287e-07 44.4624 -131.137
6.48277 24.2176 111.312 -4.94859e-07 44.4706 -131.132
6.49124 24.2128 111.308 -4.95429e-07 44.4788 -131.126
6.4997 24.2081 111.305 -4.96e-07 44.487 -131.121
6.50816 24.2033 111.301 -4.96571e-07 44.4952 -131.115
6.51662 24.1986 111.298 -4.97141e-07 44.5034 -131.11
6.52509 24.1939 111.294 -4.97711e-07 44.5117 -131.104
6.53355 24.1891 111.291 -4.98281e-07 44.5199 -131.099
6.54201 24.1844 111.288 -4.98851e-07 44.5281 -131.093
6.55047 24.1797 111.284 -4.9942e-07 44.5363 -131.088
6.55893 24.1749 111.281 -4.9999e-07 44.5445 -131.082
6.56739 24.1702 111.277 -5.00559e-07 44.5527 -131.077
6.57585 24.1655 111.274 -5.01128e-07 44.561 -131.071
6.58431 24.1607 111.27 -5.01696e-07 44.5692 -131.066
6.59277 24.156 111.267 -5.02265e-07 44.5774 -131.06
6.60122 24.1513 111.263 -5.02833e-07 44.5856 -131.054
6.60968 24.1466 111.26 -5.03401e-07 44.5938 -131.049
6.61814 24.1419 111.256 -5.03969e-07 44.6021 -131.043
6.62659 24.1371 111.253 -5.04537e-07 44.6103 -131.038
6.63505 24.1324 111.249 -5.05104e-07 44.6185 -131.032
6.64351 24.1277 111.246 -5.05672e-07 44.6267 -131.027
6.65196 24.123 111.242 -5.06239e-07 44.635 -131.021
6.66042 24.1183 111.239 -5.06806e-07 44.6432 -131.016
6.66887 24.1136 111.235 -5.07372e-07 44.6514 -131.01
6.67733 24.1089 111.231 -5.07939e-07 44.6596 -131.005
6.68578 24.1042 111.228 -5.08505e-07 44.6679 -130.999
6.69423 24.0995 111.224 -5.09071e-07 44.6761 -130.994
6.70269 24.0948 111.221 -5.09637e-07 44.6843 -130.988
6.71114 24.0901 111.217 -5.10203e-07 44.6925 -130.983
6.71959 24.0854 111.214 -5.10768e-07 44.7008 -130.977
6.72804 24.0807 111.21 -5.11334e-07 44.709 -130.972
6.7365 24.076 111.207 -5.11899e-07 44.7172 -130.966
6.74495 24.0714 111.203 -5.12464e-07 44.7255 -130.96
6.7534 24.0667 111.2 -5.13028e-07 44.7337 -130.955
6.76185 24.062 111.196 -5.13593e-07 44.7419 -130.949
6.7703 24.0573 111.193 -5.14157e-07 44.7502 -130.944
6.77875 24.0526 111.189 -5.14721e-07 44.7584 -130.938
6.7872 24.048 111.185 -5.15285e-07 44.7666 -130.933
6.79564 24.0433 111.182 -5.15849e-07 44.7749 -130.927
6.80409 24.0386 111.178 -5.16412e-07 44.7831 -130.922
6.81254 24.034 111.175 -5.16975e-07 44.7913 -130.916
6.82099 24.0293 111.171 -5.17538e-07 44.7996 -130.911
6.82943 24.0246 111.168 -5.18101e-07 44.8078 -130.905
6.83788 24.02 111.164 -5.18664e-07 44.816 -130.9
6.84633 24.0153 111.16 -5.19226e-07 44.8243 -130.894
6.85477 24.0107 111.157 -5.19789e-07 44.8325 -130.889
6.86322 24.006 111.153 -5.20351e-07 44.8407 -130.883
6.87166 24.0014 111.15 -5.20913e-07 44.849 -130.878
6.88011 23.9967 111.146 -5.21474e-07 44.8572 -130.872
6.88855 23.9921 111.142 -5.22036e-07 44.8655 -130.867
6.89699 23.9874 111.139 -5.22597e-07 44.8737 -130.861
6.90544 23.9828 111.135 -5.23158e-07 44.8819 -130.855
6.91388 23.9781 111.132 -5.23719e-07 44.8902 -130.85
6.92232 23.9735 111.128 -5.2428e-07 44.8984 -130.844
6.93076 23.9689 111.124 -5.2484e-07 44.9067 -130.839
6.9392 23.9642 111.121 -5.254e-07 44.9149 -130.833
6.94764 23.9596 111.117 -5.25961e-07 44.9232 -130.828
6.95609 23.955 111.114 -5.2652e-07 44.9314 -130.822
6.96453 23.9503 111.11 -5.2708e-07 44.9396 -130.817
6.97296 23.9457 111.106 -5.2764e-07 44.9479 -130.811
6.9814 23.9411 111.103 -5.28199e-07 44.9561 -130.806
6.98984 23.9365 111.099 -5.28758e-07 44.9644 -130.8
6.99828 23.9318 111.096 -5.29317e-07 44.9726 -130.795
7.00672 23.9272 111.092 -5.29875e-07 44.9809 -130.789
7.01516 23.9226 111.088 -5.30434e-07 44.9891 -130.784
7.02359 23.918 111.085 -5.30992e-07 44.9974 -130.778
7.03203 23.9134 111.081 -5.3155e-07 45.0056 -130.773
7.04047 23.9088 111.077 -5.32108e-07 45.0139 -130.767
7.0489 23.9042 111.074 -5.32666e-07 45.0221 -130.761
7.05734 23.8996 111.07 -5.33223e-07 45.0304 -130.756
7.06577 23.895 111.066 -5.33781e-07 45.0386 -130.75
7.07421 23.8904 111.063 -5.34338e-07 45.0469 -130.745
7.08264 23.8858 111.059 -5.34895e-07 45.0551 -130.739
7.09107 23.8812 111.055 -5.35451e-07 45.0634 -130.734
7.09951 23.8766 111.052 -5.36008e-07 45.0716 -130.728
7.10794 23.872 111.048 -5.36564e-07 45.0799 -130.723
7.11637 23.8674 111.044 -5.3712e-07 45.0881 -130.717
7.12481 23.8628 111.041 -5.37676e-07 45.0964 -130.712
7.13324 23.8582 111.037 -5.38232e-07 45.1046 -130.706
7.14167 23.8536 111.033 -5.38787e-07 45.1129 -130.701
7.1501 23.8491 111.03 -5.39343e-07 45.1212 -130.695
7.15853 23.8445 111.026 -5.39898e-07 45.1294 -130.69
7.16696 23.8399 111.022 -5.40453e-07 45.1377 -130.684
7.17539 23.8353 111.019 -5.41008e-07 45.1459 -130.679
7.18382 23.8308 111.015 -5.41562e-07 45.1542 -130.673
7.19224 23.8262 111.011 -5.42116e-07 45.1624 -130.668
7.20067 23.8216 111.008 -5.42671e-07 45.1707 -130.662
7.2091 23.8171 111.004 -5.43224e-07 45.179 -130.656
7.21753 23.8125 111 -5.43778e-07 45.1872 -130.651
7.22595 23.8079 110.997 -5.44332e-07 45.1955 -130.645
7.23438 23.8034 110.993 -5.44885e-07 45.2038 -130.64
7.24281 23.7988 110.989 -5.45438e-07 45.212 -130.634
7.25123 23.7943 110.985 -5.45991e-07 45.2203 -130.629
7.25966 23.7897 110.982 -5.46544e-07 45.2285 -130.623
7.26808 23.7852 110.978 -5.47097e-07 45.2368 -130.618
7.27651 23.7806 110.974 -5.47649e-07 45.2451 -130.612
7.28493 23.7761 110.971 -5.48201e-07 45.2533 -130.607
7.29335 23.7715 110.967 -5.48753e-07 45.2616 -130.601
7.30177 23.767 110.963 -5.49305e-07 45.2699 -130.596
7.3102 23.7625 110.959 -5.49856e-07 45.2781 -130.59
7.31862 23.7579 110.956 -5.50408e-07 45.2864 -130.585
7.32704 23.7534 110.952 -5.50959e-07 45.2947 -130.579
7.33546 23.7489 110.948 -5.5151e-07 45.3029 -130.574
7.34388 23.7443 110.944 -5.52061e-07 45.3112 -130.568
7.3523 23.7398 110.941 -5.52611e-07 45.3195 -130.563
7.36072 23.7353 110.937 -5.53162e-07 45.3277 -130.557
7.36914 23.7307 110.933 -5.53712e-07 45.336 -130.551
7.37756 23.7262 110.929 -5.54262e-07 45.3443 -130.546
7.38598 23.7217 110.926 -5.54812e-07 45.3526 -130.54
7.3944 23.7172 110.922 -5.55361e-07 45.3608 -130.535
7.40281 23.7127 110.918 -5.55911e-07 45.3691 -130.529
7.41123 23.7082 110.914 -5.5646e-07 45.3774 -130.524
7.41965 23.7037 110.911 -5.57009e-07 45.3856 -130.518
7.42806 23.6991 110.907 -5.57558e-07 45.3939 -130.513
7.43648 23.6946 110.903 -5.58107e-07 45.4022 -130.507
7.44489 23.6901 110.899 -5.58655e-07 45.4105 -130.502
7.45331 23.6856 110.896 -5.59203e-07 45.4187 -130.496
7.46172 23.6811 110.892 -5.59751e-07 45.427 -130.491
7.47014 23.6766 110.888 -5.60299e-07 45.4353 -130.485
7.47855 23.6721 110.884 -5.60847e-07 45.4436 -130.48
7.48696 23.6676 110.881 -5.61394e-07 45.4518 -130.474
7.49538 23.6632 110.877 -5.61942e-07 45.4601 -130.469
7.50379 23.6587 110.873 -5.62489e-07 45.4684 -130.463
7.5122 23.6542 110.869 -5.63036e-07 45.4767 -130.457
7.52061 23.6497 110.865 -5.63582e-07 45.485 -130.452
7.52902 23.6452 110.862 -5.64129e-07 45.4932 -130.446
7.53743 23.6407 110.858 -5.64675e-07 45.5015 -130.441
7.54584 23.6363 110.854 -5.65221e-07 45.5098 -130.435
7.55425 23.6318 110.85 -5.65767e-07 45.5181 -130.43
7.56266 23.6273 110.846 -5.66313e-07 45.5264 -130.424
7.57107 23.6228 110.843 -5.66859e-07 45.5346 -130.419
7.57948 23.6184 110.839 -5.67404e-07 45.5429 -130.413
7.58789 23.6139 110.835 -5.67949e-07 45.5512 -130.408
7.59629 23.6094 110.831 -5.68494e-07 45.5595 -130.402
7.6047 23.605 110.827 -5.69039e-07 45.5678 -130.397
7.61311 23.6005 110.823 -5.69583e-07 45.5761 -130.391
7.62151 23.5961 110.82 -5.70128e-07 45.5843 -130.386
7.62992 23.5916 110.816 -5.70672e-07 45.5926 -130.38
7.63832 23.5872 110.812 -5.71216e-07 45.6009 -130.375
7.64673 23.5827 110.808 -5.7176e-07 45.6092 -130.369
7.65513 23.5783 110.804 -5.72303e-07 45.6175 -130.364
7.66353 23.5738 110.8 -5.72847e-07 45.6258 -130.358
7.67194 23.5694 110.797 -5.7339e-07 45.6341 -130.352
7.68034 23.5649 110.793 -5.73933e-07 45.6424 -130.347
7.68874 23.5605 110.789 -5.74476e-07 45.6507 -130.341
7.69714 23.556 110.785 -5.75019e-07 45.6589 -130.336
7.70554 23.5516 110.781 -5.75561e-07 45.6672 -130.33
7.71395 23.5472 110.777 -5.76103e-07 45.6755 -130.325
7.72235 23.5428 110.773 -5.76645e-07 45.6838 -130.319
7.73075 23.5383 110.77 -5.77187e-07 45.6921 -130.314
7.73915 23.5339 110.766 -5.77729e-07 45.7004 -130.308
7.74754 23.5295 110.762 -5.7827e-07 45.7087 -130.303
7.75594 23.525 110.758 -5.78812e-07 45.717 -130.297
7.76434 23.5206 110.754 -5.79353e-07 45.7253 -130.292
7.77274 23.5162 110.75 -5.79894e-07 45.7336 -130.286
7.78114 23.5118 110.746 -5.80434e-07 45.7419 -130.281
7.78953 23.5074 110.742 -5.80975e-07 45.7502 -130.275
7.79793 23.503 110.739 -5.81515e-07 45.7585 -130.27
7.80632 23.4986 110.735 -5.82056e-07 45.7668 -130.264
7.81472 23.4942 110.731 -5.82596e-07 45.7751 -130.258
7.82312 23.4898 110.727 -5.83135e-07 45.7833 -130.253
7.83151 23.4853 110.723 -5.83675e-07 45.7916 -130.247
7.8399 23.4809 110.719 -5.84214e-07 45.7999 -130.242
7.8483 23.4766 110.715 -5.84753e-07 45.8082 -130.236
7.85669 23.4722 110.711 -5.85292e-07 45.8165 -130.231
7.86508 23.4678 110.707 -5.85831e-07 45.8248 -130.225
7.87347 23.4634 110.703 -5.8637e-07 45.8331 -130.22
7.88187 23.459 110.7 -5.86908e-07 45.8414 -130.214
7.89026 23.4546 110.696 -5.87447e-07 45.8497 -130.209
7.89865 23.4502 110.692 -5.87985e-07 45.858 -130.203
7.90704 23.4458 110.688 -5.88522e-07 45.8664 -130.198
7.91543 23.4414 110.684 -5.8906e-07 45.8747 -130.192
7.92382 23.4371 110.68 -5.89598e-07 45.883 -130.187
7.93221 23.4327 110.676 -5.90135e-07 45.8913 -130.181
7.9406 23.4283 110.672 -5.90672e-07 45.8996 -130.176
7.94898 23.4239 110.668 -5.91209e-07 45.9079 -130.17
7.95737 23.4196 110.664 -5.91746e-07 45.9162 -130.165
7.96576 23.4152 110.66 -5.92282e-07 45.9245 -130.159
7.97414 23.4108 110.656 -5.92819e-07 45.9328 -130.153
7.98253 23.4065 110.652 -5.93355e-07 45.9411 -130.148
7.99092 23.4021 110.648 -5.93891e-07 45.9494 -130.142
7.9993 23.3978 110.645 -5.94426e-07 45.9577 -130.137
8.00769 23.3934 110.641 -5.94962e-07 45.966 -130.131
8.01607 23.3891 110.637 -5.95497e-07 45.9743 -130.126
8.02445 23.3847 110.633 -5.96033e-07 45.9826 -130.12
8.03284 23.3804 110.629 -5.96568e-07 45.9909 -130.115
8.04122 23.376 110.625 -5.97102e-07 45.9993 -130.109
8.0496 23.3717 110.621 -5.97637e-07 46.0076 -130.104
8.05799 23.3673 110.617 -5.98171e-07 46.0159 -130.098
8.06637 23.363 110.613 -5.98706e-07 46.0242 -130.093
8.07475 23.3586 110.609 -5.9924e-07 46.0325 -130.087
8.08313 23.3543 110.605 -5.99774e-07 46.0408 -130.082
8.09151 23.35 110.601 -6.00307e-07 46.0491 -130.076
8.09989 23.3456 110.597 -6.00841e-07 46.0574 -130.071
8.10827 23.3413 110.593 -6.01374e-07 46.0657 -130.065
8.11665 23.337 110.589 -6.01907e-07 46.0741 -130.059
8.12502 23.3327 110.585 -6.0244e-07 46.0824 -130.054
8.1334 23.3283 110.581 -6.02973e-07 46.0907 -130.048
8.14178 23.324 110.577 -6.03506e-07 46.099 -130.043
8.15016 23.3197 110.573 -6.04038e-07 46.1073 -130.037
8.15853 23.3154 110.569 -6.0457e-07 46.1156 -130.032
8.16691 23.3111 110.565 -6.05102e-07 46.124 -130.026
8.17528 23.3068 110.561 -6.05634e-07 46.1323 -130.021
8.18366 23.3024 110.557 -6.06165e-07 46.1406 -130.015
8.19203 23.2981 110.553 -6.06697e-07 46.1489 -130.01
8.20041 23.2938 110.549 -6.07228e-07 46.1572 -130.004
8.20878 23.2895 110.545 -6.07759e-07 46.1656 -129.999
8.21715 23.2852 110.541 -6.0829e-07 46.1739 -129.993
8.22553 23.2809 110.537 -6.08821e-07 46.1822 -129.988
8.2339 23.2766 110.533 -6.09351e-07 46.1905 -129.982
8.24227 23.2723 110.529 -6.09881e-07 46.1988 -129.977
8.25064 23.2681 110.525 -6.10412e-07 46.2072 -129.971
8.25901 23.2638 110.521 -6.10942e-07 46.2155 -129.966
8.26738 23.2595 110.517 -6.11471e-07 46.2238 -129.96
8.27575 23.2552 110.513 -6.12001e-07 46.2321 -129.954
8.28412 23.2509 110.509 -6.1253e-07 46.2404 -129.949
8.29249 23.2466 110.505 -6.13059e-07 46.2488 -129.943
8.30086 23.2424 110.501 -6.13588e-07 46.2571 -129.938
8.30922 23.2381 110.497 -6.14117e-07 46.2654 -129.932
8.31759 23.2338 110.492 -6.14646e-07 46.2737 -129.927
8.32596 23.2295 110.488 -6.15174e-07 46.2821 -129.921
8.33432 23.2253 110.484 -6.15702e-07 46.2904 -129.916
8.34269 23.221 110.48 -6.1623e-07 46.2987 -129.91
8.35106 23.2167 110.476 -6.16758e-07 46.3071 -129.905
8.35942 23.2125 110.472 -6.17286e-07 46.3154 -129.899
8.36778 23.2082 110.468 -6.17814e-07 46.3237 -129.894
8.37615 23.2039 110.464 -6.18341e-07 46.332 -129.888
8.38451 23.1997 110.46 -6.18868e-07 46.3404 -129.883
8.39288 23.1954 110.456 -6.19395e-07 46.3487 -129.877
8.40124 23.1912 110.452 -6.19922e-07 46.357 -129.872
8.4096 23.1869 110.448 -6.20448e-07 46.3654 -129.866
8.41796 23.1827 110.444 -6.20975e-07 46.3737 -129.861
8.42632 23.1784 110.44 -6.21501e-07 46.382 -129.855
8.43468 23.1742 110.435 -6.22027e-07 46.3904 -129.849
8.44304 23.17 110.431 -6.22553e-07 46.3987 -129.844
8.4514 23.1657 110.427 -6.23078e-07 46.407 -129.838
8.45976 23.1615 110.423 -6.23604e-07 46.4154 -129.833
8.46812 23.1573 110.419 -6.24129e-07 46.4237 -129.827
8.47648 23.153 110.415 -6.24654e-07 46.432 -129.822
8.48484 23.1488 110.411 -6.25179e-07 46.4404 -129.816
8.49319 23.1446 110.407 -6.25704e-07 46.4487 -129.811
8.50155 23.1403 110.403 -6.26228e-07 46.457 -129.805
8.50991 23.1361 110.399 -6.26752e-07 46.4654 -129.8
8.51826 23.1319 110.394 -6.27277e-07 46.4737 -129.794
8.52662 23.1277 110.39 -6.27801e-07 46.482 -129.789
8.53497 23.1235 110.386 -6.28324e-07 46.4904 -129.783
8.54333 23.1193 110.382 -6.28848e-07 46.4987 -129.778
8.55168 23.115 110.378 -6.29371e-07 46.507 -129.772
8.56003 23.1108 110.374 -6.29895e-07 46.5154 -129.767
8.56839 23.1066 110.37 -6.30418e-07 46.5237 -129.761
8.57674 23.1024 110.366 -6.3094e-07 46.5321 -129.755
8.58509 23.0982 110.361 -6.31463e-07 46.5404 -129.75
8.59344 23.094 110.357 -6.31986e-07 46.5487 -129.744
8.60179 23.0898 110.353 -6.32508e-07 46.5571 -129.739
8.61014 23.0856 110.349 -6.3303e-07 46.5654 -129.733
8.61849 23.0814 110.345 -6.33552e-07 46.5738 -129.728
8.62684 23.0772 110.341 -6.34074e-07 46.5821 -129.722
8.63519 23.0731 110.336 -6.34595e-07 46.5905 -129.717
8.64354 23.0689 110.332 -6.35117e-07 46.5988 -129.711
8.65189 23.0647 110.328 -6.35638e-07 46.6071 -129.706
8.66023 23.0605 110.324 -6.36159e-07 46.6155 -129.7
8.66858 23.0563 110.32 -6.3668e-07 46.6238 -129.695
8.67693 23.0521 110.316 -6.372e-07 46.6322 -129.689
8.68527 23.048 110.312 -6.37721e-07 46.6405 -129.684
8.69362 23.0438 110.307 -6.38241e-07 46.6489 -129.678
8.70196 23.0396 110.303 -6.38761e-07 46.6572 -129.673
8.71031 23.0355 110.299 -6.39281e-07 46.6656 -129.667
8.71865 23.0313 110.295 -6.39801e-07 46.6739 -129.662
8.727 23.0271 110.291 -6.4032e-07 46.6823 -129.656
8.73534 23.023 110.286 -6.4084e-07 46.6906 -129.65
8.74368 23.0188 110.282 -6.41359e-07 46.699 -129.645
8.75202 23.0146 110.278 -6.41878e-07 46.7073 -129.639
8.76036 23.0105 110.274 -6.42397e-07 46.7157 -129.634
8.76871 23.0063 110.27 -6.42915e-07 46.724 -129.628
8.77705 23.0022 110.265 -6.43434e-07 46.7324 -129.623
8.78539 22.998 110.261 -6.43952e-07 46.7407 -129.617
8.79373 22.9939 110.257 -6.4447e-07 46.7491 -129.612
8.80206 22.9897 110.253 -6.44988e-07 46.7574 -129.606
8.8104 22.9856 110.249 -6.45506e-07 46.7658 -129.601
8.81874 22.9815 110.244 -6.46023e-07 46.7741 -129.595
8.82708 22.9773 110.24 -6.46541e-07 46.7825 -129.59
8.83542 22.9732 110.236 -6.47058e-07 46.7908 -129.584
8.84375 22.9691 110.232 -6.47575e-07 46.7992 -129.579
8.85209 22.9649 110.228 -6.48092e-07 46.8075 -129.573
8.86042 22.9608 110.223 -6.48608e-07 46.8159 -129.568
8.86876 22.9567 110.219 -6.49125e-07 46.8242 -129.562
8.87709 22.9525 110.215 -6.49641e-07 46.8326 -129.556
8.88543 22.9484 110.211 -6.50157e-07 46.8409 -129.551
8.89376 22.9443 110.206 -6.50673e-07 46.8493 -129.545
8.90209 22.9402 110.202 -6.51189e-07 46.8577 -129.54
8.91043 22.9361 110.198 -6.51704e-07 46.866 -129.534
8.91876 22.932 110.194 -6.52219e-07 46.8744 -129.529
8.92709 22.9279 110.189 -6.52735e-07 46.8827 -129.523
8.93542 22.9239 110.185 -6.53252e-07 46.8908 -129.518
8.94375 22.9201 110.181 -6.53771e-07 46.8988 -129.512
8.95208 22.9163 110.177 -6.5429e-07 46.9068 -129.507
8.96041 22.9126 110.173 -6.54811e-07 46.9145 -129.501
8.96874 22.9091 110.169 -6.55333e-07 46.9222 -129.496
8.97707 22.9056 110.165 -6.55855e-07 46.9297 -129.49
8.9854 22.9022 110.161 -6.5638e-07 46.9371 -129.485
8.99372 22.8989 110.157 -6.56905e-07 46.9444 -129.479
9.00205 22.8957 110.153 -6.57431e-07 46.9516 -129.474
9.01038 22.8926 110.149 -6.57959e-07 46.9586 -129.468
9.0187 22.8896 110.145 -6.58488e-07 46.9655 -129.463
9.02703 22.8866 110.141 -6.59017e-07 46.9723 -129.457
9.03536 22.8838 110.137 -6.59549e-07 46.979 -129.451
9.04368 22.8811 110.133 -6.60081e-07 46.9855 -129.446
9.052 22.8784 110.13 -6.60614e-07 46.992 -129.44
9.06033 22.8759 110.126 -6.61149e-07 46.9982 -129.435
9.06865 22.8735 110.122 -6.61685e-07 47.0044 -129.429
9.07697 22.8711 110.118 -6.62222e-07 47.0105 -129.424
9.08529 22.8688 110.115 -6.6276e-07 47.0164 -129.418
9.09362 22.8667 110.111 -6.633e-07 47.0222 -129.413
9.10194 22.8646 110.108 -6.6384e-07 47.0278 -129.407
9.11026 22.8626 110.104 -6.64382e-07 47.0334 -129.402
9.11858 22.8608 110.1 -6.64925e-07 47.0388 -129.396
9.1269 22.859 110.097 -6.65469e-07 47.0441 -129.391
9.13522 22.8573 110.093 -6.66015e-07 47.0493 -129.385
9.14353 22.8557 110.09 -6.66562e-07 47.0543 -129.38
9.15185 22.8542 110.087 -6.67109e-07 47.0592 -129.374
9.16017 22.8527 110.083 -6.67659e-07 47.064 -129.369
9.16849 22.8514 110.08 -6.68209e-07 47.0687 -129.363
9.1768 22.8502 110.077 -6.6876e-07 47.0732 -129.358
9.18512 22.8491 110.073 -6.69313e-07 47.0777 -129.352
9.19343 22.848 110.07 -6.69867e-07 47.082 -129.346
9.20175 22.8471 110.067 -6.70422e-07 47.0861 -129.341
9.21006 22.8462 110.064 -6.70979e-07 47.0902 -129.335
9.21838 22.8455 110.06 -6.71537e-07 47.0941 -129.33
9.22669 22.8448 110.057 -6.72095e-07 47.0979 -129.324
9.235 22.8442 110.054 -6.72656e-07 47.1016 -129.319
9.24332 22.8438 110.051 -6.73217e-07 47.1051 -129.313
9.25163 22.8434 110.048 -6.7378e-07 47.1086 -129.308
9.25994 22.8431 110.045 -6.74344e-07 47.1119 -129.302
9.26825 22.8429 110.042 -6.74909e-07 47.1151 -129.297
9.27656 22.8428 110.039 -6.75475e-07 47.1181 -129.291
9.28487 22.8428 110.036 -6.76043e-07 47.121 -129.286
9.29318 22.8429 110.033 -6.76612e-07 47.1238 -129.28
9.30149 22.8431 110.03 -6.77182e-07 47.1265 -129.275
9.3098 22.8433 110.028 -6.77753e-07 47.1291 -129.269
9.3181 22.8437 110.025 -6.78326e-07 47.1315 -129.264
9.32641 22.8441 110.022 -6.789e-07 47.1338 -129.258
9.33472 22.8447 110.019 -6.79475e-07 47.136 -129.252
9.34302 22.8453 110.017 -6.80052e-07 47.1381 -129.247
9.35133 22.8461 110.014 -6.8063e-07 47.14 -129.241
9.35963 22.8469 110.011 -6.81209e-07 47.1418 -129.236
9.36794 22.8478 110.009 -6.81789e-07 47.1435 -129.23
9.37624 22.8489 110.006 -6.82371e-07 47.1451 -129.225
9.38455 22.85 110.004 -6.82954e-07 47.1465 -129.219
9.39285 22.8512 110.001 -6.83538e-07 47.1478 -129.214
9.40115 22.8525 109.999 -6.84124e-07 47.149 -129.208
9.40945 22.8539 109.996 -6.84711e-07 47.1501 -129.203
9.41775 22.8553 109.994 -6.85299e-07 47.151 -129.197
9.42606 22.8569 109.991 -6.85888e-07 47.1518 -129.192
9.43436 22.8586 109.989 -6.86479e-07 47.1525 -129.186
9.44266 22.8604 109.987 -6.87071e-07 47.1531 -129.181
9.45096 22.8622 109.984 -6.87665e-07 47.1535 -129.175
9.45925 22.8642 109.982 -6.8826e-07 47.1539 -129.17
9.46755 22.8662 109.98 -6.88856e-07 47.154 -129.164
9.47585 22.8683 109.978 -6.89453e-07 47.1541 -129.159
9.48415 22.8706 109.975 -6.90052e-07 47.1541 -129.153
9.49244 22.8729 109.973 -6.90652e-07 47.1539 -129.147
9.50074 22.8753 109.971 -6.91254e-07 47.1536 -129.142
9.50904 22.8778 109.969 -6.91856e-07 47.1532 -129.136
9.51733 22.8804 109.967 -6.9246e-07 47.1526 -129.131
9.52563 22.8831 109.965 -6.93066e-07 47.1519 -129.125
9.53392 22.8859 109.963 -6.93673e-07 47.1511 -129.12
9.54221 22.8888 109.961 -6.94281e-07 47.1502 -129.114
9.55051 22.8918 109.959 -6.94891e-07 47.1492 -129.109
9.5588 22.8948 109.957 -6.95502e-07 47.148 -129.103
9.56709 22.898 109.955 -6.96114e-07 47.1467 -129.098
9.57538 22.9012 109.953 -6.96727e-07 47.1453 -129.092
9.58368 22.9046 109.952 -6.97343e-07 47.1438 -129.087
9.59197 22.908 109.95 -6.97959e-07 47.1421 -129.081
9.60026 22.9116 109.948 -6.98577e-07 47.1403 -129.076
9.60855 22.9152 109.946 -6.99196e-07 47.1384 -129.07
9.61683 22.9189 109.945 -6.99817e-07 47.1363 -129.065
9.62512 22.9227 109.943 -7.00439e-07 47.1342 -129.059
9.63341 22.9266 109.941 -7.01062e-07 47.1319 -129.053
9.6417 22.9306 109.94 -7.01687e-07 47.1295 -129.048
9.64998 22.9347 109.938 -7.02313e-07 47.127 -129.042
9.65827 22.9389 109.937 -7.02941e-07 47.1243 -129.037
9.66656 22.9432 109.935 -7.0357e-07 47.1215 -129.031
9.67484 22.9475 109.934 -7.042e-07 47.1186 -129.026
9.68313 22.952 109.932 -7.04832e-07 47.1156 -129.02
9.69141 22.9566 109.931 -7.05465e-07 47.1124 -129.015
9.69969 22.9612 109.93 -7.061e-07 47.1091 -129.009
9.70798 22.966 109.928 -7.06736e-07 47.1057 -129.004
9.71628 22.9708 109.927 -7.07375e-07 47.1022 -128.998
9.72469 22.9758 109.926 -7.08023e-07 47.0986 -128.993
9.73321 22.9808 109.924 -7.08681e-07 47.0948 -128.987
9.74183 22.986 109.923 -7.09347e-07 47.091 -128.982
9.75058 22.9913 109.922 -7.10023e-07 47.087 -128.976
9.75943 22.9967 109.92 -7.10709e-07 47.0829 -128.971
9.76839 23.0022 109.919 -7.11404e-07 47.0787 -128.965
9.77746 23.0078 109.918 -7.12108e-07 47.0744 -128.961
9.78663 23.0136 109.916 -7.12821e-07 47.0699 -128.956
9.79592 23.0194 109.915 -7.13543e-07 47.0654 -128.952
9.80532 23.0254 109.914 -7.14275e-07 47.0608 -128.948
9.81483 23.0315 109.912 -7.15016e-07 47.056 -128.944
9.82445 23.0377 109.911 -7.15767e-07 47.0511 -128.94
9.83418 23.0441 109.91 -7.16527e-07 47.0461 -128.936
9.84398 23.0505 109.909 -7.17293e-07 47.041 -128.932
9.85377 23.057 109.907 -7.18061e-07 47.0358 -128.928
9.86357 23.0636 109.906 -7.1883e-07 47.0304 -128.924
9.87336 23.0703 109.905 -7.19601e-07 47.025 -128.919
9.88315 23.0771 109.904 -7.20373e-07 47.0194 -128.915
9.89295 23.084 109.902 -7.21147e-07 47.0136 -128.911
9.90274 23.091 109.901 -7.21922e-07 47.0078 -128.907
9.91253 23.0981 109.9 -7.22699e-07 47.0018 -128.903
9.92232 23.1052 109.899 -7.23478e-07 46.9957 -128.899
9.93211 23.1125 109.898 -7.24258e-07 46.9895 -128.895
9.9419 23.1199 109.897 -7.25039e-07 46.9832 -128.891
9.95169 23.1273 109.896 -7.25822e-07 46.9767 -128.887
9.96147 23.1349 109.895 -7.26607e-07 46.9701 -128.882
9.97126 23.1425 109.894 -7.27393e-07 46.9634 -128.878
9.98105 23.1502 109.893 -7.28181e-07 46.9566 -128.874
9.99083 23.1581 109.892 -7.2897e-07 46.9496 -128.87
10.0006 23.166 109.891 -7.29761e-07 46.9425 -128.866
10.0104 23.174 109.891 -7.30553e-07 46.9353 -128.862
10.0202 23.1821 109.89 -7.31347e-07 46.928 -128.858
10.03 23.1904 109.889 -7.32143e-07 46.9206 -128.854
10.0397 23.1987 109.888 -7.3294e-07 46.913 -128.85
10.0495 23.2071 109.888 -7.33739e-07 46.9053 -128.845
10.0593 23.2156 109.887 -7.34539e-07 46.8975 -128.841
10.0691 23.2242 109.886 -7.35341e-07 46.8896 -128.837
10.0789 23.2328 109.886 -7.36145e-07 46.8815 -128.833
10.0886 23.2416 109.885 -7.3695e-07 46.8733 -128.829
10.0984 23.2505 109.885 -7.37757e-07 46.865 -128.825
10.1082 23.2595 109.884 -7.38566e-07 46.8566 -128.821
10.118 23.2685 109.883 -7.39376e-07 46.848 -128.817
10.1277 23.2777 109.883 -7.40188e-07 46.8394 -128.813
10.1375 23.2869 109.882 -7.41001e-07 46.8306 -128.808
10.1473 23.2963 109.882 -7.41817e-07 46.8216 -128.804
10.1571 23.3057 109.882 -7.42634e-07 46.8126 -128.8
10.1668 23.3153 109.881 -7.43452e-07 46.8034 -128.796
10.1766 23.3249 109.881 -7.44272e-07 46.7942 -128.792
10.1864 23.3346 109.881 -7.45094e-07 46.7848 -128.788
10.1961 23.3445 109.88 -7.45918e-07 46.7752 -128.784
10.2059 23.3544 109.88 -7.46743e-07 46.7656 -128.78
10.2157 23.3644 109.88 -7.4757e-07 46.7558 -128.775
10.2254 23.3745 109.88 -7.48399e-07 46.7459 -128.771
10.2352 23.3847 109.879 -7.49229e-07 46.7359 -128.767
10.245 23.395 109.879 -7.50061e-07 46.7257 -128.763
10.2547 23.4054 109.879 -7.50895e-07 46.7155 -128.759
10.2645 23.4159 109.879 -7.51731e-07 46.7051 -128.755
10.2743 23.4265 109.879 -7.52568e-07 46.6946 -128.751
10.284 23.4372 109.879 -7.53407e-07 46.684 -128.747
10.2938 23.4479 109.879 -7.54248e-07 46.6732 -128.743
10.3036 23.4588 109.879 -7.55091e-07 46.6623 -128.738
10.3133 23.4698 109.879 -7.55935e-07 46.6513 -128.734
10.3231 23.4809 109.879 -7.56782e-07 46.6402 -128.73
10.3328 23.492 109.879 -7.5763e-07 46.629 -128.726
10.3426 23.5033 109.879 -7.58479e-07 46.6176 -128.722
10.3523 23.5146 109.879 -7.59331e-07 46.6061 -128.718
10.3621 23.5261 109.879 -7.60184e-07 46.5945 -128.714
10.3719 23.5376 109.88 -7.6104e-07 46.5828 -128.71
10.3816 23.5493 109.88 -7.61897e-07 46.571 -128.706
10.3914 23.561 109.88 -7.62755e-07 46.559 -128.701
10.4011 23.5728 109.88 -7.63616e-07 46.5469 -128.697
10.4109 23.5848 109.881 -7.64478e-07 46.5347 -128.693
10.4206 23.5968 109.881 -7.65343e-07 46.5224 -128.689
10.4304 23.6089 109.881 -7.66209e-07 46.5099 -128.685
10.4401 23.6212 109.882 -7.67077e-07 46.4973 -128.681
10.4499 23.6335 109.882 -7.67947e-07 46.4846 -128.677
10.4596 23.6459 109.882 -7.68819e-07 46.4718 -128.673
10.4694 23.6584 109.883 -7.69692e-07 46.4589 -128.669
10.4791 23.671 109.883 -7.70568e-07 46.4458 -128.664
10.4889 23.6837 109.884 -7.71446e-07 46.4326 -128.66
10.4986 23.6965 109.884 -7.72325e-07 46.4193 -128.656
10.5084 23.7094 109.885 -7.73206e-07 46.4059 -128.652
10.5181 23.7224 109.885 -7.74089e-07 46.3923 -128.648
10.5278 23.7355 109.886 -7.74974e-07 46.3787 -128.644
10.5376 23.7487 109.886 -7.75861e-07 46.3649 -128.64
10.5473 23.762 109.887 -7.7675e-07 46.351 -128.636
10.5571 23.7754 109.888 -7.77641e-07 46.3369 -128.632
10.5668 23.7889 109.888 -7.78534e-07 46.3228 -128.627
10.5766 23.8024 109.889 -7.79429e-07 46.3085 -128.623
10.5863 23.8161 109.89 -7.80326e-07 46.2941 -128.619
10.596 23.8299 109.89 -7.81225e-07 46.2796 -128.615
10.6058 23.8438 109.891 -7.82126e-07 46.265 -128.611
10.6155 23.8577 109.892 -7.83028e-07 46.2502 -128.607
10.6252 23.8718 109.893 -7.83933e-07 46.2353 -128.603
10.635 23.886 109.894 -7.8484e-07 46.2203 -128.599
10.6447 23.9002 109.895 -7.85749e-07 46.2052 -128.594
10.6544 23.9146 109.895 -7.86659e-07 46.19 -128.59
10.6642 23.9291 109.896 -7.87572e-07 46.1746 -128.586
10.6739 23.9436 109.897 -7.88487e-07 46.1591 -128.582
10.6836 23.9583 109.898 -7.89404e-07 46.1435 -128.578
10.6934 23.973 109.899 -7.90323e-07 46.1278 -128.574
10.7031 23.9879 109.9 -7.91244e-07 46.112 -128.57
10.7128 24.0029 109.901 -7.92167e-07 46.096 -128.566
10.7225 24.0179 109.902 -7.93093e-07 46.0799 -128.562
10.7323 24.0331 109.903 -7.9402e-07 46.0637 -128.557
10.742 24.0483 109.904 -7.94949e-07 46.0474 -128.553
10.7517 24.0637 109.905 -7.95881e-07 46.0309 -128.549
10.7615 24.0791 109.907 -7.96814e-07 46.0144 -128.545
10.7712 24.0947 109.908 -7.9775e-07 45.9977 -128.541
10.7809 24.1102 109.909 -7.98686e-07 45.981 -128.537
10.7906 24.1258 109.91 -7.99623e-07 45.9643 -128.533
10.8003 24.1413 109.911 -8.0056e-07 45.9476 -128.529
10.8101 24.1569 109.912 -8.01498e-07 45.931 -128.525
10.8198 24.1725 109.913 -8.02436e-07 45.9143 -128.52
10.8295 24.1881 109.914 -8.03375e-07 45.8976 -128.516
10.8392 24.2037 109.915 -8.04314e-07 45.881 -128.512
10.8489 24.2193 109.916 -8.05254e-07 45.8643 -128.508
10.8587 24.2349 109.918 -8.06194e-07 45.8476 -128.504
10.8684 24.2505 109.919 -8.07134e-07 45.831 -128.5
10.8781 24.2661 109.92 -8.08075e-07 45.8143 -128.496
10.8878 24.2817 109.921 -8.09017e-07 45.7977 -128.492
10.8975 24.2973 109.922 -8.09959e-07 45.781 -128.488
10.9072 24.3129 109.923 -8.10901e-07 45.7644 -128.483
10.9169 24.3286 109.924 -8.11844e-07 45.7477 -128.479
10.9267 24.3442 109.925 -8.12787e-07 45.7311 -128.475
10.9364 24.3598 109.926 -8.13731e-07 45.7145 -128.471
10.9461 24.3755 109.927 -8.14676e-07 45.6978 -128.467
10.9558 24.3911 109.928 -8.1562e-07 45.6812 -128.463
10.9655 24.4068 109.929 -8.16566e-07 45.6646 -128.459
10.9752 24.4225 109.93 -8.17511e-07 45.648 -128.455
10.9849 24.4381 109.931 -8.18458e-07 45.6314 -128.451
10.9946 24.4538 109.931 -8.19404e-07 45.6147 -128.446
11.0043 24.4695 109.932 -8.20351e-07 45.5981 -128.442
11.014 24.4851 109.933 -8.21299e-07 45.5815 -128.438
11.0237 24.5008 109.934 -8.22247e-07 45.5649 -128.434
11.0334 24.5165 109.935 -8.23196e-07 45.5483 -128.43
11.0431 24.5322 109.936 -8.24145e-07 45.5317 -128.426
11.0528 24.5479 109.937 -8.25094e-07 45.5152 -128.422
11.0625 24.5636 109.938 -8.26044e-07 45.4986 -128.418
11.0722 24.5793 109.939 -8.26995e-07 45.482 -128.413
11.0819 24.595 109.94 -8.27946e-07 45.4654 -128.409
11.0916 24.6108 109.94 -8.28897e-07 45.4488 -128.405
11.1013 24.6265 109.941 -8.29849e-07 45.4323 -128.401
11.111 24.6422 109.942 -8.30801e-07 45.4157 -128.397
11.1207 24.658 109.943 -8.31754e-07 45.3991 -128.393
11.1304 24.6737 109.944 -8.32707e-07 45.3826 -128.389
11.1401 24.6894 109.945 -8.33661e-07 45.366 -128.385
11.1498 24.7052 109.945 -8.34616e-07 45.3495 -128.381
11.1595 24.7209 109.946 -8.3557e-07 45.3329 -128.376
11.1692 24.7367 109.947 -8.36526e-07 45.3164 -128.372
11.1789 24.7525 109.948 -8.37481e-07 45.2998 -128.368
11.1886 24.7682 109.948 -8.38437e-07 45.2833 -128.364
11.1982 24.784 109.949 -8.39394e-07 45.2668 -128.36
11.2079 24.7998 109.95 -8.40351e-07 45.2502 -128.356
11.2176 24.8156 109.951 -8.41309e-07 45.2337 -128.352
11.2273 24.8314 109.951 -8.42267e-07 45.2172 -128.348
11.237 24.8471 109.952 -8.43226e-07 45.2007 -128.344
11.2467 24.8629 109.953 -8.44185e-07 45.1841 -128.339
11.2564 24.8787 109.954 -8.45144e-07 45.1676 -128.335
11.266 24.8946 109.954 -8.46104e-07 45.1511 -128.331
11.2757 24.9104 109.955 -8.47065e-07 45.1346 -128.327
11.2854 24.9262 109.956 -8.48026e-07 45.1181 -128.323
11.2951 24.942 109.956 -8.48987e-07 45.1016 -128.319
11.3048 24.9578 109.957 -8.49949e-07 45.0851 -128.315
11.3144 24.9737 109.958 -8.50912e-07 45.0686 -128.311
11.3241 24.9895 109.958 -8.51875e-07 45.0521 -128.307
11.3338 25.0053 109.959 -8.52838e-07 45.0357 -128.302
11.3435 25.0212 109.96 -8.53802e-07 45.0192 -128.298
11.3532 25.037 109.96 -8.54766e-07 45.0027 -128.294
11.3628 25.0529 109.961 -8.55731e-07 44.9862 -128.29
11.3725 25.0688 109.961 -8.56696e-07 44.9698 -128.286
11.3822 25.0846 109.962 -8.57662e-07 44.9533 -128.282
11.3919 25.1005 109.963 -8.58629e-07 44.9369 -128.278
11.4015 25.1164 109.963 -8.59595e-07 44.9204 -128.274
11.4112 25.1323 109.964 -8.60563e-07 44.9039 -128.27
11.4209 25.1481 109.964 -8.6153e-07 44.8875 -128.265
11.4305 25.164 109.965 -8.62499e-07 44.8711 -128.261
11.4402 25.1799 109.965 -8.63467e-07 44.8546 -128.257
11.4499 25.1958 109.966 -8.64437e-07 44.8382 -128.253
11.4595 25.2117 109.967 -8.65406e-07 44.8217 -128.249
11.4692 25.2276 109.967 -8.66377e-07 44.8053 -128.245
11.4789 25.2436 109.968 -8.67347e-07 44.7889 -128.241
11.4885 25.2595 109.968 -8.68319e-07 44.7725 -128.237
11.4982 25.2754 109.969 -8.6929e-07 44.7561 -128.232
11.5079 25.2913 109.969 -8.70262e-07 44.7396 -128.228
11.5175 25.3073 109.97 -8.71235e-07 44.7232 -128.224
11.5272 25.3232 109.97 -8.72208e-07 44.7068 -128.22
11.5368 25.3391 109.97 -8.73182e-07 44.6904 -128.216
11.5465 25.3551 109.971 -8.74156e-07 44.674 -128.212
11.5562 25.371 109.971 -8.7513e-07 44.6576 -128.208
11.5658 25.387 109.972 -8.76106e-07 44.6412 -128.204
11.5755 25.403 109.972 -8.77081e-07 44.6249 -128.2
11.5851 25.4189 109.973 -8.78057e-07 44.6085 -128.195
11.5948 25.4349 109.973 -8.79034e-07 44.5921 -128.191
11.6044 25.4509 109.973 -8.80011e-07 44.5757 -128.187
11.6141 25.4668 109.974 -8.80988e-07 44.5594 -128.183
11.6238 25.4828 109.974 -8.81966e-07 44.543 -128.179
11.6334 25.4988 109.975 -8.82945e-07 44.5266 -128.175
11.6431 25.5148 109.975 -8.83924e-07 44.5103 -128.171
11.6527 25.5308 109.975 -8.84904e-07 44.4939 -128.167
11.6624 25.5468 109.976 -8.85884e-07 44.4776 -128.163
11.672 25.5628 109.976 -8.86864e-07 44.4612 -128.158
11.6817 25.5788 109.976 -8.87845e-07 44.4449 -128.154
11.6913 25.5949 109.977 -8.88827e-07 44.4285 -128.15
11.7009 25.6109 109.977 -8.89809e-07 44.4122 -128.146
11.7106 25.6269 109.977 -8.90791e-07 44.3959 -128.142
11.7202 25.6429 109.978 -8.91774e-07 44.3795 -128.138
11.7299 25.659 109.978 -8.92758e-07 44.3632 -128.134
11.7395 25.675 109.978 -8.93741e-07 44.3469 -128.13
11.7492 25.6911 109.978 -8.94726e-07 44.3306 -128.126
11.7588 25.7071 109.979 -8.95711e-07 44.3143 -128.121
11.7684 25.7232 109.979 -8.96696e-07 44.298 -128.117
11.7781 25.7392 109.979 -8.97682e-07 44.2817 -128.113
11.7877 25.7553 109.979 -8.98669e-07 44.2654 -128.109
11.7974 25.7714 109.98 -8.99656e-07 44.2491 -128.105
11.807 25.7874 109.98 -9.00643e-07 44.2328 -128.101
11.8166 25.8035 109.98 -9.01631e-07 44.2165 -128.097
11.8263 25.8196 109.98 -9.0262e-07 44.2002 -128.093
11.8359 25.8357 109.98 -9.03608e-07 44.1839 -128.088
11.8455 25.8518 109.981 -9.04598e-07 44.1676 -128.084
11.8552 25.8679 109.981 -9.05588e-07 44.1514 -128.08
11.8648 25.884 109.981 -9.06578e-07 44.1351 -128.076
11.8744 25.9001 109.981 -9.07569e-07 44.1188 -128.072
11.8841 25.9162 109.981 -9.08561e-07 44.1026 -128.068
11.8937 25.9323 109.981 -9.09553e-07 44.0863 -128.064
11.9033 25.9484 109.981 -9.10545e-07 44.0701 -128.06
11.913 25.9646 109.982 -9.11538e-07 44.0538 -128.056
11.9226 25.9807 109.982 -9.12531e-07 44.0376 -128.051
11.9322 25.9968 109.982 -9.13525e-07 44.0213 -128.047
11.9418 26.013 109.982 -9.1452e-07 44.0051 -128.043
11.9515 26.0291 109.982 -9.15515e-07 43.9889 -128.039
11.9611 26.0453 109.982 -9.1651e-07 43.9726 -128.035
11.9707 26.0614 109.982 -9.17506e-07 43.9564 -128.031
11.9803 26.0776 109.982 -9.18502e-07 43.9402 -128.027
11.99 26.0937 109.982 -9.19499e-07 43.924 -128.023
11.9996 26.1099 109.982 -9.20497e-07 43.9078 -128.019
12.0092 26.1261 109.982 -9.21495e-07 43.8915 -128.014
12.0188 26.1423 109.982 -9.22493e-07 43.8753 -128.01
12.0284 26.1584 109.982 -9.23492e-07 43.8591 -128.006
12.038 26.1746 109.982 -9.24492e-07 43.8429 -128.002
12.0477 26.1908 109.982 -9.25492e-07 43.8268 -127.998
12.0573 26.207 109.982 -9.26492e-07 43.8106 -127.994
12.0669 26.2232 109.982 -9.27493e-07 43.7944 -127.99
12.0765 26.2394 109.982 -9.28495e-07 43.7782 -127.986
12.0861 26.2556 109.982 -9.29497e-07 43.762 -127.982
12.0957 26.2718 109.982 -9.30499e-07 43.7459 -127.977
12.1053 26.288 109.982 -9.31502e-07 43.7297 -127.973
12.115 26.3043 109.982 -9.32506e-07 43.7135 -127.969
12.1246 26.3205 109.982 -9.3351e-07 43.6974 -127.965
12.1342 26.3367 109.982 -9.34514e-07 43.6812 -127.961
12.1438 26.353 109.982 -9.35519e-07 43.6651 -127.957
12.1534 26.3692 109.982 -9.36525e-07 43.6489 -127.953
12.163 26.3854 109.982 -9.37531e-07 43.6328 -127.949
12.1726 26.4017 109.982 -9.38537e-07 43.6166 -127.945
12.1822 26.4179 109.982 -9.39544e-07 43.6005 -127.94
12.1918 26.4342 109.981 -9.40552e-07 43.5844 -127.936
12.2014 26.4505 109.981 -9.4156e-07 43.5682 -127.932
12.211 26.4667 109.981 -9.42569e-07 43.5521 -127.928
12.2206 26.483 109.981 -9.43578e-07 43.536 -127.924
12.2302 26.4993 109.981 -9.44587e-07 43.5199 -127.92
12.2398 26.5156 109.981 -9.45597e-07 43.5038 -127.916
12.2494 26.5318 109.98 -9.46608e-07 43.4877 -127.912
12.259 26.5481 109.98 -9.47619e-07 43.4716 -127.907
12.2686 26.5644 109.98 -9.48631e-07 43.4555 -127.903
12.2782 26.5807 109.98 -9.49643e-07 43.4394 -127.899
12.2878 26.597 109.98 -9.50656e-07 43.4233 -127.895
12.2974 26.6133 109.979 -9.51669e-07 43.4072 -127.891
12.307 26.6296 109.979 -9.52682e-07 43.3911 -127.887
12.3166 26.646 109.979 -9.53697e-07 43.375 -127.883
12.3262 26.6623 109.979 -9.54711e-07 43.359 -127.879
12.3358 26.6786 109.978 -9.55726e-07 43.3429 -127.875
12.3454 26.6949 109.978 -9.56742e-07 43.3268 -127.87
12.3549 26.7113 109.978 -9.57758e-07 43.3108 -127.866
12.3645 26.7276 109.978 -9.58775e-07 43.2947 -127.862
12.3741 26.7439 109.977 -9.59793e-07 43.2787 -127.858
12.3837 26.7603 109.977 -9.6081e-07 43.2626 -127.854
12.3933 26.7766 109.977 -9.61829e-07 43.2466 -127.85
12.4029 26.793 109.976 -9.62847e-07 43.2305 -127.846
12.4125 26.8094 109.976 -9.63867e-07 43.2145 -127.842
12.422 26.8257 109.976 -9.64887e-07 43.1985 -127.838
12.4316 26.8421 109.975 -9.65907e-07 43.1825 -127.833
12.4412 26.8585 109.975 -9.66928e-07 43.1664 -127.829
12.4508 26.8748 109.975 -9.67949e-07 43.1504 -127.825
12.4604 26.8912 109.974 -9.68971e-07 43.1344 -127.821
12.4699 26.9076 109.974 -9.69993e-07 43.1184 -127.817
12.4795 26.924 109.974 -9.71016e-07 43.1024 -127.813
12.4891 26.9404 109.973 -9.7204e-07 43.0864 -127.809
12.4987 26.9568 109.973 -9.73064e-07 43.0704 -127.805
12.5082 26.9732 109.972 -9.74088e-07 43.0544 -127.801
12.5178 26.9896 109.972 -9.75113e-07 43.0384 -127.796
12.5274 27.006 109.972 -9.76139e-07 43.0224 -127.792
12.537 27.0224 109.971 -9.77165e-07 43.0064 -127.788
12.5465 27.0389 109.971 -9.78191e-07 42.9905 -127.784
12.5561 27.0553 109.97 -9.79219e-07 42.9745 -127.78
12.5657 27.0717 109.97 -9.80246e-07 42.9585 -127.776
12.5753 27.0881 109.969 -9.81274e-07 42.9426 -127.772
12.5848 27.1046 109.969 -9.82303e-07 42.9266 -127.768
12.5944 27.121 109.968 -9.83332e-07 42.9107 -127.764
12.604 27.1375 109.968 -9.84362e-07 42.8947 -127.759
12.6135 27.1539 109.967 -9.85392e-07 42.8788 -127.755
12.6231 27.1704 109.967 -9.86423e-07 42.8628 -127.751
12.6327 27.1868 109.966 -9.87454e-07 42.8469 -127.747
12.6422 27.2033 109.966 -9.88486e-07 42.831 -127.743
12.6518 27.2198 109.965 -9.89518e-07 42.815 -127.739
12.6613 27.2362 109.965 -9.90551e-07 42.7991 -127.735
12.6709 27.2527 109.964 -9.91584e-07 42.7832 -127.731
12.6805 27.2692 109.964 -9.92618e-07 42.7673 -127.726
12.69 27.2857 109.963 -9.93652e-07 42.7514 -127.722
12.6996 27.3022 109.962 -9.94687e-07 42.7354 -127.718
12.7091 27.3187 109.962 -9.95722e-07 42.7195 -127.714
12.7187 27.3352 109.961 -9.96758e-07 42.7036 -127.71
12.7282 27.3517 109.961 -9.97795e-07 42.6878 -127.706
12.7378 27.3682 109.96 -9.98832e-07 42.6719 -127.702
12.7474 27.3847 109.959 -9.99869e-07 42.656 -127.698
12.7569 27.4012 109.959 -1.00091e-06 42.6401 -127.694
12.7665 27.4177 109.958 -1.00195e-06 42.6242 -127.689
12.776 27.4343 109.957 -1.00298e-06 42.6084 -127.685
12.7856 27.4508 109.957 -1.00402e-06 42.5925 -127.681
12.7951 27.4673 109.956 -1.00506e-06 42.5766 -127.677
12.8047 27.4838 109.955 -1.00611e-06 42.5608 -127.673
12.8142 27.5004 109.955 -1.00715e-06 42.5449 -127.669
12.8238 27.5169 109.954 -1.00819e-06 42.5291 -127.665
12.8333 27.5335 109.953 -1.00923e-06 42.5132 -127.661
12.8428 27.55 109.953 -1.01027e-06 42.4974 -127.657
12.8524 27.5666 109.952 -1.01132e-06 42.4815 -127.652
12.8619 27.5832 109.951 -1.01236e-06 42.4657 -127.648
12.8715 27.5997 109.95 -1.0134e-06 42.4499 -127.644
12.881 27.6163 109.95 -1.01445e-06 42.4341 -127.64
12.8906 27.6329 109.949 -1.01549e-06 42.4182 -127.636
12.9001 27.6495 109.948 -1.01654e-06 42.4024 -127.632
12.9096 27.666 109.947 -1.01759e-06 42.3866 -127.628
12.9192 27.6826 109.947 -1.01863e-06 42.3708 -127.624
12.9287 27.6992 109.946 -1.01968e-06 42.355 -127.62
12.9382 27.7158 109.945 -1.02073e-06 42.3392 -127.615
12.9478 27.7324 109.944 -1.02178e-06 42.3234 -127.611
12.9573 27.749 109.943 -1.02283e-06 42.3076 -127.607
12.9668 27.7656 109.943 -1.02388e-06 42.2918 -127.603
12.9764 27.7822 109.942 -1.02493e-06 42.2761 -127.599
12.9859 27.7989 109.941 -1.02598e-06 42.2603 -127.595
12.9954 27.8155 109.94 -1.02703e-06 42.2445 -127.591
13.005 27.8321 109.939 -1.02808e-06 42.2287 -127.587
13.0145 27.8487 109.938 -1.02913e-06 42.213 -127.583
13.024 27.8654 109.937 -1.03019e-06 42.1972 -127.578
13.0336 27.882 109.937 -1.03124e-06 42.1815 -127.574
13.0431 27.8986 109.936 -1.03229e-06 42.1657 -127.57
13.0526 27.9153 109.935 -1.03335e-06 42.15 -127.566
13.0621 27.9319 109.934 -1.0344e-06 42.1342 -127.562
13.0717 27.9486 109.933 -1.03546e-06 42.1185 -127.558
13.0812 27.9652 109.932 -1.03651e-06 42.1028 -127.554
13.0907 27.9819 109.931 -1.03757e-06 42.0871 -127.55
13.1002 27.9986 109.93 -1.03863e-06 42.0714 -127.545
13.1097 28.0151 109.929 -1.03968e-06 42.0558 -127.541
13.1193 28.0316 109.928 -1.04073e-06 42.0403 -127.537
13.1288 28.0479 109.927 -1.04178e-06 42.025 -127.533
13.1383 28.0642 109.926 -1.04283e-06 42.0098 -127.529
13.1478 28.0803 109.925 -1.04388e-06 41.9947 -127.525
13.1573 28.0964 109.924 -1.04493e-06 41.9798 -127.521
13.1668 28.1124 109.923 -1.04597e-06 41.965 -127.517
13.1764 28.1282 109.922 -1.04701e-06 41.9503 -127.513
13.1859 28.144 109.92 -1.04805e-06 41.9357 -127.508
13.1954 28.1597 109.919 -1.04909e-06 41.9212 -127.504
13.2049 28.1753 109.918 -1.05012e-06 41.9069 -127.5
13.2144 28.1908 109.917 -1.05116e-06 41.8927 -127.496
13.2239 28.2061 109.915 -1.05219e-06 41.8786 -127.492
13.2334 28.2214 109.914 -1.05322e-06 41.8646 -127.488
13.2429 28.2366 109.913 -1.05424e-06 41.8508 -127.484
13.2524 28.2517 109.911 -1.05527e-06 41.8371 -127.48
13.2619 28.2667 109.91 -1.05629e-06 41.8235 -127.476
13.2714 28.2816 109.908 -1.05731e-06 41.81 -127.471
13.281 28.2964 109.907 -1.05833e-06 41.7966 -127.467
13.2905 28.3111 109.905 -1.05935e-06 41.7834 -127.463
13.3 28.3257 109.904 -1.06037e-06 41.7703 -127.459
13.3095 28.3402 109.902 -1.06138e-06 41.7573 -127.455
13.319 28.3546 109.901 -1.06239e-06 41.7445 -127.451
13.3285 28.3689 109.899 -1.0634e-06 41.7318 -127.447
13.338 28.3832 109.898 -1.0644e-06 41.7191 -127.443
13.3475 28.3973 109.896 -1.06541e-06 41.7067 -127.439
13.357 28.4113 109.894 -1.06641e-06 41.6943 -127.434
13.3664 28.4252 109.893 -1.06741e-06 41.682 -127.43
13.3759 28.439 109.891 -1.06841e-06 41.6699 -127.426
13.3854 28.4527 109.889 -1.06941e-06 41.6579 -127.422
13.3949 28.4664 109.888 -1.0704e-06 41.6461 -127.418
13.4044 28.4799 109.886 -1.07139e-06 41.6343 -127.414
13.4139 28.4933 109.884 -1.07238e-06 41.6227 -127.41
13.4234 28.5066 109.882 -1.07337e-06 41.6112 -127.406
13.4329 28.5199 109.88 -1.07436e-06 41.5998 -127.402
13.4424 28.533 109.878 -1.07534e-06 41.5885 -127.397
13.4519 28.546 109.877 -1.07632e-06 41.5774 -127.393
13.4614 28.559 109.875 -1.0773e-06 41.5664 -127.389
13.4708 28.5718 109.873 -1.07827e-06 41.5555 -127.385
13.4803 28.5845 109.871 -1.07925e-06 41.5447 -127.381
13.4898 28.5972 109.869 -1.08022e-06 41.534 -127.377
13.4993 28.6097 109.867 -1.08119e-06 41.5235 -127.373
13.5088 28.6221 109.865 -1.08216e-06 41.5131 -127.369
13.5183 28.6345 109.863 -1.08312e-06 41.5028 -127.364
13.5277 28.6467 109.861 -1.08408e-06 41.4926 -127.36
13.5372 28.6589 109.859 -1.08505e-06 41.4826 -127.356
13.5467 28.6709 109.856 -1.086e-06 41.4727 -127.352
13.5562 28.6828 109.854 -1.08696e-06 41.4629 -127.348
13.5657 28.6947 109.852 -1.08791e-06 41.4532 -127.344
13.5751 28.7064 109.85 -1.08886e-06 41.4437 -127.34
13.5846 28.7181 109.848 -1.08981e-06 41.4342 -127.336
13.5941 28.7296 109.845 -1.09076e-06 41.4249 -127.332
13.6036 28.7411 109.843 -1.0917e-06 41.4157 -127.327
13.613 28.7524 109.841 -1.09265e-06 41.4066 -127.323
13.6225 28.7637 109.839 -1.09359e-06 41.3977 -127.319
13.6319 28.7748 109.836 -1.09452e-06 41.3889 -127.315
13.6412 28.7858 109.834 -1.09544e-06 41.3801 -127.311
13.6504 28.7967 109.832 -1.09635e-06 41.3715 -127.307
13.6595 28.8075 109.83 -1.09726e-06 41.363 -127.303
13.6685 28.8181 109.827 -1.09815e-06 41.3546 -127.299
13.6774 28.8287 109.825 -1.09903e-06 41.3463 -127.295
13.6862 28.8391 109.823 -1.0999e-06 41.3381 -127.29
13.6948 28.8494 109.821 -1.10076e-06 41.33 -127.286
13.7034 28.8595 109.818 -1.10161e-06 41.322 -127.282
13.7118 28.8696 109.816 -1.10244e-06 41.3141 -127.278
13.7201 28.8795 109.814 -1.10327e-06 41.3063 -127.274
13.7284 28.8893 109.812 -1.10409e-06 41.2987 -127.27
13.7365 28.899 109.81 -1.10489e-06 41.2911 -127.266
13.7445 28.9086 109.808 -1.10569e-06 41.2836 -127.262
13.7524 28.918 109.806 -1.10647e-06 41.2763 -127.258
13.7602 28.9273 109.804 -1.10725e-06 41.269 -127.253
13.7678 28.9365 109.802 -1.10801e-06 41.2619 -127.249
13.7754 28.9456 109.8 -1.10876e-06 41.2548 -127.245
13.7829 28.9545 109.798 -1.10951e-06 41.2479 -127.241
13.7902 28.9634 109.796 -1.11024e-06 41.2411 -127.237
13.7975 28.9721 109.794 -1.11096e-06 41.2343 -127.233
13.8046 28.9807 109.792 -1.11167e-06 41.2277 -127.229
13.8116 28.9891 109.79 -1.11237e-06 41.2212 -127.225
13.8185 28.9975 109.788 -1.11306e-06 41.2148 -127.221
13.8254 29.0057 109.786 -1.11373e-06 41.2085 -127.216
13.8321 29.0138 109.784 -1.1144e-06 41.2023 -127.212
13.8387 29.0218 109.782 -1.11506e-06 41.1962 -127.208
13.8451 29.0296 109.78 -1.1157e-06 41.1902 -127.204
13.8515 29.0374 109.778 -1.11634e-06 41.1843 -127.2
13.8578 29.045 109.777 -1.11696e-06 41.1785 -127.196
13.8639 29.0525 109.775 -1.11758e-06 41.1728 -127.192
13.87 29.0598 109.773 -1.11818e-06 41.1672 -127.188
13.8759 29.0671 109.771 -1.11877e-06 41.1617 -127.183
13.8818 29.0742 109.769 -1.11935e-06 41.1563 -127.179
13.8875 29.0812 109.768 -1.11992e-06 41.1511 -127.175
13.8931 29.0881 109.766 -1.12048e-06 41.1459 -127.171
13.8986 29.0948 109.764 -1.12103e-06 41.1408 -127.167
13.904 29.1015 109.763 -1.12157e-06 41.1359 -127.163
13.9093 29.108 109.761 -1.1221e-06 41.131 -127.159
13.9145 29.1143 109.759 -1.12261e-06 41.1262 -127.155
13.9195 29.1206 109.758 -1.12312e-06 41.1216 -127.151
13.9245 29.1268 109.756 -1.12361e-06 41.117 -127.146
13.9294 29.1328 109.755 -1.1241e-06 41.1126 -127.142
13.9341 29.1387 109.753 -1.12457e-06 41.1082 -127.138
13.9388 29.1444 109.752 -1.12503e-06 41.104 -127.134
13.9433 29.1501 109.75 -1.12549e-06 41.0999 -127.13
13.9477 29.1556 109.749 -1.12593e-06 41.0958 -127.126
13.952 29.161 109.747 -1.12636e-06 41.0919 -127.122
13.9562 29.1663 109.746 -1.12678e-06 41.0881 -127.118
13.9603 29.1714 109.744 -1.12718e-06 41.0843 -127.114
13.9643 29.1765 109.743 -1.12758e-06 41.0807 -127.109
13.9682 29.1814 109.741 -1.12797e-06 41.0772 -127.105
13.972 29.1862 109.74 -1.12834e-06 41.0738 -127.101
13.9756 29.1908 109.739 -1.12871e-06 41.0705 -127.097
13.9792 29.1954 109.737 -1.12906e-06 41.0673 -127.093
13.9827 29.1998 109.736 -1.12941e-06 41.0641 -127.089
13.986 29.2041 109.735 -1.12974e-06 41.0611 -127.085
13.9892 29.2082 109.734 -1.13006e-06 41.0582 -127.081
13.9924 29.2123 109.732 -1.13037e-06 41.0554 -127.077
13.9954 29.2162 109.731 -1.13067e-06 41.0527 -127.072
13.9983 29.22 109.73 -1.13096e-06 41.0501 -127.068
14.0011 29.2237 109.729 -1.13124e-06 41.0476 -127.064
14.0038 29.2272 109.728 -1.13151e-06 41.0452 -127.06
14.0064 29.2307 109.726 -1.13177e-06 41.0429 -127.056
14.0089 29.234 109.725 -1.13201e-06 41.0408 -127.052
14.0112 29.2372 109.724 -1.13225e-06 41.0387 -127.048
14.0135 29.2402 109.723 -1.13247e-06 41.0367 -127.044
14.0156 29.2432 109.722 -1.13268e-06 41.0348 -127.04
14.0177 29.246 109.721 -1.13289e-06 41.033 -127.035
14.0196 29.2487 109.72 -1.13308e-06 41.0313 -127.031
14.0215 29.2512 109.719 -1.13326e-06 41.0298 -127.027
14.0232 29.2537 109.718 -1.13343e-06 41.0283 -127.023
14.0248 29.256 109.717 -1.13359e-06 41.0269 -127.019
14.0263 29.2582 109.716 -1.13374e-06 41.0257 -127.015
14.0277 29.2603 109.715 -1.13387e-06 41.0245 -127.011
14.029 29.2622 109.714 -1.134e-06 41.0234 -127.007
14.0302 29.264 109.714 -1.13412e-06 41.0225 -127.002
14.0312 29.2657 109.713 -1.13422e-06 41.0216 -126.998
14.0322 29.2673 109.712 -1.13431e-06 41.0208 -126.994
14.0331 29.2688 109.711 -1.1344e-06 41.0202 -126.99
14.0338 29.2701 109.71 -1.13447e-06 41.0196 -126.986
14.0345 29.2713 109.71 -1.13453e-06 41.0192 -126.982
14.035 29.2724 109.709 -1.13458e-06 41.0188 -126.978
14.0354 29.2733 109.708 -1.13462e-06 41.0186 -126.974
14.0358 29.2742 109.707 -1.13465e-06 41.0184 -126.97
14.036 29.2748 109.707 -1.13467e-06 41.0183 -126.967
14.0362 29.2752 109.707 -1.13469e-06 41.0182 -126.965
