494.146	7.22164	456	0	180	-134.964
494.147	7.22214	456.001	0	180	-134.963
494.148	7.22364	456.002	0	180	-134.962
494.151	7.22614	456.005	0	180	-134.959
494.154	7.22964	456.008	0	180	-134.956
494.158	7.23414	456.013	0	180	-134.951
494.161	7.23964	456.018	0	180	-134.946
494.165	7.24614	456.024	0	180	-134.94
494.168	7.25364	456.032	0	180	-134.935
494.172	7.26214	456.041	0	180	-134.929
494.175	7.27164	456.05	0	180	-134.924
494.179	7.28214	456.061	0	180	-134.918
494.183	7.29364	456.072	0	180	-134.913
494.186	7.30614	456.084	0	180	-134.907
494.19	7.31964	456.098	0	180	-134.902
494.193	7.33414	456.113	0	180	-134.896
494.197	7.34964	456.128	0	180	-134.891
494.201	7.36614	456.144	0	180	-134.885
494.204	7.38364	456.162	0	180	-134.88
494.208	7.40214	456.18	0	180	-134.874
494.211	7.42164	456.2	0	180	-134.868
494.215	7.44214	456.221	0	180	-134.863
494.219	7.46364	456.242	0	180	-134.857
494.222	7.48614	456.264	0	180	-134.852
494.226	7.50964	456.288	0	180	-134.846
494.229	7.53414	456.312	0	180	-134.841
494.233	7.55964	456.338	0	180	-134.835
494.237	7.58614	456.365	0	180	-134.83
494.24	7.61364	456.392	0	180	-134.824
494.244	7.64214	456.421	0	180	-134.819
494.247	7.67164	456.45	0	180	-134.813
494.251	7.70214	456.481	0	180	-134.808
494.254	7.73364	456.512	0	180	-134.802
494.258	7.76614	456.545	0	180	-134.797
494.262	7.79964	456.578	0	180	-134.791
494.265	7.83414	456.613	0	180	-134.786
494.269	7.86964	456.648	0	180	-134.78
494.272	7.90614	456.685	0	180	-134.774
494.276	7.94364	456.722	0	180	-134.769
494.28	7.98214	456.761	0	180	-134.763
494.283	8.02164	456.8	0	180	-134.758
494.287	8.06214	456.841	0	180	-134.752
494.29	8.10364	456.882	0	180	-134.747
494.294	8.14614	456.925	0	180	-134.741
494.298	8.18964	456.968	0	180	-134.736
494.301	8.23414	457.013	0	180	-134.73
494.305	8.27964	457.058	0	180	-134.725
494.308	8.32614	457.105	0	180	-134.719
494.312	8.37364	457.152	0	180	-134.714
494.316	8.42214	457.201	0	180	-134.708
494.319	8.47164	457.25	0	180	-134.703
494.323	8.52214	457.3	0	180	-134.697
494.326	8.57364	457.352	0	180	-134.692
494.33	8.62614	457.404	0	180	-134.686
494.334	8.67964	457.458	0	180	-134.681
494.337	8.73414	457.512	0	180	-134.675
494.341	8.78964	457.568	0	180	-134.669
494.344	8.84614	457.625	0	180	-134.664
494.348	8.90364	457.682	0	180	-134.658
494.351	8.96214	457.74	0	180	-134.653
494.355	9.02164	457.8	0	180	-134.647
494.359	9.08214	457.86	0	180	-134.642
494.362	9.14364	457.921	0	180	-134.636
494.366	9.20614	457.981	0	180	-134.631
494.369	9.26964	458.042	0	180	-134.625
494.373	9.33414	458.102	0	180	-134.62
494.377	9.39964	458.163	0	180	-134.614
494.38	9.46614	458.223	0	180	-134.609
494.384	9.53364	458.284	0	180	-134.603
494.387	9.60214	458.344	0	180	-134.598
494.391	9.67164	458.405	0	180	-134.592
494.395	9.74214	458.465	0	180	-134.587
494.398	9.81364	458.526	0	180	-134.581
494.402	9.88614	458.586	0	180	-134.575
494.405	9.95964	458.647	0	180	-134.57
494.409	10.0341	458.707	0	180	-134.564
494.413	10.1088	458.768	0	180	-134.559
494.416	10.1835	458.828	0	180	-134.553
494.42	10.2583	458.889	0	180	-134.548
494.423	10.333	458.949	0	180	-134.542
494.427	10.4077	459.01	0	180	-134.537
494.431	10.4824	459.07	0	180	-134.531
494.434	10.5571	459.131	0	180	-134.526
494.438	10.6318	459.191	0	180	-134.52
494.441	10.7066	459.252	0	180	-134.515
494.445	10.7813	459.312	0	180	-134.509
494.448	10.856	459.373	0	180	-134.504
494.452	10.9307	459.433	0	180	-134.498
494.456	11.0054	459.494	0	180	-134.493
494.459	11.0801	459.554	0	180	-134.487
494.463	11.1549	459.615	0	180	-134.482
494.466	11.2296	459.675	0	180	-134.476
494.47	11.3043	459.736	0	180	-134.47
494.474	11.379	459.796	0	180	-134.465
494.477	11.4537	459.857	0	180	-134.459
494.481	11.5285	459.917	0	180	-134.454
494.484	11.6032	459.978	0	180	-134.448
494.488	11.6779	460.038	0	180	-134.443
494.492	11.7526	460.099	0	180	-134.437
494.495	11.8273	460.159	0	180	-134.432
494.499	11.902	460.22	0	180	-134.426
494.502	11.9768	460.28	0	180	-134.421
494.506	12.0515	460.341	0	180	-134.415
494.51	12.1262	460.401	0	180	-134.41
494.513	12.2009	460.462	0	180	-134.404
494.517	12.2756	460.522	0	180	-134.399
494.52	12.3503	460.583	0	180	-134.393
494.524	12.4251	460.643	0	180	-134.388
494.528	12.4998	460.704	0	180	-134.382
494.531	12.5745	460.764	0	180	-134.376
494.535	12.6492	460.824	0	180	-134.371
494.538	12.7239	460.885	0	180	-134.365
494.542	12.7986	460.945	0	180	-134.36
494.545	12.8734	461.006	0	180	-134.354
494.549	12.9481	461.066	0	180	-134.349
494.553	13.0228	461.127	0	180	-134.343
494.556	13.0975	461.187	0	180	-134.338
494.56	13.1722	461.248	0	180	-134.332
494.563	13.247	461.308	0	180	-134.327
494.567	13.3217	461.369	0	180	-134.321
494.571	13.3964	461.429	0	180	-134.316
494.574	13.4711	461.49	0	180	-134.31
494.578	13.5458	461.55	0	180	-134.305
494.581	13.6205	461.611	0	180	-134.299
494.585	13.6953	461.671	0	180	-134.294
494.589	13.77	461.732	0	180	-134.288
494.592	13.8447	461.792	0	180	-134.283
494.596	13.9194	461.853	0	180	-134.277
494.599	13.9941	461.913	0	180	-134.271
494.603	14.0688	461.974	0	180	-134.266
494.607	14.1436	462.034	0	180	-134.26
494.61	14.2183	462.095	0	180	-134.255
494.614	14.293	462.155	0	180	-134.249
494.617	14.3677	462.216	0	180	-134.244
494.621	14.4424	462.276	0	180	-134.238
494.624	14.5172	462.337	0	180	-134.233
494.628	14.5919	462.397	0	180	-134.227
494.632	14.6666	462.458	0	180	-134.222
494.635	14.7413	462.518	0	180	-134.216
494.639	14.816	462.579	0	180	-134.211
494.642	14.8907	462.639	0	180	-134.205
494.646	14.9655	462.7	0	180	-134.2
494.65	15.0402	462.76	0	180	-134.194
494.653	15.1149	462.821	0	180	-134.189
494.657	15.1896	462.881	0	180	-134.183
494.66	15.2643	462.942	0	180	-134.178
494.664	15.339	463.002	0	180	-134.172
494.668	15.4138	463.063	0	180	-134.166
494.671	15.4885	463.123	0	180	-134.161
494.675	15.5632	463.184	0	180	-134.155
494.678	15.6379	463.244	0	180	-134.15
494.682	15.7126	463.305	0	180	-134.144
494.686	15.7874	463.365	0	180	-134.139
494.689	15.8621	463.426	0	180	-134.133
494.693	15.9368	463.486	0	180	-134.128
494.696	16.0115	463.547	0	180	-134.122
494.7	16.0862	463.607	0	180	-134.117
494.704	16.1609	463.668	0	180	-134.111
494.707	16.2357	463.728	0	180	-134.106
494.711	16.3104	463.789	0	180	-134.1
494.714	16.3851	463.849	0	180	-134.095
494.718	16.4598	463.91	0	180	-134.089
494.721	16.5345	463.97	0	180	-134.084
494.725	16.6092	464.031	0	180	-134.078
494.729	16.684	464.091	0	180	-134.072
494.732	16.7587	464.152	0	180	-134.067
494.736	16.8334	464.212	0	180	-134.061
494.739	16.9081	464.273	0	180	-134.056
494.743	16.9828	464.333	0	180	-134.05
494.747	17.0575	464.394	0	180	-134.045
494.75	17.1323	464.454	0	180	-134.039
494.754	17.207	464.515	0	180	-134.034
494.757	17.2817	464.575	0	180	-134.028
494.761	17.3564	464.635	0	180	-134.023
494.765	17.4311	464.696	0	180	-134.017
494.768	17.5059	464.756	0	180	-134.012
494.772	17.5806	464.817	0	180	-134.006
494.775	17.6553	464.877	0	180	-134.001
494.779	17.73	464.938	0	180	-133.995
494.783	17.8047	464.998	0	180	-133.99
494.786	17.8794	465.059	0	180	-133.984
494.79	17.9542	465.119	0	180	-133.979
494.793	18.0289	465.18	0	180	-133.973
494.797	18.1036	465.24	0	180	-133.967
494.801	18.1783	465.301	0	180	-133.962
494.804	18.253	465.361	0	180	-133.956
494.808	18.3277	465.422	0	180	-133.951
494.811	18.4025	465.482	0	180	-133.945
494.815	18.4772	465.543	0	180	-133.94
494.818	18.5519	465.603	0	180	-133.934
494.822	18.6266	465.664	0	180	-133.929
494.826	18.7013	465.724	0	180	-133.923
494.829	18.7761	465.785	0	180	-133.918
494.833	18.8508	465.845	0	180	-133.912
494.836	18.9255	465.906	0	180	-133.907
494.84	19.0002	465.966	0	180	-133.901
494.844	19.0749	466.027	0	180	-133.896
494.847	19.1496	466.087	0	180	-133.89
494.851	19.2244	466.148	0	180	-133.885
494.854	19.2991	466.208	0	180	-133.879
494.858	19.3738	466.269	0	180	-133.873
494.862	19.4485	466.329	0	180	-133.868
494.865	19.5232	466.39	0	180	-133.862
494.869	19.5979	466.45	0	180	-133.857
494.872	19.6727	466.511	0	180	-133.851
494.876	19.7474	466.571	0	180	-133.846
494.88	19.8221	466.632	0	180	-133.84
494.883	19.8968	466.692	0	180	-133.835
494.887	19.9715	466.753	0	180	-133.829
494.89	20.0463	466.813	0	180	-133.824
494.894	20.121	466.874	0	180	-133.818
494.897	20.1957	466.934	0	180	-133.813
494.901	20.2704	466.995	0	180	-133.807
494.905	20.3451	467.055	0	180	-133.802
494.908	20.4198	467.116	0	180	-133.796
494.912	20.4946	467.176	0	180	-133.791
494.915	20.5693	467.237	0	180	-133.785
494.919	20.644	467.297	0	180	-133.78
494.923	20.7187	467.358	0	180	-133.774
494.926	20.7934	467.418	0	180	-133.768
494.93	20.8681	467.479	0	180	-133.763
494.933	20.9429	467.539	0	180	-133.757
494.937	21.0176	467.6	0	180	-133.752
494.941	21.0923	467.66	0	180	-133.746
494.944	21.167	467.721	0	180	-133.741
494.948	21.2417	467.781	0	180	-133.735
494.951	21.3164	467.842	0	180	-133.73
494.955	21.3912	467.902	0	180	-133.724
494.959	21.4659	467.963	0	180	-133.719
494.962	21.5406	468.023	0	180	-133.713
494.966	21.6153	468.084	0	180	-133.708
494.969	21.69	468.144	0	180	-133.702
494.973	21.7648	468.205	0	180	-133.697
494.977	21.8395	468.265	0	180	-133.691
494.98	21.9142	468.326	0	180	-133.686
494.984	21.9889	468.386	0	180	-133.68
494.987	22.0636	468.446	0	180	-133.675
494.991	22.1383	468.507	0	180	-133.669
494.994	22.2131	468.567	0	180	-133.663
494.998	22.2878	468.628	0	180	-133.658
495.002	22.3625	468.688	0	180	-133.652
495.005	22.4372	468.749	0	180	-133.647
495.009	22.5119	468.809	0	180	-133.641
495.012	22.5866	468.87	0	180	-133.636
495.016	22.6614	468.93	0	180	-133.63
495.02	22.7361	468.991	0	180	-133.625
495.023	22.8108	469.051	0	180	-133.619
495.027	22.8855	469.112	0	180	-133.614
495.03	22.9602	469.172	0	180	-133.608
495.034	23.035	469.233	0	180	-133.603
495.038	23.1097	469.293	0	180	-133.597
495.041	23.1844	469.354	0	180	-133.592
495.045	23.2591	469.414	0	180	-133.586
495.048	23.3338	469.475	0	180	-133.581
495.052	23.4085	469.535	0	180	-133.575
495.056	23.4833	469.596	0	180	-133.569
495.059	23.558	469.656	0	180	-133.564
495.063	23.6327	469.717	0	180	-133.558
495.066	23.7074	469.777	0	180	-133.553
495.07	23.7821	469.838	0	180	-133.547
495.074	23.8568	469.898	0	180	-133.542
495.077	23.9316	469.959	0	180	-133.536
495.081	24.0063	470.019	0	180	-133.531
495.084	24.081	470.08	0	180	-133.525
495.088	24.1557	470.14	0	180	-133.52
495.091	24.2304	470.201	0	180	-133.514
495.095	24.3051	470.261	0	180	-133.509
495.099	24.3799	470.322	0	180	-133.503
495.102	24.4546	470.382	0	180	-133.498
495.106	24.5293	470.443	0	180	-133.492
495.109	24.604	470.503	0	180	-133.487
495.113	24.6787	470.564	0	180	-133.481
495.117	24.7535	470.624	0	180	-133.476
495.12	24.8282	470.685	0	180	-133.47
495.124	24.9029	470.745	0	180	-133.464
495.127	24.9776	470.806	0	180	-133.459
495.131	25.0523	470.866	0	180	-133.453
495.135	25.127	470.927	0	180	-133.448
495.138	25.2018	470.987	0	180	-133.442
495.142	25.2765	471.048	0	180	-133.437
495.145	25.3512	471.108	0	180	-133.431
495.149	25.4259	471.169	0	180	-133.426
495.153	25.5006	471.229	0	180	-133.42
495.156	25.5753	471.29	0	180	-133.415
495.16	25.6501	471.35	0	180	-133.409
495.163	25.7248	471.411	0	180	-133.404
495.167	25.7995	471.471	0	180	-133.398
495.17	25.8742	471.532	0	180	-133.393
495.174	25.9489	471.592	0	180	-133.387
495.178	26.0237	471.653	0	180	-133.382
495.181	26.0984	471.713	0	180	-133.376
495.185	26.1731	471.774	0	180	-133.37
495.188	26.2478	471.834	0	180	-133.365
495.192	26.3225	471.895	0	180	-133.359
495.196	26.3972	471.955	0	180	-133.354
495.199	26.472	472.016	0	180	-133.348
495.203	26.5467	472.076	0	180	-133.343
495.206	26.6214	472.137	0	180	-133.337
495.21	26.6961	472.197	0	180	-133.332
495.214	26.7708	472.257	0	180	-133.326
495.217	26.8455	472.318	0	180	-133.321
495.221	26.9203	472.378	0	180	-133.315
495.224	26.995	472.439	0	180	-133.31
495.228	27.0697	472.499	0	180	-133.304
495.232	27.1444	472.56	0	180	-133.299
495.235	27.2191	472.62	0	180	-133.293
495.239	27.2939	472.681	0	180	-133.288
495.242	27.3686	472.741	0	180	-133.282
495.246	27.4433	472.802	0	180	-133.277
495.25	27.518	472.862	0	180	-133.271
495.253	27.5927	472.923	0	180	-133.265
495.257	27.6674	472.983	0	180	-133.26
495.26	27.7422	473.044	0	180	-133.254
495.264	27.8169	473.104	0	180	-133.249
495.267	27.8916	473.165	0	180	-133.243
495.271	27.9663	473.225	0	180	-133.238
495.275	28.041	473.286	0	180	-133.232
495.278	28.1157	473.346	0	180	-133.227
495.282	28.1905	473.407	0	180	-133.221
495.285	28.2652	473.467	0	180	-133.216
495.289	28.3399	473.528	0	180	-133.21
495.293	28.4146	473.588	0	180	-133.205
495.296	28.4893	473.649	0	180	-133.199
495.3	28.564	473.709	0	180	-133.194
495.303	28.6388	473.77	0	180	-133.188
495.307	28.7135	473.83	0	180	-133.183
495.311	28.7882	473.891	0	180	-133.177
495.314	28.8629	473.951	0	180	-133.171
495.318	28.9376	474.012	0	180	-133.166
495.321	29.0124	474.072	0	180	-133.16
495.325	29.0871	474.133	0	180	-133.155
495.329	29.1618	474.193	0	180	-133.149
495.332	29.2365	474.254	0	180	-133.144
495.336	29.3112	474.314	0	180	-133.138
495.339	29.3859	474.375	0	180	-133.133
495.343	29.4607	474.435	0	180	-133.127
495.347	29.5354	474.496	0	180	-133.122
495.35	29.6101	474.556	0	180	-133.116
495.354	29.6848	474.617	0	180	-133.111
495.357	29.7595	474.677	0	180	-133.105
495.361	29.8342	474.738	0	180	-133.1
495.364	29.909	474.798	0	180	-133.094
495.368	29.9837	474.859	0	180	-133.089
495.372	30.0584	474.919	0	180	-133.083
495.375	30.1331	474.98	0	180	-133.078
495.379	30.2078	475.04	0	180	-133.072
495.382	30.2826	475.101	0	180	-133.066
495.386	30.3573	475.161	0	180	-133.061
495.39	30.432	475.222	0	180	-133.055
495.393	30.5067	475.282	0	180	-133.05
495.397	30.5814	475.343	0	180	-133.044
495.4	30.6561	475.403	0	180	-133.039
495.404	30.7309	475.464	0	180	-133.033
495.408	30.8056	475.524	0	180	-133.028
495.411	30.8803	475.585	0	180	-133.022
495.415	30.955	475.645	0	180	-133.017
495.418	31.0297	475.706	0	180	-133.011
495.422	31.1044	475.766	0	180	-133.006
495.426	31.1792	475.827	0	180	-133
495.429	31.2539	475.887	0	180	-132.995
495.433	31.3286	475.948	0	180	-132.989
495.436	31.4033	476.008	0	180	-132.984
495.44	31.478	476.068	0	180	-132.978
495.444	31.5528	476.129	0	180	-132.973
495.447	31.6275	476.189	0	180	-132.967
495.451	31.7022	476.25	0	180	-132.961
495.454	31.7769	476.31	0	180	-132.956
495.458	31.8516	476.371	0	180	-132.95
495.461	31.9263	476.431	0	180	-132.945
495.465	32.0011	476.492	0	180	-132.939
495.469	32.0758	476.552	0	180	-132.934
495.472	32.1505	476.613	0	180	-132.928
495.476	32.2252	476.673	0	180	-132.923
495.479	32.2999	476.734	0	180	-132.917
495.483	32.3746	476.794	0	180	-132.912
495.487	32.4494	476.855	0	180	-132.906
495.49	32.5241	476.915	0	180	-132.901
495.494	32.5988	476.976	0	180	-132.895
495.497	32.6735	477.036	0	180	-132.89
495.501	32.7482	477.097	0	180	-132.884
495.505	32.8229	477.157	0	180	-132.879
495.508	32.8977	477.218	0	180	-132.873
495.512	32.9724	477.278	0	180	-132.867
495.515	33.0471	477.339	0	180	-132.862
495.519	33.1218	477.399	0	180	-132.856
495.523	33.1965	477.46	0	180	-132.851
495.526	33.2713	477.52	0	180	-132.845
495.53	33.346	477.581	0	180	-132.84
495.533	33.4207	477.641	0	180	-132.834
495.537	33.4954	477.702	0	180	-132.829
495.54	33.5701	477.762	0	180	-132.823
495.544	33.6448	477.823	0	180	-132.818
495.548	33.7196	477.883	0	180	-132.812
495.551	33.7943	477.944	0	180	-132.807
495.555	33.869	478.004	0	180	-132.801
495.558	33.9437	478.065	0	180	-132.796
495.562	34.0184	478.125	0	180	-132.79
495.566	34.0931	478.186	0	180	-132.785
495.569	34.1679	478.246	0	180	-132.779
495.573	34.2426	478.307	0	180	-132.774
495.576	34.3173	478.367	0	180	-132.768
495.58	34.392	478.428	0	180	-132.762
495.584	34.4667	478.488	0	180	-132.757
495.587	34.5415	478.549	0	180	-132.751
495.591	34.6162	478.609	0	180	-132.746
495.594	34.6909	478.67	0	180	-132.74
495.598	34.7656	478.73	0	180	-132.735
495.602	34.8403	478.791	0	180	-132.729
495.605	34.915	478.851	0	180	-132.724
495.609	34.9898	478.912	0	180	-132.718
495.612	35.0645	478.972	0	180	-132.713
495.616	35.1392	479.033	0	180	-132.707
495.62	35.2139	479.093	0	180	-132.702
495.623	35.2886	479.154	0	180	-132.696
495.627	35.3633	479.214	0	180	-132.691
495.63	35.4381	479.275	0	180	-132.685
495.634	35.5128	479.335	0	180	-132.68
495.637	35.5875	479.396	0	180	-132.674
495.641	35.6622	479.456	0	180	-132.668
495.645	35.7369	479.517	0	180	-132.663
495.648	35.8117	479.577	0	180	-132.657
495.652	35.8864	479.638	0	180	-132.652
495.655	35.9611	479.698	0	180	-132.646
495.659	36.0358	479.759	0	180	-132.641
495.663	36.1105	479.819	0	180	-132.635
495.666	36.1852	479.879	0	180	-132.63
495.67	36.26	479.94	0	180	-132.624
495.673	36.3347	480	0	180	-132.619
495.677	36.4094	480.061	0	180	-132.613
495.681	36.4841	480.121	0	180	-132.608
495.684	36.5588	480.182	0	180	-132.602
495.688	36.6335	480.242	0	180	-132.597
495.691	36.7083	480.303	0	180	-132.591
495.695	36.783	480.363	0	180	-132.586
495.699	36.8577	480.424	0	180	-132.58
495.702	36.9324	480.484	0	180	-132.575
495.706	37.0071	480.545	0	180	-132.569
495.709	37.0818	480.605	0	180	-132.563
495.713	37.1566	480.666	0	180	-132.558
495.717	37.2313	480.726	0	180	-132.552
495.72	37.306	480.787	0	180	-132.547
495.724	37.3807	480.847	0	180	-132.541
495.727	37.4554	480.908	0	180	-132.536
495.731	37.5302	480.968	0	180	-132.53
495.734	37.6049	481.029	0	180	-132.525
495.738	37.6796	481.089	0	180	-132.519
495.742	37.7543	481.15	0	180	-132.514
495.745	37.829	481.21	0	180	-132.508
495.749	37.9037	481.271	0	180	-132.503
495.752	37.9785	481.331	0	180	-132.497
495.756	38.0532	481.392	0	180	-132.492
495.76	38.1279	481.452	0	180	-132.486
495.763	38.2026	481.513	0	180	-132.481
495.767	38.2773	481.573	0	180	-132.475
495.77	38.352	481.634	0	180	-132.47
495.774	38.4268	481.694	0	180	-132.464
495.778	38.5015	481.755	0	180	-132.458
495.781	38.5762	481.815	0	180	-132.453
495.785	38.6509	481.876	0	180	-132.447
495.788	38.7256	481.936	0	180	-132.442
495.792	38.8004	481.997	0	180	-132.436
495.796	38.8751	482.057	0	180	-132.431
495.799	38.9498	482.118	0	180	-132.425
495.803	39.0245	482.178	0	180	-132.42
495.806	39.0992	482.239	0	180	-132.414
495.81	39.1739	482.299	0	180	-132.409
495.813	39.2487	482.36	0	180	-132.403
495.817	39.3234	482.42	0	180	-132.398
495.821	39.3981	482.481	0	180	-132.392
495.824	39.4728	482.541	0	180	-132.387
495.828	39.5475	482.602	0	180	-132.381
495.831	39.6222	482.662	0	180	-132.376
495.835	39.697	482.723	0	180	-132.37
495.839	39.7717	482.783	0	180	-132.364
495.842	39.8464	482.844	0	180	-132.359
495.846	39.9211	482.904	0	180	-132.353
495.849	39.9958	482.965	0	180	-132.348
495.853	40.0706	483.025	0	180	-132.342
495.857	40.1453	483.086	0	180	-132.337
495.86	40.22	483.146	0	180	-132.331
495.864	40.2947	483.207	0	180	-132.326
495.867	40.3694	483.267	0	180	-132.32
495.871	40.4441	483.328	0	180	-132.315
495.875	40.5189	483.388	0	180	-132.309
495.878	40.5936	483.449	0	180	-132.304
495.882	40.6683	483.509	0	180	-132.298
495.885	40.743	483.57	0	180	-132.293
495.889	40.8177	483.63	0	180	-132.287
495.893	40.8924	483.691	0	180	-132.282
495.896	40.9672	483.751	0	180	-132.276
495.9	41.0419	483.811	0	180	-132.271
495.903	41.1166	483.872	0	180	-132.265
495.907	41.1913	483.932	0	180	-132.259
495.91	41.266	483.993	0	180	-132.254
495.914	41.3407	484.053	0	180	-132.248
495.918	41.4155	484.114	0	180	-132.243
495.921	41.4902	484.174	0	180	-132.237
495.925	41.5649	484.235	0	180	-132.232
495.928	41.6396	484.295	0	180	-132.226
495.932	41.7143	484.356	0	180	-132.221
495.936	41.7891	484.416	0	180	-132.215
495.939	41.8638	484.477	0	180	-132.21
495.943	41.9385	484.537	0	180	-132.204
495.946	42.0132	484.598	0	180	-132.199
495.95	42.0879	484.658	0	180	-132.193
495.954	42.1626	484.719	0	180	-132.188
495.957	42.2374	484.779	0	180	-132.182
495.961	42.3121	484.84	0	180	-132.177
495.964	42.3868	484.9	0	180	-132.171
495.968	42.4615	484.961	0	180	-132.165
495.972	42.5362	485.021	0	180	-132.16
495.975	42.6109	485.082	0	180	-132.154
495.979	42.6857	485.142	0	180	-132.149
495.982	42.7604	485.203	0	180	-132.143
495.986	42.8351	485.263	0	180	-132.138
495.99	42.9098	485.324	0	180	-132.132
495.993	42.9845	485.384	0	180	-132.127
495.997	43.0593	485.445	0	180	-132.121
496	43.134	485.505	0	180	-132.116
496.004	43.2087	485.566	0	180	-132.11
496.007	43.2834	485.626	0	180	-132.105
496.011	43.3581	485.687	0	180	-132.099
496.015	43.4328	485.747	0	180	-132.094
496.018	43.5076	485.808	0	180	-132.088
496.022	43.5823	485.868	0	180	-132.083
496.025	43.657	485.929	0	180	-132.077
496.029	43.7317	485.989	0	180	-132.072
496.033	43.8064	486.05	0	180	-132.066
496.036	43.8811	486.11	0	180	-132.06
496.04	43.9559	486.171	0	180	-132.055
496.043	44.0306	486.231	0	180	-132.049
496.047	44.1053	486.292	0	180	-132.044
496.051	44.18	486.352	0	180	-132.038
496.054	44.2547	486.413	0	180	-132.033
496.058	44.3295	486.473	0	180	-132.027
496.061	44.4042	486.534	0	180	-132.022
496.065	44.4789	486.594	0	180	-132.016
496.069	44.5536	486.655	0	180	-132.011
496.072	44.6283	486.715	0	180	-132.005
496.076	44.703	486.776	0	180	-132
496.079	44.7778	486.836	0	180	-131.994
496.083	44.8525	486.897	0	180	-131.989
496.087	44.9272	486.957	0	180	-131.983
496.09	45.0019	487.018	0	180	-131.978
496.094	45.0766	487.078	0	180	-131.972
496.097	45.1513	487.139	0	180	-131.966
496.101	45.2261	487.199	0	180	-131.961
496.104	45.3008	487.26	0	180	-131.955
496.108	45.3755	487.32	0	180	-131.95
496.112	45.4502	487.381	0	180	-131.944
496.115	45.5249	487.441	0	180	-131.939
496.119	45.5996	487.502	0	180	-131.933
496.122	45.6744	487.562	0	180	-131.928
496.126	45.7491	487.622	0	180	-131.922
496.13	45.8238	487.683	0	180	-131.917
496.133	45.8985	487.743	0	180	-131.911
496.137	45.9732	487.804	0	180	-131.906
496.14	46.048	487.864	0	180	-131.9
496.144	46.1227	487.925	0	180	-131.895
496.148	46.1974	487.985	0	180	-131.889
496.151	46.2721	488.046	0	180	-131.884
496.155	46.3468	488.106	0	180	-131.878
496.158	46.4215	488.167	0	180	-131.873
496.162	46.4963	488.227	0	180	-131.867
496.166	46.571	488.288	0	180	-131.861
496.169	46.6457	488.348	0	180	-131.856
496.173	46.7204	488.409	0	180	-131.85
496.176	46.7951	488.469	0	180	-131.845
496.18	46.8698	488.53	0	180	-131.839
496.183	46.9446	488.59	0	180	-131.834
496.187	47.0193	488.651	0	180	-131.828
496.191	47.094	488.711	0	180	-131.823
496.194	47.1687	488.772	0	180	-131.817
496.198	47.2434	488.832	0	180	-131.812
496.201	47.3182	488.893	0	180	-131.806
496.205	47.3929	488.953	0	180	-131.801
496.209	47.4676	489.014	0	180	-131.795
496.212	47.5423	489.074	0	180	-131.79
496.216	47.617	489.135	0	180	-131.784
496.219	47.6917	489.195	0	180	-131.779
496.223	47.7665	489.256	0	180	-131.773
496.227	47.8412	489.316	0	180	-131.768
496.23	47.9159	489.377	0	180	-131.762
496.234	47.9906	489.437	0	180	-131.756
496.237	48.0653	489.498	0	180	-131.751
496.241	48.14	489.558	0	180	-131.745
496.245	48.2148	489.619	0	180	-131.74
496.248	48.2895	489.679	0	180	-131.734
496.252	48.3642	489.74	0	180	-131.729
496.255	48.4389	489.8	0	180	-131.723
496.259	48.5136	489.861	0	180	-131.718
496.263	48.5883	489.921	0	180	-131.712
496.266	48.6631	489.982	0	180	-131.707
496.27	48.7378	490.042	0	180	-131.701
496.273	48.8125	490.103	0	180	-131.696
496.277	48.8872	490.163	0	180	-131.69
496.28	48.9619	490.224	0	180	-131.685
496.284	49.0367	490.284	0	180	-131.679
496.288	49.1114	490.345	0	180	-131.674
496.291	49.1861	490.405	0	180	-131.668
496.295	49.2608	490.466	0	180	-131.662
496.298	49.3355	490.526	0	180	-131.657
496.302	49.4102	490.587	0	180	-131.651
496.306	49.485	490.647	0	180	-131.646
496.309	49.5597	490.708	0	180	-131.64
496.313	49.6344	490.768	0	180	-131.635
496.316	49.7091	490.829	0	180	-131.629
496.32	49.7838	490.889	0	180	-131.624
496.324	49.8585	490.95	0	180	-131.618
496.327	49.9333	491.01	0	180	-131.613
496.331	50.008	491.071	0	180	-131.607
496.334	50.0827	491.131	0	180	-131.602
496.338	50.1574	491.192	0	180	-131.596
496.342	50.2321	491.252	0	180	-131.591
496.345	50.3069	491.313	0	180	-131.585
496.349	50.3816	491.373	0	180	-131.58
496.352	50.4563	491.433	0	180	-131.574
496.356	50.531	491.494	0	180	-131.569
496.36	50.6057	491.554	0	180	-131.563
496.363	50.6804	491.615	0	180	-131.557
496.367	50.7552	491.675	0	180	-131.552
496.37	50.8299	491.736	0	180	-131.546
496.374	50.9046	491.796	0	180	-131.541
496.377	50.9793	491.857	0	180	-131.535
496.381	51.054	491.917	0	180	-131.53
496.385	51.1287	491.978	0	180	-131.524
496.388	51.2035	492.038	0	180	-131.519
496.392	51.2782	492.099	0	180	-131.513
496.395	51.3529	492.159	0	180	-131.508
496.399	51.4276	492.22	0	180	-131.502
496.403	51.5023	492.28	0	180	-131.497
496.406	51.5771	492.341	0	180	-131.491
496.41	51.6518	492.401	0	180	-131.486
496.413	51.7265	492.462	0	180	-131.48
496.417	51.8012	492.522	0	180	-131.475
496.421	51.8759	492.583	0	180	-131.469
496.424	51.9506	492.643	0	180	-131.463
496.428	52.0254	492.704	0	180	-131.458
496.431	52.1001	492.764	0	180	-131.452
496.435	52.1748	492.825	0	180	-131.447
496.439	52.2495	492.885	0	180	-131.441
496.442	52.3242	492.946	0	180	-131.436
496.446	52.3989	493.006	0	180	-131.43
496.449	52.4737	493.067	0	180	-131.425
496.453	52.5484	493.127	0	180	-131.419
496.456	52.6231	493.188	0	180	-131.414
496.46	52.6978	493.248	0	180	-131.408
496.464	52.7725	493.309	0	180	-131.403
496.467	52.8472	493.369	0	180	-131.397
496.471	52.922	493.43	0	180	-131.392
496.474	52.9967	493.49	0	180	-131.386
496.478	53.0714	493.551	0	180	-131.381
496.482	53.1461	493.611	0	180	-131.375
496.485	53.2208	493.672	0	180	-131.37
496.489	53.2956	493.732	0	180	-131.364
496.492	53.3703	493.793	0	180	-131.358
496.496	53.445	493.853	0	180	-131.353
496.5	53.5197	493.914	0	180	-131.347
496.503	53.5944	493.974	0	180	-131.342
496.507	53.6691	494.035	0	180	-131.336
496.51	53.7439	494.095	0	180	-131.331
496.514	53.8186	494.156	0	180	-131.325
496.518	53.8933	494.216	0	180	-131.32
496.521	53.968	494.277	0	180	-131.314
496.525	54.0427	494.337	0	180	-131.309
496.528	54.1174	494.398	0	180	-131.303
496.532	54.1922	494.458	0	180	-131.298
496.536	54.2669	494.519	0	180	-131.292
496.539	54.3416	494.579	0	180	-131.287
496.543	54.4163	494.64	0	180	-131.281
496.546	54.491	494.7	0	180	-131.276
496.55	54.5658	494.761	0	180	-131.27
496.553	54.6405	494.821	0	180	-131.264
496.557	54.7152	494.882	0	180	-131.259
496.561	54.7899	494.942	0	180	-131.253
496.564	54.8646	495.003	0	180	-131.248
496.568	54.9393	495.063	0	180	-131.242
496.571	55.0141	495.124	0	180	-131.237
496.575	55.0888	495.184	0	180	-131.231
496.579	55.1635	495.244	0	180	-131.226
496.582	55.2382	495.305	0	180	-131.22
496.586	55.3129	495.365	0	180	-131.215
496.589	55.3876	495.426	0	180	-131.209
496.593	55.4624	495.486	0	180	-131.204
496.597	55.5371	495.547	0	180	-131.198
496.6	55.6118	495.607	0	180	-131.193
496.604	55.6865	495.668	0	180	-131.187
496.607	55.7612	495.728	0	180	-131.182
496.611	55.836	495.789	0	180	-131.176
496.615	55.9107	495.849	0	180	-131.171
496.618	55.9854	495.91	0	180	-131.165
496.622	56.0601	495.97	0	180	-131.159
496.625	56.1348	496.031	0	180	-131.154
496.629	56.2095	496.091	0	180	-131.148
496.633	56.2843	496.152	0	180	-131.143
496.636	56.359	496.212	0	180	-131.137
496.64	56.4337	496.273	0	180	-131.132
496.643	56.5084	496.333	0	180	-131.126
496.647	56.5831	496.394	0	180	-131.121
496.65	56.6578	496.454	0	180	-131.115
496.654	56.7326	496.515	0	180	-131.11
496.658	56.8073	496.575	0	180	-131.104
496.661	56.882	496.636	0	180	-131.099
496.665	56.9567	496.696	0	180	-131.093
496.668	57.0314	496.757	0	180	-131.088
496.672	57.1061	496.817	0	180	-131.082
496.676	57.1809	496.878	0	180	-131.077
496.679	57.2556	496.938	0	180	-131.071
496.683	57.3303	496.999	0	180	-131.066
496.686	57.405	497.059	0	180	-131.06
496.69	57.4797	497.12	0	180	-131.054
496.694	57.5545	497.18	0	180	-131.049
496.697	57.6292	497.241	0	180	-131.043
496.701	57.7039	497.301	0	180	-131.038
496.704	57.7786	497.362	0	180	-131.032
496.708	57.8533	497.422	0	180	-131.027
496.712	57.928	497.483	0	180	-131.021
496.715	58.0028	497.543	0	180	-131.016
496.719	58.0775	497.604	0	180	-131.01
496.722	58.1522	497.664	0	180	-131.005
496.726	58.2269	497.725	0	180	-130.999
496.729	58.3016	497.785	0	180	-130.994
496.733	58.3763	497.846	0	180	-130.988
496.737	58.4511	497.906	0	180	-130.983
496.74	58.5258	497.967	0	180	-130.977
496.744	58.6005	498.027	0	180	-130.972
496.747	58.6752	498.088	0	180	-130.966
496.751	58.7499	498.148	0	180	-130.96
496.755	58.8247	498.209	0	180	-130.955
496.758	58.8994	498.269	0	180	-130.949
496.762	58.9741	498.33	0	180	-130.944
496.765	59.0488	498.39	0	180	-130.938
496.769	59.1235	498.451	0	180	-130.933
496.773	59.1982	498.511	0	180	-130.927
496.776	59.273	498.572	0	180	-130.922
496.78	59.3477	498.632	0	180	-130.916
496.783	59.4224	498.693	0	180	-130.911
496.787	59.4971	498.753	0	180	-130.905
496.791	59.5718	498.814	0	180	-130.9
496.794	59.6465	498.874	0	180	-130.894
496.798	59.7213	498.935	0	180	-130.889
496.801	59.796	498.995	0	180	-130.883
496.805	59.8707	499.055	0	180	-130.878
496.809	59.9454	499.116	0	180	-130.872
496.812	60.0201	499.176	0	180	-130.867
496.816	60.0949	499.237	0	180	-130.861
496.819	60.1696	499.297	0	180	-130.855
496.823	60.2443	499.358	0	180	-130.85
496.826	60.319	499.418	0	180	-130.844
496.83	60.3937	499.479	0	180	-130.839
496.834	60.4684	499.539	0	180	-130.833
496.837	60.5432	499.6	0	180	-130.828
496.841	60.6179	499.66	0	180	-130.822
496.844	60.6926	499.721	0	180	-130.817
496.848	60.7673	499.781	0	180	-130.811
496.852	60.842	499.842	0	180	-130.806
496.855	60.9167	499.902	0	180	-130.8
496.859	60.9915	499.963	0	180	-130.795
496.862	61.0662	500.023	0	180	-130.789
496.866	61.1409	500.084	0	180	-130.784
496.87	61.2156	500.144	0	180	-130.778
496.873	61.2903	500.205	0	180	-130.773
496.877	61.365	500.265	0	180	-130.767
496.88	61.4398	500.326	0	180	-130.761
496.884	61.5145	500.386	0	180	-130.756
496.888	61.5892	500.447	0	180	-130.75
496.891	61.6639	500.507	0	180	-130.745
496.895	61.7386	500.568	0	180	-130.739
496.898	61.8134	500.628	0	180	-130.734
496.902	61.8881	500.689	0	180	-130.728
496.906	61.9628	500.749	0	180	-130.723
496.909	62.0375	500.81	0	180	-130.717
496.913	62.1122	500.87	0	180	-130.712
496.916	62.1869	500.931	0	180	-130.706
496.92	62.2617	500.991	0	180	-130.701
496.923	62.3364	501.052	0	180	-130.695
496.927	62.4111	501.112	0	180	-130.69
496.931	62.4858	501.173	0	180	-130.684
496.934	62.5605	501.233	0	180	-130.679
496.938	62.6352	501.294	0	180	-130.673
496.941	62.71	501.354	0	180	-130.668
496.945	62.7847	501.415	0	180	-130.662
496.949	62.8594	501.475	0	180	-130.656
496.952	62.9341	501.536	0	180	-130.651
496.956	63.0088	501.596	0	180	-130.645
496.959	63.0836	501.657	0	180	-130.64
496.963	63.1583	501.717	0	180	-130.634
496.967	63.233	501.778	0	180	-130.629
496.97	63.3077	501.838	0	180	-130.623
496.974	63.3824	501.899	0	180	-130.618
496.977	63.4571	501.959	0	180	-130.612
496.981	63.5319	502.02	0	180	-130.607
496.985	63.6066	502.08	0	180	-130.601
496.988	63.6813	502.141	0	180	-130.596
496.992	63.756	502.201	0	180	-130.59
496.995	63.8307	502.262	0	180	-130.585
496.999	63.9054	502.322	0	180	-130.579
497.003	63.9802	502.383	0	180	-130.574
497.006	64.0549	502.443	0	180	-130.568
497.01	64.1296	502.504	0	180	-130.563
497.013	64.2043	502.564	0	180	-130.557
497.017	64.279	502.625	0	180	-130.551
497.02	64.3538	502.685	0	180	-130.546
497.024	64.4285	502.746	0	180	-130.54
497.028	64.5032	502.806	0	180	-130.535
497.031	64.5779	502.866	0	180	-130.529
497.035	64.6526	502.927	0	180	-130.524
497.038	64.7273	502.987	0	180	-130.518
497.042	64.8021	503.048	0	180	-130.513
497.046	64.8768	503.108	0	180	-130.507
497.049	64.9515	503.169	0	180	-130.502
497.053	65.0262	503.229	0	180	-130.496
497.056	65.1009	503.29	0	180	-130.491
497.06	65.1756	503.35	0	180	-130.485
497.064	65.2504	503.411	0	180	-130.48
497.067	65.3251	503.471	0	180	-130.474
497.071	65.3998	503.532	0	180	-130.469
497.074	65.4745	503.592	0	180	-130.463
497.078	65.5492	503.653	0	180	-130.457
497.082	65.6239	503.713	0	180	-130.452
497.085	65.6987	503.774	0	180	-130.446
497.089	65.7734	503.834	0	180	-130.441
497.092	65.8481	503.895	0	180	-130.435
497.096	65.9228	503.955	0	180	-130.43
497.099	65.9975	504.016	0	180	-130.424
497.103	66.0723	504.076	0	180	-130.419
497.107	66.147	504.137	0	180	-130.413
497.11	66.2217	504.197	0	180	-130.408
497.114	66.2964	504.258	0	180	-130.402
497.117	66.3711	504.318	0	180	-130.397
497.121	66.4458	504.379	0	180	-130.391
497.125	66.5206	504.439	0	180	-130.386
497.128	66.5953	504.5	0	180	-130.38
497.132	66.67	504.56	0	180	-130.375
497.135	66.7447	504.621	0	180	-130.369
497.139	66.8194	504.681	0	180	-130.364
497.143	66.8941	504.742	0	180	-130.358
497.146	66.9689	504.802	0	180	-130.352
497.15	67.0436	504.863	0	180	-130.347
497.153	67.1183	504.923	0	180	-130.341
497.157	67.193	504.984	0	180	-130.336
497.161	67.2677	505.044	0	180	-130.33
497.164	67.3425	505.105	0	180	-130.325
497.168	67.4172	505.165	0	180	-130.319
497.171	67.4919	505.226	0	180	-130.314
497.175	67.5666	505.286	0	180	-130.308
497.179	67.6413	505.347	0	180	-130.303
497.182	67.716	505.407	0	180	-130.297
497.186	67.7908	505.468	0	180	-130.292
497.189	67.8655	505.528	0	180	-130.286
497.193	67.9402	505.589	0	180	-130.281
497.196	68.0149	505.649	0	180	-130.275
497.2	68.0896	505.71	0	180	-130.27
497.204	68.1643	505.77	0	180	-130.264
497.207	68.2391	505.831	0	180	-130.258
497.211	68.3138	505.891	0	180	-130.253
497.214	68.3885	505.952	0	180	-130.247
497.218	68.4632	506.012	0	180	-130.242
497.222	68.5379	506.073	0	180	-130.236
497.225	68.6126	506.133	0	180	-130.231
497.229	68.6874	506.194	0	180	-130.225
497.232	68.7621	506.254	0	180	-130.22
497.236	68.8368	506.315	0	180	-130.214
497.24	68.9115	506.375	0	180	-130.209
497.243	68.9862	506.436	0	180	-130.203
497.247	69.061	506.496	0	180	-130.198
497.25	69.1357	506.557	0	180	-130.192
497.254	69.2104	506.617	0	180	-130.187
497.258	69.2851	506.678	0	180	-130.181
497.261	69.3598	506.738	0	180	-130.176
497.265	69.4345	506.798	0	180	-130.17
497.268	69.5093	506.859	0	180	-130.165
497.272	69.584	506.919	0	180	-130.159
497.276	69.6587	506.98	0	180	-130.153
497.279	69.7334	507.04	0	180	-130.148
497.283	69.8081	507.101	0	180	-130.142
497.286	69.8828	507.161	0	180	-130.137
497.29	69.9576	507.222	0	180	-130.131
497.293	70.0323	507.282	0	180	-130.126
497.297	70.107	507.343	0	180	-130.12
497.301	70.1817	507.403	0	180	-130.115
497.304	70.2564	507.464	0	180	-130.109
497.308	70.3312	507.524	0	180	-130.104
497.311	70.4059	507.585	0	180	-130.098
497.315	70.4806	507.645	0	180	-130.093
497.319	70.5553	507.706	0	180	-130.087
497.322	70.63	507.766	0	180	-130.082
497.326	70.7047	507.827	0	180	-130.076
497.329	70.7795	507.887	0	180	-130.071
497.333	70.8542	507.948	0	180	-130.065
497.337	70.9289	508.008	0	180	-130.059
497.34	71.0036	508.069	0	180	-130.054
497.344	71.0783	508.129	0	180	-130.048
497.347	71.153	508.19	0	180	-130.043
497.351	71.2278	508.25	0	180	-130.037
497.355	71.3025	508.311	0	180	-130.032
497.358	71.3772	508.371	0	180	-130.026
497.362	71.4519	508.432	0	180	-130.021
497.365	71.5266	508.492	0	180	-130.015
497.369	71.6014	508.553	0	180	-130.01
497.372	71.6761	508.613	0	180	-130.004
497.376	71.7508	508.674	0	180	-129.999
497.38	71.8255	508.734	0	180	-129.993
497.383	71.9002	508.795	0	180	-129.988
497.387	71.9749	508.855	0	180	-129.982
497.39	72.0497	508.916	0	180	-129.977
497.394	72.1244	508.976	0	180	-129.971
497.398	72.1991	509.037	0	180	-129.966
497.401	72.2738	509.097	0	180	-129.96
497.405	72.3485	509.158	0	180	-129.954
497.408	72.4232	509.218	0	180	-129.949
497.412	72.498	509.279	0	180	-129.943
497.416	72.5727	509.339	0	180	-129.938
497.419	72.6474	509.4	0	180	-129.932
497.423	72.7221	509.46	0	180	-129.927
497.426	72.7968	509.521	0	180	-129.921
497.43	72.8715	509.581	0	180	-129.916
497.434	72.9463	509.642	0	180	-129.91
497.437	73.021	509.702	0	180	-129.905
497.441	73.0957	509.763	0	180	-129.899
497.444	73.1704	509.823	0	180	-129.894
497.448	73.2451	509.884	0	180	-129.888
497.452	73.3199	509.944	0	180	-129.883
497.455	73.3946	510.005	0	180	-129.877
497.459	73.4693	510.065	0	180	-129.872
497.462	73.544	510.126	0	180	-129.866
497.466	73.6187	510.186	0	180	-129.861
497.469	73.6934	510.247	0	180	-129.855
497.473	73.7682	510.307	0	180	-129.849
497.477	73.8429	510.368	0	180	-129.844
497.48	73.9176	510.428	0	180	-129.838
497.484	73.9923	510.489	0	180	-129.833
497.487	74.067	510.549	0	180	-129.827
497.491	74.1417	510.609	0	180	-129.822
497.495	74.2165	510.67	0	180	-129.816
497.498	74.2912	510.73	0	180	-129.811
497.502	74.3659	510.791	0	180	-129.805
497.505	74.4406	510.851	0	180	-129.8
497.509	74.5153	510.912	0	180	-129.794
497.513	74.5901	510.972	0	180	-129.789
497.516	74.6648	511.033	0	180	-129.783
497.52	74.7395	511.093	0	180	-129.778
497.523	74.8142	511.154	0	180	-129.772
497.527	74.8889	511.214	0	180	-129.767
497.531	74.9636	511.275	0	180	-129.761
497.534	75.0384	511.335	0	180	-129.755
497.538	75.1131	511.396	0	180	-129.75
497.541	75.1878	511.456	0	180	-129.744
497.545	75.2625	511.517	0	180	-129.739
497.549	75.3372	511.577	0	180	-129.733
497.552	75.4119	511.638	0	180	-129.728
497.556	75.4867	511.698	0	180	-129.722
497.559	75.5614	511.759	0	180	-129.717
497.563	75.6361	511.819	0	180	-129.711
497.566	75.7108	511.88	0	180	-129.706
497.57	75.7855	511.94	0	180	-129.7
497.574	75.8603	512.001	0	180	-129.695
497.577	75.935	512.061	0	180	-129.689
497.581	76.0097	512.122	0	180	-129.684
497.584	76.0844	512.182	0	180	-129.678
497.588	76.1591	512.243	0	180	-129.673
497.592	76.2338	512.303	0	180	-129.667
497.595	76.3086	512.364	0	180	-129.662
497.599	76.3833	512.424	0	180	-129.656
497.602	76.458	512.485	0	180	-129.65
497.606	76.5327	512.545	0	180	-129.645
497.61	76.6074	512.606	0	180	-129.639
497.613	76.6821	512.666	0	180	-129.634
497.617	76.7569	512.727	0	180	-129.628
497.62	76.8316	512.787	0	180	-129.623
497.624	76.9063	512.848	0	180	-129.617
497.628	76.981	512.908	0	180	-129.612
497.631	77.0557	512.969	0	180	-129.606
497.635	77.1304	513.029	0	180	-129.601
497.638	77.2052	513.09	0	180	-129.595
497.642	77.2799	513.15	0	180	-129.59
497.645	77.3546	513.211	0	180	-129.584
497.649	77.4293	513.271	0	180	-129.579
497.653	77.504	513.332	0	180	-129.573
497.656	77.5788	513.392	0	180	-129.568
497.66	77.6535	513.453	0	180	-129.562
497.663	77.7282	513.513	0	180	-129.556
497.667	77.8029	513.574	0	180	-129.551
497.671	77.8776	513.634	0	180	-129.545
497.674	77.9523	513.695	0	180	-129.54
497.678	78.0271	513.755	0	180	-129.534
497.681	78.1018	513.816	0	180	-129.529
497.685	78.1765	513.875	0	180	-129.523
497.689	78.2512	513.934	0	180	-129.518
497.692	78.3259	513.992	0	180	-129.512
497.696	78.4006	514.049	0	180	-129.507
497.699	78.4754	514.105	0	180	-129.501
497.703	78.5501	514.16	0	180	-129.496
497.707	78.6248	514.214	0	180	-129.49
497.71	78.6995	514.267	0	180	-129.485
497.714	78.7742	514.319	0	180	-129.479
497.717	78.849	514.369	0	180	-129.474
497.721	78.9237	514.419	0	180	-129.468
497.725	78.9984	514.468	0	180	-129.463
497.728	79.0731	514.516	0	180	-129.457
497.732	79.1478	514.563	0	180	-129.451
497.735	79.2225	514.609	0	180	-129.446
497.739	79.2973	514.654	0	180	-129.44
497.742	79.372	514.698	0	180	-129.435
497.746	79.4467	514.741	0	180	-129.429
497.75	79.5214	514.782	0	180	-129.424
497.753	79.5961	514.823	0	180	-129.418
497.757	79.6708	514.863	0	180	-129.413
497.76	79.7456	514.902	0	180	-129.407
497.764	79.8203	514.94	0	180	-129.402
497.768	79.895	514.977	0	180	-129.396
497.771	79.9697	515.013	0	180	-129.391
497.775	80.0444	515.048	0	180	-129.385
497.778	80.1192	515.082	0	180	-129.38
497.782	80.1939	515.115	0	180	-129.374
497.786	80.2686	515.146	0	180	-129.369
497.789	80.3433	515.177	0	180	-129.363
497.793	80.418	515.207	0	180	-129.358
497.796	80.4927	515.236	0	180	-129.352
497.8	80.5675	515.264	0	180	-129.346
497.804	80.6422	515.291	0	180	-129.341
497.807	80.7169	515.317	0	180	-129.335
497.811	80.7916	515.342	0	180	-129.33
497.814	80.8663	515.366	0	180	-129.324
497.818	80.941	515.388	0	180	-129.319
497.822	81.0158	515.41	0	180	-129.313
497.825	81.0905	515.431	0	180	-129.308
497.829	81.1652	515.451	0	180	-129.302
497.832	81.2399	515.47	0	180	-129.297
497.836	81.3146	515.488	0	180	-129.291
497.839	81.3893	515.505	0	180	-129.286
497.843	81.4641	515.521	0	180	-129.28
497.847	81.5388	515.536	0	180	-129.275
497.85	81.6135	515.549	0	180	-129.269
497.854	81.6882	515.562	0	180	-129.264
497.857	81.7629	515.574	0	180	-129.258
497.861	81.8377	515.585	0	180	-129.252
497.865	81.9124	515.595	0	180	-129.247
497.868	81.9871	515.604	0	180	-129.241
497.872	82.0618	515.612	0	180	-129.236
497.875	82.1365	515.619	0	180	-129.23
497.879	82.2112	515.625	0	180	-129.225
497.883	82.286	515.629	0	180	-129.219
497.886	82.3607	515.633	0	180	-129.214
497.89	82.4354	515.636	0	180	-129.208
497.893	82.5101	515.638	0	180	-129.203
497.897	82.5848	515.639	0	180	-129.197
497.901	82.6595	515.639	0	180	-129.192
497.904	82.7343	515.638	0	180	-129.186
497.908	82.809	515.636	0	180	-129.181
497.911	82.8837	515.633	0	180	-129.175
497.915	82.9584	515.628	0	180	-129.17
497.919	83.0331	515.623	0	180	-129.164
497.922	83.1079	515.617	0	180	-129.159
497.926	83.1826	515.61	0	180	-129.153
497.929	83.2573	515.602	0	180	-129.147
497.933	83.332	515.593	0	180	-129.142
497.936	83.4067	515.583	0	180	-129.136
497.94	83.4814	515.572	0	180	-129.131
497.944	83.5562	515.56	0	180	-129.125
497.947	83.6309	515.547	0	180	-129.12
497.951	83.7056	515.532	0	180	-129.114
497.954	83.7803	515.517	0	180	-129.109
497.958	83.855	515.501	0	180	-129.103
497.962	83.9297	515.484	0	180	-129.098
497.965	84.0045	515.466	0	180	-129.092
497.969	84.0792	515.447	0	180	-129.087
497.972	84.1539	515.427	0	180	-129.081
497.976	84.2286	515.406	0	180	-129.076
497.98	84.3033	515.384	0	180	-129.07
497.983	84.3781	515.36	0	180	-129.065
497.987	84.4528	515.336	0	180	-129.059
497.99	84.5275	515.311	0	180	-129.053
497.994	84.6022	515.285	0	180	-129.048
497.998	84.6769	515.258	0	180	-129.042
498.001	84.7516	515.23	0	180	-129.037
498.005	84.8264	515.201	0	180	-129.031
498.008	84.9011	515.171	0	180	-129.026
498.012	84.9758	515.14	0	180	-129.02
498.015	85.0505	515.107	0	180	-129.015
498.019	85.1252	515.074	0	180	-129.009
498.023	85.1999	515.04	0	180	-129.004
498.026	85.2748	515.005	0	180	-128.998
498.03	85.3507	514.969	0	180	-128.993
498.033	85.4275	514.932	0	180	-128.987
498.037	85.5053	514.894	0	180	-128.982
498.041	85.5842	514.855	0	180	-128.976
498.044	85.664	514.815	0	180	-128.971
498.048	85.7448	514.773	0	180	-128.965
498.052	85.8267	514.731	0	180	-128.961
498.056	85.9095	514.688	0	180	-128.956
498.06	85.9933	514.644	0	180	-128.952
498.064	86.0782	514.599	0	180	-128.948
498.068	86.164	514.553	0	180	-128.944
498.072	86.2508	514.506	0	180	-128.94
498.076	86.3387	514.458	0	180	-128.936
498.08	86.4271	514.409	0	180	-128.932
498.084	86.5155	514.358	0	180	-128.928
498.088	86.6039	514.307	0	180	-128.924
498.092	86.6923	514.255	0	180	-128.919
498.096	86.7807	514.202	0	180	-128.915
498.1	86.8692	514.148	0	180	-128.911
498.104	86.9576	514.093	0	180	-128.907
498.108	87.046	514.037	0	180	-128.903
498.112	87.1344	513.98	0	180	-128.899
498.116	87.2228	513.922	0	180	-128.895
498.12	87.3112	513.862	0	180	-128.891
498.124	87.3997	513.802	0	180	-128.887
498.128	87.4881	513.741	0	180	-128.882
498.132	87.5765	513.679	0	180	-128.878
498.136	87.6649	513.616	0	180	-128.874
498.14	87.7533	513.552	0	180	-128.87
498.144	87.8417	513.487	0	180	-128.866
498.148	87.9302	513.421	0	180	-128.862
498.152	88.0186	513.354	0	180	-128.858
498.156	88.107	513.286	0	180	-128.854
498.16	88.1954	513.216	0	180	-128.85
498.164	88.2838	513.146	0	180	-128.845
498.168	88.3722	513.075	0	180	-128.841
498.172	88.4607	513.003	0	180	-128.837
498.176	88.5491	512.93	0	180	-128.833
498.18	88.6375	512.856	0	180	-128.829
498.184	88.7259	512.781	0	180	-128.825
498.188	88.8143	512.705	0	180	-128.821
498.192	88.9027	512.628	0	180	-128.817
498.196	88.9912	512.549	0	180	-128.813
498.2	89.0796	512.47	0	180	-128.808
498.204	89.168	512.39	0	180	-128.804
498.208	89.2564	512.309	0	180	-128.8
498.212	89.3448	512.227	0	180	-128.796
498.216	89.4333	512.144	0	180	-128.792
498.22	89.5217	512.06	0	180	-128.788
498.224	89.6101	511.975	0	180	-128.784
498.228	89.6985	511.889	0	180	-128.78
498.232	89.7869	511.801	0	180	-128.775
498.236	89.8753	511.713	0	180	-128.771
498.24	89.9638	511.624	0	180	-128.767
498.244	90.0522	511.534	0	180	-128.763
498.248	90.1406	511.443	0	180	-128.759
498.252	90.229	511.351	0	180	-128.755
498.256	90.3174	511.258	0	180	-128.751
498.26	90.4058	511.164	0	180	-128.747
498.264	90.4943	511.069	0	180	-128.743
498.268	90.5827	510.972	0	180	-128.738
498.272	90.6711	510.875	0	180	-128.734
498.276	90.7595	510.777	0	180	-128.73
498.28	90.8479	510.678	0	180	-128.726
498.285	90.9363	510.578	0	180	-128.722
498.289	91.0248	510.477	0	180	-128.718
498.293	91.1132	510.375	0	180	-128.714
498.297	91.2016	510.272	0	180	-128.71
498.301	91.29	510.168	0	180	-128.706
498.305	91.3784	510.062	0	180	-128.701
498.309	91.4668	509.956	0	180	-128.697
498.313	91.5553	509.849	0	180	-128.693
498.317	91.6437	509.741	0	180	-128.689
498.321	91.7321	509.632	0	180	-128.685
498.325	91.8205	509.522	0	180	-128.681
498.329	91.9089	509.411	0	180	-128.677
498.333	91.9973	509.299	0	180	-128.673
498.337	92.0858	509.186	0	180	-128.669
498.341	92.1742	509.072	0	180	-128.664
498.345	92.2626	508.956	0	180	-128.66
498.349	92.351	508.84	0	180	-128.656
498.353	92.4394	508.723	0	180	-128.652
498.357	92.5278	508.605	0	180	-128.648
498.361	92.6163	508.486	0	180	-128.644
498.365	92.7047	508.366	0	180	-128.64
498.369	92.7931	508.245	0	180	-128.636
498.373	92.8815	508.123	0	180	-128.632
498.377	92.9699	508	0	180	-128.627
498.381	93.0583	507.875	0	180	-128.623
498.385	93.1468	507.75	0	180	-128.619
498.389	93.2352	507.624	0	180	-128.615
498.393	93.3236	507.497	0	180	-128.611
498.397	93.412	507.369	0	180	-128.607
498.401	93.5004	507.24	0	180	-128.603
498.405	93.5888	507.11	0	180	-128.599
498.409	93.6773	506.979	0	180	-128.594
498.413	93.7657	506.847	0	180	-128.59
498.417	93.8541	506.713	0	180	-128.586
498.421	93.9425	506.579	0	180	-128.582
498.425	94.0309	506.444	0	180	-128.578
498.429	94.1193	506.308	0	180	-128.574
498.433	94.2078	506.171	0	180	-128.57
498.437	94.2962	506.033	0	180	-128.566
498.441	94.3846	505.894	0	180	-128.562
498.445	94.473	505.754	0	180	-128.557
498.449	94.5614	505.613	0	180	-128.553
498.453	94.6498	505.47	0	180	-128.549
498.457	94.7383	505.327	0	180	-128.545
498.461	94.8267	505.183	0	180	-128.541
498.465	94.9151	505.039	0	180	-128.537
498.469	95.0035	504.895	0	180	-128.533
498.473	95.0919	504.751	0	180	-128.529
498.477	95.1803	504.607	0	180	-128.525
498.481	95.2688	504.462	0	180	-128.52
498.485	95.3572	504.318	0	180	-128.516
498.489	95.4456	504.174	0	180	-128.512
498.493	95.534	504.03	0	180	-128.508
498.497	95.6224	503.886	0	180	-128.504
498.501	95.7108	503.742	0	180	-128.5
498.505	95.7993	503.597	0	180	-128.496
498.509	95.8877	503.453	0	180	-128.492
498.513	95.9761	503.309	0	180	-128.488
498.517	96.0645	503.165	0	180	-128.483
498.521	96.1529	503.021	0	180	-128.479
498.525	96.2413	502.876	0	180	-128.475
498.529	96.3298	502.732	0	180	-128.471
498.533	96.4182	502.588	0	180	-128.467
498.537	96.5066	502.444	0	180	-128.463
498.541	96.595	502.3	0	180	-128.459
498.545	96.6834	502.156	0	180	-128.455
498.549	96.7718	502.011	0	180	-128.451
498.553	96.8603	501.867	0	180	-128.446
498.557	96.9487	501.723	0	180	-128.442
498.561	97.0371	501.579	0	180	-128.438
498.565	97.1255	501.435	0	180	-128.434
498.569	97.2139	501.29	0	180	-128.43
498.573	97.3023	501.146	0	180	-128.426
498.577	97.3908	501.002	0	180	-128.422
498.581	97.4792	500.858	0	180	-128.418
498.585	97.5676	500.714	0	180	-128.413
498.59	97.656	500.57	0	180	-128.409
498.594	97.7444	500.425	0	180	-128.405
498.598	97.8328	500.281	0	180	-128.401
498.602	97.9213	500.137	0	180	-128.397
498.606	98.0097	499.993	0	180	-128.393
498.61	98.0981	499.849	0	180	-128.389
498.614	98.1865	499.704	0	180	-128.385
498.618	98.2749	499.56	0	180	-128.381
498.622	98.3634	499.416	0	180	-128.376
498.626	98.4518	499.272	0	180	-128.372
498.63	98.5402	499.128	0	180	-128.368
498.634	98.6286	498.984	0	180	-128.364
498.638	98.717	498.839	0	180	-128.36
498.642	98.8054	498.695	0	180	-128.356
498.646	98.8939	498.551	0	180	-128.352
498.65	98.9823	498.407	0	180	-128.348
498.654	99.0707	498.263	0	180	-128.344
498.658	99.1591	498.118	0	180	-128.339
498.662	99.2475	497.974	0	180	-128.335
498.666	99.3359	497.83	0	180	-128.331
498.67	99.4244	497.686	0	180	-128.327
498.674	99.5128	497.542	0	180	-128.323
498.678	99.6012	497.398	0	180	-128.319
498.682	99.6896	497.253	0	180	-128.315
498.686	99.778	497.109	0	180	-128.311
498.69	99.8664	496.965	0	180	-128.307
498.694	99.9549	496.821	0	180	-128.302
498.698	100.043	496.677	0	180	-128.298
498.702	100.132	496.533	0	180	-128.294
498.706	100.22	496.388	0	180	-128.29
498.71	100.309	496.244	0	180	-128.286
498.714	100.397	496.1	0	180	-128.282
498.718	100.485	495.956	0	180	-128.278
498.722	100.574	495.812	0	180	-128.274
498.726	100.662	495.667	0	180	-128.27
498.73	100.751	495.523	0	180	-128.265
498.734	100.839	495.379	0	180	-128.261
498.738	100.927	495.235	0	180	-128.257
498.742	101.016	495.091	0	180	-128.253
498.746	101.104	494.947	0	180	-128.249
498.75	101.193	494.802	0	180	-128.245
498.754	101.281	494.658	0	180	-128.241
498.758	101.37	494.514	0	180	-128.237
498.762	101.458	494.37	0	180	-128.232
498.766	101.546	494.226	0	180	-128.228
498.77	101.635	494.081	0	180	-128.224
498.774	101.723	493.937	0	180	-128.22
498.778	101.812	493.793	0	180	-128.216
498.782	101.9	493.649	0	180	-128.212
498.786	101.988	493.505	0	180	-128.208
498.79	102.077	493.361	0	180	-128.204
498.794	102.165	493.216	0	180	-128.2
498.798	102.254	493.072	0	180	-128.195
498.802	102.342	492.928	0	180	-128.191
498.806	102.431	492.784	0	180	-128.187
498.81	102.519	492.64	0	180	-128.183
498.814	102.607	492.495	0	180	-128.179
498.818	102.696	492.351	0	180	-128.175
498.822	102.784	492.207	0	180	-128.171
498.826	102.873	492.063	0	180	-128.167
498.83	102.961	491.919	0	180	-128.163
498.834	103.049	491.775	0	180	-128.158
498.838	103.138	491.63	0	180	-128.154
498.842	103.226	491.486	0	180	-128.15
498.846	103.315	491.342	0	180	-128.146
498.85	103.403	491.198	0	180	-128.142
498.854	103.492	491.054	0	180	-128.138
498.858	103.58	490.909	0	180	-128.134
498.862	103.668	490.765	0	180	-128.13
498.866	103.757	490.621	0	180	-128.126
498.87	103.845	490.477	0	180	-128.121
498.874	103.934	490.333	0	180	-128.117
498.878	104.022	490.189	0	180	-128.113
498.882	104.11	490.044	0	180	-128.109
498.886	104.199	489.9	0	180	-128.105
498.89	104.287	489.756	0	180	-128.101
498.895	104.376	489.612	0	180	-128.097
498.899	104.464	489.468	0	180	-128.093
498.903	104.553	489.323	0	180	-128.088
498.907	104.641	489.179	0	180	-128.084
498.911	104.729	489.035	0	180	-128.08
498.915	104.818	488.891	0	180	-128.076
498.919	104.906	488.747	0	180	-128.072
498.923	104.995	488.603	0	180	-128.068
498.927	105.083	488.458	0	180	-128.064
498.931	105.171	488.314	0	180	-128.06
498.935	105.26	488.17	0	180	-128.056
498.939	105.348	488.026	0	180	-128.051
498.943	105.437	487.882	0	180	-128.047
498.947	105.525	487.737	0	180	-128.043
498.951	105.614	487.593	0	180	-128.039
498.955	105.702	487.449	0	180	-128.035
498.959	105.79	487.305	0	180	-128.031
498.963	105.879	487.161	0	180	-128.027
498.967	105.967	487.017	0	180	-128.023
498.971	106.056	486.872	0	180	-128.019
498.975	106.144	486.728	0	180	-128.014
498.979	106.232	486.584	0	180	-128.01
498.983	106.321	486.44	0	180	-128.006
498.987	106.409	486.296	0	180	-128.002
498.991	106.498	486.152	0	180	-127.998
498.995	106.586	486.007	0	180	-127.994
498.999	106.675	485.863	0	180	-127.99
499.003	106.763	485.719	0	180	-127.986
499.007	106.851	485.575	0	180	-127.982
499.011	106.94	485.431	0	180	-127.977
499.015	107.028	485.286	0	180	-127.973
499.019	107.117	485.142	0	180	-127.969
499.023	107.205	484.998	0	180	-127.965
499.027	107.293	484.854	0	180	-127.961
499.031	107.382	484.71	0	180	-127.957
499.035	107.47	484.566	0	180	-127.953
499.039	107.559	484.421	0	180	-127.949
499.043	107.647	484.277	0	180	-127.945
499.047	107.736	484.133	0	180	-127.94
499.051	107.824	483.989	0	180	-127.936
499.055	107.912	483.845	0	180	-127.932
499.059	108.001	483.7	0	180	-127.928
499.063	108.089	483.556	0	180	-127.924
499.067	108.178	483.412	0	180	-127.92
499.071	108.266	483.268	0	180	-127.916
499.075	108.354	483.124	0	180	-127.912
499.079	108.443	482.98	0	180	-127.907
499.083	108.531	482.835	0	180	-127.903
499.087	108.62	482.691	0	180	-127.899
499.091	108.708	482.547	0	180	-127.895
499.095	108.797	482.403	0	180	-127.891
499.099	108.885	482.259	0	180	-127.887
499.103	108.973	482.114	0	180	-127.883
499.107	109.062	481.97	0	180	-127.879
499.111	109.15	481.826	0	180	-127.875
499.115	109.239	481.682	0	180	-127.87
499.119	109.327	481.538	0	180	-127.866
499.123	109.415	481.394	0	180	-127.862
499.127	109.504	481.249	0	180	-127.858
499.131	109.592	481.105	0	180	-127.854
499.135	109.681	480.961	0	180	-127.85
499.139	109.769	480.817	0	180	-127.846
499.143	109.858	480.673	0	180	-127.842
499.147	109.946	480.528	0	180	-127.838
499.151	110.034	480.384	0	180	-127.833
499.155	110.123	480.24	0	180	-127.829
499.159	110.211	480.096	0	180	-127.825
499.163	110.3	479.952	0	180	-127.821
499.167	110.388	479.808	0	180	-127.817
499.171	110.476	479.663	0	180	-127.813
499.175	110.565	479.519	0	180	-127.809
499.179	110.653	479.375	0	180	-127.805
499.183	110.742	479.231	0	180	-127.801
499.187	110.83	479.087	0	180	-127.796
499.191	110.919	478.942	0	180	-127.792
499.195	111.007	478.798	0	180	-127.788
499.2	111.095	478.654	0	180	-127.784
499.204	111.184	478.51	0	180	-127.78
499.208	111.272	478.366	0	180	-127.776
499.212	111.361	478.222	0	180	-127.772
499.216	111.449	478.077	0	180	-127.768
499.22	111.537	477.933	0	180	-127.764
499.224	111.626	477.789	0	180	-127.759
499.228	111.714	477.645	0	180	-127.755
499.232	111.803	477.501	0	180	-127.751
499.236	111.891	477.356	0	180	-127.747
499.24	111.98	477.212	0	180	-127.743
499.244	112.068	477.068	0	180	-127.739
499.248	112.156	476.924	0	180	-127.735
499.252	112.245	476.78	0	180	-127.731
499.256	112.333	476.636	0	180	-127.726
499.26	112.422	476.491	0	180	-127.722
499.264	112.51	476.347	0	180	-127.718
499.268	112.598	476.203	0	180	-127.714
499.272	112.687	476.059	0	180	-127.71
499.276	112.775	475.915	0	180	-127.706
499.28	112.864	475.771	0	180	-127.702
499.284	112.952	475.626	0	180	-127.698
499.288	113.041	475.482	0	180	-127.694
499.292	113.129	475.338	0	180	-127.689
499.296	113.217	475.194	0	180	-127.685
499.3	113.306	475.05	0	180	-127.681
499.304	113.394	474.905	0	180	-127.677
499.308	113.483	474.761	0	180	-127.673
499.312	113.571	474.617	0	180	-127.669
499.316	113.659	474.473	0	180	-127.665
499.32	113.748	474.329	0	180	-127.661
499.324	113.836	474.185	0	180	-127.657
499.328	113.925	474.04	0	180	-127.652
499.332	114.013	473.896	0	180	-127.648
499.336	114.102	473.752	0	180	-127.644
499.34	114.19	473.608	0	180	-127.64
499.344	114.278	473.464	0	180	-127.636
499.348	114.367	473.319	0	180	-127.632
499.352	114.455	473.175	0	180	-127.628
499.356	114.544	473.031	0	180	-127.624
499.36	114.632	472.887	0	180	-127.62
499.364	114.72	472.743	0	180	-127.615
499.368	114.809	472.599	0	180	-127.611
499.372	114.897	472.454	0	180	-127.607
499.376	114.986	472.31	0	180	-127.603
499.38	115.074	472.166	0	180	-127.599
499.384	115.163	472.022	0	180	-127.595
499.388	115.251	471.878	0	180	-127.591
499.392	115.339	471.733	0	180	-127.587
499.396	115.428	471.589	0	180	-127.583
499.4	115.516	471.445	0	180	-127.578
499.404	115.605	471.301	0	180	-127.574
499.408	115.693	471.157	0	180	-127.57
499.412	115.781	471.013	0	180	-127.566
499.416	115.87	470.868	0	180	-127.562
499.42	115.958	470.724	0	180	-127.558
499.424	116.047	470.58	0	180	-127.554
499.428	116.135	470.436	0	180	-127.55
499.432	116.224	470.292	0	180	-127.545
499.436	116.312	470.149	0	180	-127.541
499.44	116.4	470.007	0	180	-127.537
499.444	116.489	469.866	0	180	-127.533
499.448	116.577	469.726	0	180	-127.529
499.452	116.666	469.587	0	180	-127.525
499.456	116.754	469.449	0	180	-127.521
499.46	116.842	469.312	0	180	-127.517
499.464	116.931	469.176	0	180	-127.513
499.468	117.019	469.041	0	180	-127.508
499.472	117.108	468.907	0	180	-127.504
499.476	117.196	468.774	0	180	-127.5
499.48	117.285	468.642	0	180	-127.496
499.484	117.373	468.511	0	180	-127.492
499.488	117.461	468.381	0	180	-127.488
499.492	117.55	468.252	0	180	-127.484
499.496	117.638	468.124	0	180	-127.48
499.501	117.727	467.997	0	180	-127.476
499.505	117.815	467.871	0	180	-127.471
499.509	117.903	467.746	0	180	-127.467
499.513	117.992	467.622	0	180	-127.463
499.517	118.08	467.5	0	180	-127.459
499.521	118.169	467.378	0	180	-127.455
499.525	118.257	467.257	0	180	-127.451
499.529	118.346	467.137	0	180	-127.447
499.533	118.434	467.018	0	180	-127.443
499.537	118.522	466.9	0	180	-127.439
499.541	118.611	466.783	0	180	-127.434
499.545	118.699	466.667	0	180	-127.43
499.549	118.788	466.552	0	180	-127.426
499.553	118.876	466.438	0	180	-127.422
499.557	118.964	466.325	0	180	-127.418
499.561	119.053	466.213	0	180	-127.414
499.565	119.141	466.102	0	180	-127.41
499.569	119.23	465.992	0	180	-127.406
499.573	119.318	465.883	0	180	-127.402
499.577	119.407	465.775	0	180	-127.397
499.581	119.495	465.668	0	180	-127.393
499.585	119.583	465.562	0	180	-127.389
499.589	119.672	465.457	0	180	-127.385
499.593	119.76	465.353	0	180	-127.381
499.597	119.849	465.25	0	180	-127.377
499.601	119.937	465.148	0	180	-127.373
499.605	120.025	465.047	0	180	-127.369
499.609	120.114	464.947	0	180	-127.364
499.613	120.202	464.848	0	180	-127.36
499.617	120.291	464.75	0	180	-127.356
499.621	120.379	464.653	0	180	-127.352
499.625	120.468	464.557	0	180	-127.348
499.629	120.556	464.462	0	180	-127.344
499.633	120.644	464.368	0	180	-127.34
499.637	120.733	464.275	0	180	-127.336
499.641	120.821	464.183	0	180	-127.332
499.645	120.91	464.092	0	180	-127.327
499.649	120.998	464.002	0	180	-127.323
499.653	121.086	463.914	0	180	-127.319
499.657	121.174	463.826	0	180	-127.315
499.661	121.261	463.739	0	180	-127.311
499.665	121.347	463.653	0	180	-127.307
499.669	121.432	463.568	0	180	-127.303
499.673	121.516	463.484	0	180	-127.299
499.677	121.599	463.401	0	180	-127.295
499.681	121.681	463.319	0	180	-127.29
499.685	121.762	463.238	0	180	-127.286
499.689	121.842	463.158	0	180	-127.282
499.693	121.921	463.079	0	180	-127.278
499.697	121.999	463.001	0	180	-127.274
499.701	122.076	462.924	0	180	-127.27
499.705	122.152	462.848	0	180	-127.266
499.709	122.227	462.773	0	180	-127.262
499.713	122.301	462.699	0	180	-127.258
499.717	122.374	462.626	0	180	-127.253
499.721	122.446	462.554	0	180	-127.249
499.725	122.517	462.483	0	180	-127.245
499.729	122.587	462.413	0	180	-127.241
499.733	122.656	462.344	0	180	-127.237
499.737	122.724	462.276	0	180	-127.233
499.741	122.791	462.209	0	180	-127.229
499.745	122.857	462.143	0	180	-127.225
499.749	122.922	462.078	0	180	-127.221
499.753	122.986	462.014	0	180	-127.216
499.757	123.049	461.951	0	180	-127.212
499.761	123.111	461.889	0	180	-127.208
499.765	123.172	461.828	0	180	-127.204
499.769	123.232	461.768	0	180	-127.2
499.773	123.291	461.709	0	180	-127.196
499.777	123.349	461.651	0	180	-127.192
499.781	123.406	461.594	0	180	-127.188
499.785	123.462	461.538	0	180	-127.183
499.789	123.516	461.484	0	180	-127.179
499.793	123.57	461.43	0	180	-127.175
499.797	123.623	461.377	0	180	-127.171
499.801	123.675	461.325	0	180	-127.167
499.806	123.726	461.274	0	180	-127.163
499.81	123.776	461.224	0	180	-127.159
499.814	123.825	461.175	0	180	-127.155
499.818	123.873	461.127	0	180	-127.151
499.822	123.92	461.08	0	180	-127.146
499.826	123.966	461.034	0	180	-127.142
499.83	124.011	460.989	0	180	-127.138
499.834	124.055	460.945	0	180	-127.134
499.838	124.098	460.902	0	180	-127.13
499.842	124.14	460.86	0	180	-127.126
499.846	124.181	460.819	0	180	-127.122
499.85	124.221	460.779	0	180	-127.118
499.854	124.26	460.74	0	180	-127.114
499.858	124.298	460.702	0	180	-127.109
499.862	124.335	460.665	0	180	-127.105
499.866	124.371	460.629	0	180	-127.101
499.87	124.406	460.594	0	180	-127.097
499.874	124.44	460.56	0	180	-127.093
499.878	124.473	460.527	0	180	-127.089
499.882	124.505	460.495	0	180	-127.085
499.886	124.536	460.464	0	180	-127.081
499.89	124.566	460.434	0	180	-127.077
499.894	124.595	460.405	0	180	-127.072
499.898	124.623	460.377	0	180	-127.068
499.902	124.65	460.35	0	180	-127.064
499.906	124.676	460.324	0	180	-127.06
499.91	124.701	460.299	0	180	-127.056
499.914	124.725	460.275	0	180	-127.052
499.918	124.748	460.252	0	180	-127.048
499.922	124.77	460.23	0	180	-127.044
499.926	124.79	460.21	0	180	-127.04
499.93	124.81	460.19	0	180	-127.035
499.934	124.829	460.171	0	180	-127.031
499.938	124.847	460.153	0	180	-127.027
499.942	124.864	460.136	0	180	-127.023
499.946	124.88	460.12	0	180	-127.019
499.95	124.895	460.105	0	180	-127.015
499.954	124.909	460.091	0	180	-127.011
499.958	124.922	460.078	0	180	-127.007
499.962	124.934	460.066	0	180	-127.002
499.966	124.945	460.055	0	180	-126.998
499.97	124.955	460.045	0	180	-126.994
499.974	124.964	460.036	0	180	-126.99
499.978	124.972	460.028	0	180	-126.986
499.982	124.979	460.021	0	180	-126.982
499.986	124.985	460.015	0	180	-126.978
499.99	124.99	460.01	0	180	-126.974
499.994	124.994	460.006	0	180	-126.97
499.997	124.997	460.003	0	180	-126.967
499.999	124.999	460.001	0	180	-126.965
500	125	460	0	180	-126.964
