0	0	0
0.001	0.001	0.001
0.002	0.002	0.002
0.003	0.003	0.003
0.004	0.004	0.004
0.005	0.005	0.005
0.006	0.006	0.006
0.007	0.007	0.007
0.008	0.008	0.008
0.009	0.009	0.009
0.01	0.01	0.01
0.011	0.011	0.011
0.012	0.012	0.012
0.013	0.013	0.013
0.014	0.014	0.014
0.015	0.015	0.015
0.016	0.016	0.016
0.017	0.017	0.017
0.018	0.018	0.018
0.019	0.019	0.019
0.02	0.02	0.02
0.021	0.021	0.021
0.022	0.022	0.022
0.023	0.023	0.023
0.024	0.024	0.024
0.025	0.025	0.025
0.026	0.026	0.026
0.027	0.027	0.027
0.028	0.028	0.028
0.029	0.029	0.029
0.03	0.03	0.03
0.031	0.031	0.031
0.032	0.032	0.032
0.033	0.033	0.033
0.034	0.034	0.034
0.035	0.035	0.035
0.036	0.036	0.036
0.037	0.037	0.037
0.038	0.038	0.038
0.039	0.039	0.039
0.04	0.04	0.04
0.041	0.041	0.041
0.042	0.042	0.042
0.043	0.043	0.043
0.044	0.044	0.044
0.045	0.045	0.045
0.046	0.046	0.046
0.047	0.047	0.047
0.048	0.048	0.048
0.049	0.049	0.049
0.05	0.05	0.05
0.051	0.051	0.051
0.052	0.052	0.052
0.053	0.053	0.053
0.054	0.054	0.054
0.055	0.055	0.055
0.056	0.056	0.056
0.057	0.057	0.057
0.058	0.058	0.058
0.059	0.059	0.059
0.06	0.06	0.06
0.061	0.061	0.061
0.062	0.062	0.062
0.063	0.063	0.063
0.064	0.064	0.064
0.065	0.065	0.065
0.066	0.066	0.066
0.067	0.067	0.067
0.068	0.068	0.068
0.069	0.069	0.069
0.07	0.07	0.07
0.071	0.071	0.071
0.072	0.072	0.072
0.073	0.073	0.073
0.074	0.074	0.074
0.075	0.075	0.075
0.076	0.076	0.076
0.077	0.077	0.077
0.078	0.078	0.078
0.079	0.079	0.079
0.08	0.08	0.08
0.081	0.081	0.081
0.082	0.082	0.082
0.083	0.083	0.083
0.084	0.084	0.084
0.085	0.085	0.085
0.086	0.086	0.086
0.087	0.087	0.087
0.088	0.088	0.088
0.089	0.089	0.089
0.09	0.09	0.09
0.091	0.091	0.091
0.092	0.092	0.092
0.093	0.093	0.093
0.094	0.094	0.094
0.095	0.095	0.095
0.096	0.096	0.096
0.097	0.097	0.097
0.098	0.098	0.098
0.099	0.099	0.099
0.1	0.1	0.1
0.101	0.101	0.101
0.102	0.102	0.102
0.103	0.103	0.103
0.104	0.104	0.104
0.105	0.105	0.105
0.106	0.106	0.106
0.107	0.107	0.107
0.108	0.108	0.108
0.109	0.109	0.109
0.11	0.11	0.11
0.111	0.111	0.111
0.112	0.112	0.112
0.113	0.113	0.113
0.114	0.114	0.114
0.115	0.115	0.115
0.116	0.116	0.116
0.117	0.117	0.117
0.118	0.118	0.118
0.119	0.119	0.119
0.12	0.12	0.12
0.121	0.121	0.121
0.122	0.122	0.122
0.123	0.123	0.123
0.124	0.124	0.124
0.125	0.125	0.125
0.126	0.126	0.126
0.127	0.127	0.127
0.128	0.128	0.128
0.129	0.129	0.129
0.13	0.13	0.13
0.131	0.131	0.131
0.132	0.132	0.132
0.133	0.133	0.133
0.134	0.134	0.134
0.135	0.135	0.135
0.136	0.136	0.136
0.137	0.137	0.137
0.138	0.138	0.138
0.139	0.139	0.139
0.14	0.14	0.14
0.141	0.141	0.141
0.142	0.142	0.142
0.143	0.143	0.143
0.144	0.144	0.144
0.145	0.145	0.145
0.146	0.146	0.146
0.147	0.147	0.147
0.148	0.148	0.148
0.149	0.149	0.149
0.15	0.15	0.15
0.151	0.151	0.151
0.152	0.152	0.152
0.153	0.153	0.153
0.154	0.154	0.154
0.155	0.155	0.155
0.156	0.156	0.156
0.157	0.157	0.157
0.158	0.158	0.158
0.159	0.159	0.159
0.16	0.16	0.16
0.161	0.161	0.161
0.162	0.162	0.162
0.163	0.163	0.163
0.164	0.164	0.164
0.165	0.165	0.165
0.166	0.166	0.166
0.167	0.167	0.167
0.168	0.168	0.168
0.169	0.169	0.169
0.17	0.17	0.17
0.171	0.171	0.171
0.172	0.172	0.172
0.173	0.173	0.173
0.174	0.174	0.174
0.175	0.175	0.175
0.176	0.176	0.176
0.177	0.177	0.177
0.178	0.178	0.178
0.179	0.179	0.179
0.18	0.18	0.18
0.181	0.181	0.181
0.182	0.182	0.182
0.183	0.183	0.183
0.184	0.184	0.184
0.185	0.185	0.185
0.186	0.186	0.186
0.187	0.187	0.187
0.188	0.188	0.188
0.189	0.189	0.189
0.19	0.19	0.19
0.191	0.191	0.191
0.192	0.192	0.192
0.193	0.193	0.193
0.194	0.194	0.194
0.195	0.195	0.195
0.196	0.196	0.196
0.197	0.197	0.197
0.198	0.198	0.198
0.199	0.199	0.199
0.2	0.2	0.2
0.201	0.201	0.201
0.202	0.202	0.202
0.203	0.203	0.203
0.204	0.204	0.204
0.205	0.205	0.205
0.206	0.206	0.206
0.207	0.207	0.207
0.208	0.208	0.208
0.209	0.209	0.209
0.21	0.21	0.21
0.211	0.211	0.211
0.212	0.212	0.212
0.213	0.213	0.213
0.214	0.214	0.214
0.215	0.215	0.215
0.216	0.216	0.216
0.217	0.217	0.217
0.218	0.218	0.218
0.219	0.219	0.219
0.22	0.22	0.22
0.221	0.221	0.221
0.222	0.222	0.222
0.223	0.223	0.223
0.224	0.224	0.224
0.225	0.225	0.225
0.226	0.226	0.226
0.227	0.227	0.227
0.228	0.228	0.228
0.229	0.229	0.229
0.23	0.23	0.23
0.231	0.231	0.231
0.232	0.232	0.232
0.233	0.233	0.233
0.234	0.234	0.234
0.235	0.235	0.235
0.236	0.236	0.236
0.237	0.237	0.237
0.238	0.238	0.238
0.239	0.239	0.239
0.24	0.24	0.24
0.241	0.241	0.241
0.242	0.242	0.242
0.243	0.243	0.243
0.244	0.244	0.244
0.245	0.245	0.245
0.246	0.246	0.246
0.247	0.247	0.247
0.248	0.248	0.248
0.249	0.249	0.249
0.25	0.25	0.25
0.251	0.251	0.251
0.252	0.252	0.252
0.253	0.253	0.253
0.254	0.254	0.254
0.255	0.255	0.255
0.256	0.256	0.256
0.257	0.257	0.257
0.258	0.258	0.258
0.259	0.259	0.259
0.26	0.26	0.26
0.261	0.261	0.261
0.262	0.262	0.262
0.263	0.263	0.263
0.264	0.264	0.264
0.265	0.265	0.265
0.266	0.266	0.266
0.267	0.267	0.267
0.268	0.268	0.268
0.269	0.269	0.269
0.27	0.27	0.27
0.271	0.271	0.271
0.272	0.272	0.272
0.273	0.273	0.273
0.274	0.274	0.274
0.275	0.275	0.275
0.276	0.276	0.276
0.277	0.277	0.277
0.278	0.278	0.278
0.279	0.279	0.279
0.28	0.28	0.28
0.281	0.281	0.281
0.282	0.282	0.282
0.283	0.283	0.283
0.284	0.284	0.284
0.285	0.285	0.285
0.286	0.286	0.286
0.287	0.287	0.287
0.288	0.288	0.288
0.289	0.289	0.289
0.29	0.29	0.29
0.291	0.291	0.291
0.292	0.292	0.292
0.293	0.293	0.293
0.294	0.294	0.294
0.295	0.295	0.295
0.296	0.296	0.296
0.297	0.297	0.297
0.298	0.298	0.298
0.299	0.299	0.299
0.3	0.3	0.3
0.301	0.301	0.301
0.302	0.302	0.302
0.303	0.303	0.303
0.304	0.304	0.304
0.305	0.305	0.305
0.306	0.306	0.306
0.307	0.307	0.307
0.308	0.308	0.308
0.309	0.309	0.309
0.31	0.31	0.31
0.311	0.311	0.311
0.312	0.312	0.312
0.313	0.313	0.313
0.314	0.314	0.314
0.315	0.315	0.315
0.316	0.316	0.316
0.317	0.317	0.317
0.318	0.318	0.318
0.319	0.319	0.319
0.32	0.32	0.32
0.321	0.321	0.321
0.322	0.322	0.322
0.323	0.323	0.323
0.324	0.324	0.324
0.325	0.325	0.325
0.326	0.326	0.326
0.327	0.327	0.327
0.328	0.328	0.328
0.329	0.329	0.329
0.33	0.33	0.33
0.331	0.331	0.331
0.332	0.332	0.332
0.333	0.333	0.333
0.334	0.334	0.334
0.335	0.335	0.335
0.336	0.336	0.336
0.337	0.337	0.337
0.338	0.338	0.338
0.339	0.339	0.339
0.34	0.34	0.34
0.341	0.341	0.341
0.342	0.342	0.342
0.343	0.343	0.343
0.344	0.344	0.344
0.345	0.345	0.345
0.346	0.346	0.346
0.347	0.347	0.347
0.348	0.348	0.348
0.349	0.349	0.349
0.35	0.35	0.35
0.351	0.351	0.351
0.352	0.352	0.352
0.353	0.353	0.353
0.354	0.354	0.354
0.355	0.355	0.355
0.356	0.356	0.356
0.357	0.357	0.357
0.358	0.358	0.358
0.359	0.359	0.359
0.36	0.36	0.36
0.361	0.361	0.361
0.362	0.362	0.362
0.363	0.363	0.363
0.364	0.364	0.364
0.365	0.365	0.365
0.366	0.366	0.366
0.367	0.367	0.367
0.368	0.368	0.368
0.369	0.369	0.369
0.37	0.37	0.37
0.371	0.371	0.371
0.372	0.372	0.372
0.373	0.373	0.373
0.374	0.374	0.374
0.375	0.375	0.375
0.376	0.376	0.376
0.377	0.377	0.377
0.378	0.378	0.378
0.379	0.379	0.379
0.38	0.38	0.38
0.381	0.381	0.381
0.382	0.382	0.382
0.383	0.383	0.383
0.384	0.384	0.384
0.385	0.385	0.385
0.386	0.386	0.386
0.387	0.387	0.387
0.388	0.388	0.388
0.389	0.389	0.389
0.39	0.39	0.39
0.391	0.391	0.391
0.392	0.392	0.392
0.393	0.393	0.393
0.394	0.394	0.394
0.395	0.395	0.395
0.396	0.396	0.396
0.397	0.397	0.397
0.398	0.398	0.398
0.399	0.399	0.399
0.4	0.4	0.4
0.401	0.401	0.401
0.402	0.402	0.402
0.403	0.403	0.403
0.404	0.404	0.404
0.405	0.405	0.405
0.406	0.406	0.406
0.407	0.407	0.407
0.408	0.408	0.408
0.409	0.409	0.409
0.41	0.41	0.41
0.411	0.411	0.411
0.412	0.412	0.412
0.413	0.413	0.413
0.414	0.414	0.414
0.415	0.415	0.415
0.416	0.416	0.416
0.417	0.417	0.417
0.418	0.418	0.418
0.419	0.419	0.419
0.42	0.42	0.42
0.421	0.421	0.421
0.422	0.422	0.422
0.423	0.423	0.423
0.424	0.424	0.424
0.425	0.425	0.425
0.426	0.426	0.426
0.427	0.427	0.427
0.428	0.428	0.428
0.429	0.429	0.429
0.43	0.43	0.43
0.431	0.431	0.431
0.432	0.432	0.432
0.433	0.433	0.433
0.434	0.434	0.434
0.435	0.435	0.435
0.436	0.436	0.436
0.437	0.437	0.437
0.438	0.438	0.438
0.439	0.439	0.439
0.44	0.44	0.44
0.441	0.441	0.441
0.442	0.442	0.442
0.443	0.443	0.443
0.444	0.444	0.444
0.445	0.445	0.445
0.446	0.446	0.446
0.447	0.447	0.447
0.448	0.448	0.448
0.449	0.449	0.449
0.45	0.45	0.45
0.451	0.451	0.451
0.452	0.452	0.452
0.453	0.453	0.453
0.454	0.454	0.454
0.455	0.455	0.455
0.456	0.456	0.456
0.457	0.457	0.457
0.458	0.458	0.458
0.459	0.459	0.459
0.46	0.46	0.46
0.461	0.461	0.461
0.462	0.462	0.462
0.463	0.463	0.463
0.464	0.464	0.464
0.465	0.465	0.465
0.466	0.466	0.466
0.467	0.467	0.467
0.468	0.468	0.468
0.469	0.469	0.469
0.47	0.47	0.47
0.471	0.471	0.471
0.472	0.472	0.472
0.473	0.473	0.473
0.474	0.474	0.474
0.475	0.475	0.475
0.476	0.476	0.476
0.477	0.477	0.477
0.478	0.478	0.478
0.479	0.479	0.479
0.48	0.48	0.48
0.481	0.481	0.481
0.482	0.482	0.482
0.483	0.483	0.483
0.484	0.484	0.484
0.485	0.485	0.485
0.486	0.486	0.486
0.487	0.487	0.487
0.488	0.488	0.488
0.489	0.489	0.489
0.49	0.49	0.49
0.491	0.491	0.491
0.492	0.492	0.492
0.493	0.493	0.493
0.494	0.494	0.494
0.495	0.495	0.495
0.496	0.496	0.496
0.497	0.497	0.497
0.498	0.498	0.498
0.499	0.499	0.499
0.5	0.5	0.5
0.501	0.501	0.501
0.502	0.502	0.502
0.503	0.503	0.503
0.504	0.504	0.504
0.505	0.505	0.505
0.506	0.506	0.506
0.507	0.507	0.507
0.508	0.508	0.508
0.509	0.509	0.509
0.51	0.51	0.51
0.511	0.511	0.511
0.512	0.512	0.512
0.513	0.513	0.513
0.514	0.514	0.514
0.515	0.515	0.515
0.516	0.516	0.516
0.517	0.517	0.517
0.518	0.518	0.518
0.519	0.519	0.519
0.52	0.52	0.52
0.521	0.521	0.521
0.522	0.522	0.522
0.523	0.523	0.523
0.524	0.524	0.524
0.525	0.525	0.525
0.526	0.526	0.526
0.527	0.527	0.527
0.528	0.528	0.528
0.529	0.529	0.529
0.53	0.53	0.53
0.531	0.531	0.531
0.532	0.532	0.532
0.533	0.533	0.533
0.534	0.534	0.534
0.535	0.535	0.535
0.536	0.536	0.536
0.537	0.537	0.537
0.538	0.538	0.538
0.539	0.539	0.539
0.54	0.54	0.54
0.541	0.541	0.541
0.542	0.542	0.542
0.543	0.543	0.543
0.544	0.544	0.544
0.545	0.545	0.545
0.546	0.546	0.546
0.547	0.547	0.547
0.548	0.548	0.548
0.549	0.549	0.549
0.55	0.55	0.55
0.551	0.551	0.551
0.552	0.552	0.552
0.553	0.553	0.553
0.554	0.554	0.554
0.555	0.555	0.555
0.556	0.556	0.556
0.557	0.557	0.557
0.558	0.558	0.558
0.559	0.559	0.559
0.56	0.56	0.56
0.561	0.561	0.561
0.562	0.562	0.562
0.563	0.563	0.563
0.564	0.564	0.564
0.565	0.565	0.565
0.566	0.566	0.566
0.567	0.567	0.567
0.568	0.568	0.568
0.569	0.569	0.569
0.57	0.57	0.57
0.571	0.571	0.571
0.572	0.572	0.572
0.573	0.573	0.573
0.574	0.574	0.574
0.575	0.575	0.575
0.576	0.576	0.576
0.577	0.577	0.577
0.578	0.578	0.578
0.579	0.579	0.579
0.58	0.58	0.58
0.581	0.581	0.581
0.582	0.582	0.582
0.583	0.583	0.583
0.584	0.584	0.584
0.585	0.585	0.585
0.586	0.586	0.586
0.587	0.587	0.587
0.588	0.588	0.588
0.589	0.589	0.589
0.59	0.59	0.59
0.591	0.591	0.591
0.592	0.592	0.592
0.593	0.593	0.593
0.594	0.594	0.594
0.595	0.595	0.595
0.596	0.596	0.596
0.597	0.597	0.597
0.598	0.598	0.598
0.599	0.599	0.599
0.6	0.6	0.6
0.601	0.601	0.601
0.602	0.602	0.602
0.603	0.603	0.603
0.604	0.604	0.604
0.605	0.605	0.605
0.606	0.606	0.606
0.607	0.607	0.607
0.608	0.608	0.608
0.609	0.609	0.609
0.61	0.61	0.61
0.611	0.611	0.611
0.612	0.612	0.612
0.613	0.613	0.613
0.614	0.614	0.614
0.615	0.615	0.615
0.616	0.616	0.616
0.617	0.617	0.617
0.618	0.618	0.618
0.619	0.619	0.619
0.62	0.62	0.62
0.621	0.621	0.621
0.622	0.622	0.622
0.623	0.623	0.623
0.624	0.624	0.624
0.625	0.625	0.625
0.626	0.626	0.626
0.627	0.627	0.627
0.628	0.628	0.628
0.629	0.629	0.629
0.63	0.63	0.63
0.631	0.631	0.631
0.632	0.632	0.632
0.633	0.633	0.633
0.634	0.634	0.634
0.635	0.635	0.635
0.636	0.636	0.636
0.637	0.637	0.637
0.638	0.638	0.638
0.639	0.639	0.639
0.64	0.64	0.64
0.641	0.641	0.641
0.642	0.642	0.642
0.643	0.643	0.643
0.644	0.644	0.644
0.645	0.645	0.645
0.646	0.646	0.646
0.647	0.647	0.647
0.648	0.648	0.648
0.649	0.649	0.649
0.65	0.65	0.65
0.651	0.651	0.651
0.652	0.652	0.652
0.653	0.653	0.653
0.654	0.654	0.654
0.655	0.655	0.655
0.656	0.656	0.656
0.657	0.657	0.657
0.658	0.658	0.658
0.659	0.659	0.659
0.66	0.66	0.66
0.661	0.661	0.661
0.662	0.662	0.662
0.663	0.663	0.663
0.664	0.664	0.664
0.665	0.665	0.665
0.666	0.666	0.666
0.667	0.667	0.667
0.668	0.668	0.668
0.669	0.669	0.669
0.67	0.67	0.67
0.671	0.671	0.671
0.672	0.672	0.672
0.673	0.673	0.673
0.674	0.674	0.674
0.675	0.675	0.675
0.676	0.676	0.676
0.677	0.677	0.677
0.678	0.678	0.678
0.679	0.679	0.679
0.68	0.68	0.68
0.681	0.681	0.681
0.682	0.682	0.682
0.683	0.683	0.683
0.684	0.684	0.684
0.685	0.685	0.685
0.686	0.686	0.686
0.687	0.687	0.687
0.688	0.688	0.688
0.689	0.689	0.689
0.69	0.69	0.69
0.691	0.691	0.691
0.692	0.692	0.692
0.693	0.693	0.693
0.694	0.694	0.694
0.695	0.695	0.695
0.696	0.696	0.696
0.697	0.697	0.697
0.698	0.698	0.698
0.699	0.699	0.699
0.7	0.7	0.7
0.701	0.701	0.701
0.702	0.702	0.702
0.703	0.703	0.703
0.704	0.704	0.704
0.705	0.705	0.705
0.706	0.706	0.706
0.707	0.707	0.707
0.708	0.708	0.708
0.709	0.709	0.709
0.71	0.71	0.71
0.711	0.711	0.711
0.712	0.712	0.712
0.713	0.713	0.713
0.714	0.714	0.714
0.715	0.715	0.715
0.716	0.716	0.716
0.717	0.717	0.717
0.718	0.718	0.718
0.719	0.719	0.719
0.72	0.72	0.72
0.721	0.721	0.721
0.722	0.722	0.722
0.723	0.723	0.723
0.724	0.724	0.724
0.725	0.725	0.725
0.726	0.726	0.726
0.727	0.727	0.727
0.728	0.728	0.728
0.729	0.729	0.729
0.73	0.73	0.73
0.731	0.731	0.731
0.732	0.732	0.732
0.733	0.733	0.733
0.734	0.734	0.734
0.735	0.735	0.735
0.736	0.736	0.736
0.737	0.737	0.737
0.738	0.738	0.738
0.739	0.739	0.739
0.74	0.74	0.74
0.741	0.741	0.741
0.742	0.742	0.742
0.743	0.743	0.743
0.744	0.744	0.744
0.745	0.745	0.745
0.746	0.746	0.746
0.747	0.747	0.747
0.748	0.748	0.748
0.749	0.749	0.749
0.75	0.75	0.75
0.751	0.751	0.751
0.752	0.752	0.752
0.753	0.753	0.753
0.754	0.754	0.754
0.755	0.755	0.755
0.756	0.756	0.756
0.757	0.757	0.757
0.758	0.758	0.758
0.759	0.759	0.759
0.76	0.76	0.76
0.761	0.761	0.761
0.762	0.762	0.762
0.763	0.763	0.763
0.764	0.764	0.764
0.765	0.765	0.765
0.766	0.766	0.766
0.767	0.767	0.767
0.768	0.768	0.768
0.769	0.769	0.769
0.77	0.77	0.77
0.771	0.771	0.771
0.772	0.772	0.772
0.773	0.773	0.773
0.774	0.774	0.774
0.775	0.775	0.775
0.776	0.776	0.776
0.777	0.777	0.777
0.778	0.778	0.778
0.779	0.779	0.779
0.78	0.78	0.78
0.781	0.781	0.781
0.782	0.782	0.782
0.783	0.783	0.783
0.784	0.784	0.784
0.785	0.785	0.785
0.786	0.786	0.786
0.787	0.787	0.787
0.788	0.788	0.788
0.789	0.789	0.789
0.79	0.79	0.79
0.791	0.791	0.791
0.792	0.792	0.792
0.793	0.793	0.793
0.794	0.794	0.794
0.795	0.795	0.795
0.796	0.796	0.796
0.797	0.797	0.797
0.798	0.798	0.798
0.799	0.799	0.799
0.8	0.8	0.8
0.801	0.801	0.801
0.802	0.802	0.802
0.803	0.803	0.803
0.804	0.804	0.804
0.805	0.805	0.805
0.806	0.806	0.806
0.807	0.807	0.807
0.808	0.808	0.808
0.809	0.809	0.809
0.81	0.81	0.81
0.811	0.811	0.811
0.812	0.812	0.812
0.813	0.813	0.813
0.814	0.814	0.814
0.815	0.815	0.815
0.816	0.816	0.816
0.817	0.817	0.817
0.818	0.818	0.818
0.819	0.819	0.819
0.82	0.82	0.82
0.821	0.821	0.821
0.822	0.822	0.822
0.823	0.823	0.823
0.824	0.824	0.824
0.825	0.825	0.825
0.826	0.826	0.826
0.827	0.827	0.827
0.828	0.828	0.828
0.829	0.829	0.829
0.83	0.83	0.83
0.831	0.831	0.831
0.832	0.832	0.832
0.833	0.833	0.833
0.834	0.834	0.834
0.835	0.835	0.835
0.836	0.836	0.836
0.837	0.837	0.837
0.838	0.838	0.838
0.839	0.839	0.839
0.84	0.84	0.84
0.841	0.841	0.841
0.842	0.842	0.842
0.843	0.843	0.843
0.844	0.844	0.844
0.845	0.845	0.845
0.846	0.846	0.846
0.847	0.847	0.847
0.848	0.848	0.848
0.849	0.849	0.849
0.85	0.85	0.85
0.851	0.851	0.851
0.852	0.852	0.852
0.853	0.853	0.853
0.854	0.854	0.854
0.855	0.855	0.855
0.856	0.856	0.856
0.857	0.857	0.857
0.858	0.858	0.858
0.859	0.859	0.859
0.86	0.86	0.86
0.861	0.861	0.861
0.862	0.862	0.862
0.863	0.863	0.863
0.864	0.864	0.864
0.865	0.865	0.865
0.866	0.866	0.866
0.867	0.867	0.867
0.868	0.868	0.868
0.869	0.869	0.869
0.87	0.87	0.87
0.871	0.871	0.871
0.872	0.872	0.872
0.873	0.873	0.873
0.874	0.874	0.874
0.875	0.875	0.875
0.876	0.876	0.876
0.877	0.877	0.877
0.878	0.878	0.878
0.879	0.879	0.879
0.88	0.88	0.88
0.881	0.881	0.881
0.882	0.882	0.882
0.883	0.883	0.883
0.884	0.884	0.884
0.885	0.885	0.885
0.886	0.886	0.886
0.887	0.887	0.887
0.888	0.888	0.888
0.889	0.889	0.889
0.89	0.89	0.89
0.891	0.891	0.891
0.892	0.892	0.892
0.893	0.893	0.893
0.894	0.894	0.894
0.895	0.895	0.895
0.896	0.896	0.896
0.897	0.897	0.897
0.898	0.898	0.898
0.899	0.899	0.899
0.9	0.9	0.9
0.901	0.901	0.901
0.902	0.902	0.902
0.903	0.903	0.903
0.904	0.904	0.904
0.905	0.905	0.905
0.906	0.906	0.906
0.907	0.907	0.907
0.908	0.908	0.908
0.909	0.909	0.909
0.91	0.91	0.91
0.911	0.911	0.911
0.912	0.912	0.912
0.913	0.913	0.913
0.914	0.914	0.914
0.915	0.915	0.915
0.916	0.916	0.916
0.917	0.917	0.917
0.918	0.918	0.918
0.919	0.919	0.919
0.92	0.92	0.92
0.921	0.921	0.921
0.922	0.922	0.922
0.923	0.923	0.923
0.924	0.924	0.924
0.925	0.925	0.925
0.926	0.926	0.926
0.927	0.927	0.927
0.928	0.928	0.928
0.929	0.929	0.929
0.93	0.93	0.93
0.931	0.931	0.931
0.932	0.932	0.932
0.933	0.933	0.933
0.934	0.934	0.934
0.935	0.935	0.935
0.936	0.936	0.936
0.937	0.937	0.937
0.938	0.938	0.938
0.939	0.939	0.939
0.94	0.94	0.94
0.941	0.941	0.941
0.942	0.942	0.942
0.943	0.943	0.943
0.944	0.944	0.944
0.945	0.945	0.945
0.946	0.946	0.946
0.947	0.947	0.947
0.948	0.948	0.948
0.949	0.949	0.949
0.95	0.95	0.95
0.951	0.951	0.951
0.952	0.952	0.952
0.953	0.953	0.953
0.954	0.954	0.954
0.955	0.955	0.955
0.956	0.956	0.956
0.957	0.957	0.957
0.958	0.958	0.958
0.959	0.959	0.959
0.96	0.96	0.96
0.961	0.961	0.961
0.962	0.962	0.962
0.963	0.963	0.963
0.964	0.964	0.964
0.965	0.965	0.965
0.966	0.966	0.966
0.967	0.967	0.967
0.968	0.968	0.968
0.969	0.969	0.969
0.97	0.97	0.97
0.971	0.971	0.971
0.972	0.972	0.972
0.973	0.973	0.973
0.974	0.974	0.974
0.975	0.975	0.975
0.976	0.976	0.976
0.977	0.977	0.977
0.978	0.978	0.978
0.979	0.979	0.979
0.98	0.98	0.98
0.981	0.981	0.981
0.982	0.982	0.982
0.983	0.983	0.983
0.984	0.984	0.984
0.985	0.985	0.985
0.986	0.986	0.986
0.987	0.987	0.987
0.988	0.988	0.988
0.989	0.989	0.989
0.99	0.99	0.99
0.991	0.991	0.991
0.992	0.992	0.992
0.993	0.993	0.993
0.994	0.994	0.994
0.995	0.995	0.995
0.996	0.996	0.996
0.997	0.997	0.997
0.998	0.998	0.998
0.999	0.999	0.999
1	1	1
1.001	1.001	1.001
1.002	1.002	1.002
1.003	1.003	1.003
1.004	1.004	1.004
1.005	1.005	1.005
1.006	1.006	1.006
1.007	1.007	1.007
1.008	1.008	1.008
1.009	1.009	1.009
1.01	1.01	1.01
1.011	1.011	1.011
1.012	1.012	1.012
1.013	1.013	1.013
1.014	1.014	1.014
1.015	1.015	1.015
1.016	1.016	1.016
1.017	1.017	1.017
1.018	1.018	1.018
1.019	1.019	1.019
1.02	1.02	1.02
1.021	1.021	1.021
1.022	1.022	1.022
1.023	1.023	1.023
1.024	1.024	1.024
1.025	1.025	1.025
1.026	1.026	1.026
1.027	1.027	1.027
1.028	1.028	1.028
1.029	1.029	1.029
1.03	1.03	1.03
1.031	1.031	1.031
1.032	1.032	1.032
1.033	1.033	1.033
1.034	1.034	1.034
1.035	1.035	1.035
1.036	1.036	1.036
1.037	1.037	1.037
1.038	1.038	1.038
1.039	1.039	1.039
1.04	1.04	1.04
1.041	1.041	1.041
1.042	1.042	1.042
1.043	1.043	1.043
1.044	1.044	1.044
1.045	1.045	1.045
1.046	1.046	1.046
1.047	1.047	1.047
1.048	1.048	1.048
1.049	1.049	1.049
1.05	1.05	1.05
1.051	1.051	1.051
1.052	1.052	1.052
1.053	1.053	1.053
1.054	1.054	1.054
1.055	1.055	1.055
1.056	1.056	1.056
1.057	1.057	1.057
1.058	1.058	1.058
1.059	1.059	1.059
1.06	1.06	1.06
1.061	1.061	1.061
1.062	1.062	1.062
1.063	1.063	1.063
1.064	1.064	1.064
1.065	1.065	1.065
1.066	1.066	1.066
1.067	1.067	1.067
1.068	1.068	1.068
1.069	1.069	1.069
1.07	1.07	1.07
1.071	1.071	1.071
1.072	1.072	1.072
1.073	1.073	1.073
1.074	1.074	1.074
1.075	1.075	1.075
1.076	1.076	1.076
1.077	1.077	1.077
1.078	1.078	1.078
1.079	1.079	1.079
1.08	1.08	1.08
1.081	1.081	1.081
1.082	1.082	1.082
1.083	1.083	1.083
1.084	1.084	1.084
1.085	1.085	1.085
1.086	1.086	1.086
1.087	1.087	1.087
1.088	1.088	1.088
1.089	1.089	1.089
1.09	1.09	1.09
1.091	1.091	1.091
1.092	1.092	1.092
1.093	1.093	1.093
1.094	1.094	1.094
1.095	1.095	1.095
1.096	1.096	1.096
1.097	1.097	1.097
1.098	1.098	1.098
1.099	1.099	1.099
1.1	1.1	1.1
1.101	1.101	1.101
1.102	1.102	1.102
1.103	1.103	1.103
1.104	1.104	1.104
1.105	1.105	1.105
1.106	1.106	1.106
1.107	1.107	1.107
1.108	1.108	1.108
1.109	1.109	1.109
1.11	1.11	1.11
1.111	1.111	1.111
1.112	1.112	1.112
1.113	1.113	1.113
1.114	1.114	1.114
1.115	1.115	1.115
1.116	1.116	1.116
1.117	1.117	1.117
1.118	1.118	1.118
1.119	1.119	1.119
1.12	1.12	1.12
1.121	1.121	1.121
1.122	1.122	1.122
1.123	1.123	1.123
1.124	1.124	1.124
1.125	1.125	1.125
1.126	1.126	1.126
1.127	1.127	1.127
1.128	1.128	1.128
1.129	1.129	1.129
1.13	1.13	1.13
1.131	1.131	1.131
1.132	1.132	1.132
1.133	1.133	1.133
1.134	1.134	1.134
1.135	1.135	1.135
1.136	1.136	1.136
1.137	1.137	1.137
1.138	1.138	1.138
1.139	1.139	1.139
1.14	1.14	1.14
1.141	1.141	1.141
1.142	1.142	1.142
1.143	1.143	1.143
1.144	1.144	1.144
1.145	1.145	1.145
1.146	1.146	1.146
1.147	1.147	1.147
1.148	1.148	1.148
1.149	1.149	1.149
1.15	1.15	1.15
1.151	1.151	1.151
1.152	1.152	1.152
1.153	1.153	1.153
1.154	1.154	1.154
1.155	1.155	1.155
1.156	1.156	1.156
1.157	1.157	1.157
1.158	1.158	1.158
1.159	1.159	1.159
1.16	1.16	1.16
1.161	1.161	1.161
1.162	1.162	1.162
1.163	1.163	1.163
1.164	1.164	1.164
1.165	1.165	1.165
1.166	1.166	1.166
1.167	1.167	1.167
1.168	1.168	1.168
1.169	1.169	1.169
1.17	1.17	1.17
1.171	1.171	1.171
1.172	1.172	1.172
1.173	1.173	1.173
1.174	1.174	1.174
1.175	1.175	1.175
1.176	1.176	1.176
1.177	1.177	1.177
1.178	1.178	1.178
1.179	1.179	1.179
1.18	1.18	1.18
1.181	1.181	1.181
1.182	1.182	1.182
1.183	1.183	1.183
1.184	1.184	1.184
1.185	1.185	1.185
1.186	1.186	1.186
1.187	1.187	1.187
1.188	1.188	1.188
1.189	1.189	1.189
1.19	1.19	1.19
1.191	1.191	1.191
1.192	1.192	1.192
1.193	1.193	1.193
1.194	1.194	1.194
1.195	1.195	1.195
1.196	1.196	1.196
1.197	1.197	1.197
1.198	1.198	1.198
1.199	1.199	1.199
1.2	1.2	1.2
1.201	1.201	1.201
1.202	1.202	1.202
1.203	1.203	1.203
1.204	1.204	1.204
1.205	1.205	1.205
1.206	1.206	1.206
1.207	1.207	1.207
1.208	1.208	1.208
1.209	1.209	1.209
1.21	1.21	1.21
1.211	1.211	1.211
1.212	1.212	1.212
1.213	1.213	1.213
1.214	1.214	1.214
1.215	1.215	1.215
1.216	1.216	1.216
1.217	1.217	1.217
1.218	1.218	1.218
1.219	1.219	1.219
1.22	1.22	1.22
1.221	1.221	1.221
1.222	1.222	1.222
1.223	1.223	1.223
1.224	1.224	1.224
1.225	1.225	1.225
1.226	1.226	1.226
1.227	1.227	1.227
1.228	1.228	1.228
1.229	1.229	1.229
1.23	1.23	1.23
1.231	1.231	1.231
1.232	1.232	1.232
1.233	1.233	1.233
1.234	1.234	1.234
1.235	1.235	1.235
1.236	1.236	1.236
1.237	1.237	1.237
1.238	1.238	1.238
1.239	1.239	1.239
1.24	1.24	1.24
1.241	1.241	1.241
1.242	1.242	1.242
1.243	1.243	1.243
1.244	1.244	1.244
1.245	1.245	1.245
1.246	1.246	1.246
1.247	1.247	1.247
1.248	1.248	1.248
1.249	1.249	1.249
1.25	1.25	1.25
1.251	1.251	1.251
1.252	1.252	1.252
1.253	1.253	1.253
1.254	1.254	1.254
1.255	1.255	1.255
1.256	1.256	1.256
1.257	1.257	1.257
1.258	1.258	1.258
1.259	1.259	1.259
1.26	1.26	1.26
1.261	1.261	1.261
1.262	1.262	1.262
1.263	1.263	1.263
1.264	1.264	1.264
1.265	1.265	1.265
1.266	1.266	1.266
1.267	1.267	1.267
1.268	1.268	1.268
1.269	1.269	1.269
1.27	1.27	1.27
1.271	1.271	1.271
1.272	1.272	1.272
1.273	1.273	1.273
1.274	1.274	1.274
1.275	1.275	1.275
1.276	1.276	1.276
1.277	1.277	1.277
1.278	1.278	1.278
1.279	1.279	1.279
1.28	1.28	1.28
1.281	1.281	1.281
1.282	1.282	1.282
1.283	1.283	1.283
1.284	1.284	1.284
1.285	1.285	1.285
1.286	1.286	1.286
1.287	1.287	1.287
1.288	1.288	1.288
1.289	1.289	1.289
1.29	1.29	1.29
1.291	1.291	1.291
1.292	1.292	1.292
1.293	1.293	1.293
1.294	1.294	1.294
1.295	1.295	1.295
1.296	1.296	1.296
1.297	1.297	1.297
1.298	1.298	1.298
1.299	1.299	1.299
1.3	1.3	1.3
1.301	1.301	1.301
1.302	1.302	1.302
1.303	1.303	1.303
1.304	1.304	1.304
1.305	1.305	1.305
1.306	1.306	1.306
1.307	1.307	1.307
1.308	1.308	1.308
1.309	1.309	1.309
1.31	1.31	1.31
1.311	1.311	1.311
1.312	1.312	1.312
1.313	1.313	1.313
1.314	1.314	1.314
1.315	1.315	1.315
1.316	1.316	1.316
1.317	1.317	1.317
1.318	1.318	1.318
1.319	1.319	1.319
1.32	1.32	1.32
1.321	1.321	1.321
1.322	1.322	1.322
1.323	1.323	1.323
1.324	1.324	1.324
1.325	1.325	1.325
1.326	1.326	1.326
1.327	1.327	1.327
1.328	1.328	1.328
1.329	1.329	1.329
1.33	1.33	1.33
1.331	1.331	1.331
1.332	1.332	1.332
1.333	1.333	1.333
1.334	1.334	1.334
1.335	1.335	1.335
1.336	1.336	1.336
1.337	1.337	1.337
1.338	1.338	1.338
1.339	1.339	1.339
1.34	1.34	1.34
1.341	1.341	1.341
1.342	1.342	1.342
1.343	1.343	1.343
1.344	1.344	1.344
1.345	1.345	1.345
1.346	1.346	1.346
1.347	1.347	1.347
1.348	1.348	1.348
1.349	1.349	1.349
1.35	1.35	1.35
1.351	1.351	1.351
1.352	1.352	1.352
1.353	1.353	1.353
1.354	1.354	1.354
1.355	1.355	1.355
1.356	1.356	1.356
1.357	1.357	1.357
1.358	1.358	1.358
1.359	1.359	1.359
1.36	1.36	1.36
1.361	1.361	1.361
1.362	1.362	1.362
1.363	1.363	1.363
1.364	1.364	1.364
1.365	1.365	1.365
1.366	1.366	1.366
1.367	1.367	1.367
1.368	1.368	1.368
1.369	1.369	1.369
1.37	1.37	1.37
1.371	1.371	1.371
1.372	1.372	1.372
1.373	1.373	1.373
1.374	1.374	1.374
1.375	1.375	1.375
1.376	1.376	1.376
1.377	1.377	1.377
1.378	1.378	1.378
1.379	1.379	1.379
1.38	1.38	1.38
1.381	1.381	1.381
1.382	1.382	1.382
1.383	1.383	1.383
1.384	1.384	1.384
1.385	1.385	1.385
1.386	1.386	1.386
1.387	1.387	1.387
1.388	1.388	1.388
1.389	1.389	1.389
1.39	1.39	1.39
1.391	1.391	1.391
1.392	1.392	1.392
1.393	1.393	1.393
1.394	1.394	1.394
1.395	1.395	1.395
1.396	1.396	1.396
1.397	1.397	1.397
1.398	1.398	1.398
1.399	1.399	1.399
1.4	1.4	1.4
1.401	1.401	1.401
1.402	1.402	1.402
1.403	1.403	1.403
1.404	1.404	1.404
1.405	1.405	1.405
1.406	1.406	1.406
1.407	1.407	1.407
1.408	1.408	1.408
1.409	1.409	1.409
1.41	1.41	1.41
1.411	1.411	1.411
1.412	1.412	1.412
1.413	1.413	1.413
1.414	1.414	1.414
1.415	1.415	1.415
1.416	1.416	1.416
1.417	1.417	1.417
1.418	1.418	1.418
1.419	1.419	1.419
1.42	1.42	1.42
1.421	1.421	1.421
1.422	1.422	1.422
1.423	1.423	1.423
1.424	1.424	1.424
1.425	1.425	1.425
1.426	1.426	1.426
1.427	1.427	1.427
1.428	1.428	1.428
1.429	1.429	1.429
1.43	1.43	1.43
1.431	1.431	1.431
1.432	1.432	1.432
1.433	1.433	1.433
1.434	1.434	1.434
1.435	1.435	1.435
1.436	1.436	1.436
1.437	1.437	1.437
1.438	1.438	1.438
1.439	1.439	1.439
1.44	1.44	1.44
1.441	1.441	1.441
1.442	1.442	1.442
1.443	1.443	1.443
1.444	1.444	1.444
1.445	1.445	1.445
1.446	1.446	1.446
1.447	1.447	1.447
1.448	1.448	1.448
1.449	1.449	1.449
1.45	1.45	1.45
1.451	1.451	1.451
1.452	1.452	1.452
1.453	1.453	1.453
1.454	1.454	1.454
1.455	1.455	1.455
1.456	1.456	1.456
1.457	1.457	1.457
1.458	1.458	1.458
1.459	1.459	1.459
1.46	1.46	1.46
1.461	1.461	1.461
1.462	1.462	1.462
1.463	1.463	1.463
1.464	1.464	1.464
1.465	1.465	1.465
1.466	1.466	1.466
1.467	1.467	1.467
1.468	1.468	1.468
1.469	1.469	1.469
1.47	1.47	1.47
1.471	1.471	1.471
1.472	1.472	1.472
1.473	1.473	1.473
1.474	1.474	1.474
1.475	1.475	1.475
1.476	1.476	1.476
1.477	1.477	1.477
1.478	1.478	1.478
1.479	1.479	1.479
1.48	1.48	1.48
1.481	1.481	1.481
1.482	1.482	1.482
1.483	1.483	1.483
1.484	1.484	1.484
1.485	1.485	1.485
1.486	1.486	1.486
1.487	1.487	1.487
1.488	1.488	1.488
1.489	1.489	1.489
1.49	1.49	1.49
1.491	1.491	1.491
1.492	1.492	1.492
1.493	1.493	1.493
1.494	1.494	1.494
1.495	1.495	1.495
1.496	1.496	1.496
1.497	1.497	1.497
1.498	1.498	1.498
1.499	1.499	1.499
1.5	1.5	1.5
1.501	1.501	1.501
1.502	1.502	1.502
1.503	1.503	1.503
1.504	1.504	1.504
1.505	1.505	1.505
1.506	1.506	1.506
1.507	1.507	1.507
1.508	1.508	1.508
1.509	1.509	1.509
1.51	1.51	1.51
1.511	1.511	1.511
1.512	1.512	1.512
1.513	1.513	1.513
1.514	1.514	1.514
1.515	1.515	1.515
1.516	1.516	1.516
1.517	1.517	1.517
1.518	1.518	1.518
1.519	1.519	1.519
1.52	1.52	1.52
1.521	1.521	1.521
1.522	1.522	1.522
1.523	1.523	1.523
1.524	1.524	1.524
1.525	1.525	1.525
1.526	1.526	1.526
1.527	1.527	1.527
1.528	1.528	1.528
1.529	1.529	1.529
1.53	1.53	1.53
1.531	1.531	1.531
1.532	1.532	1.532
1.533	1.533	1.533
1.534	1.534	1.534
1.535	1.535	1.535
1.536	1.536	1.536
1.537	1.537	1.537
1.538	1.538	1.538
1.539	1.539	1.539
1.54	1.54	1.54
1.541	1.541	1.541
1.542	1.542	1.542
1.543	1.543	1.543
1.544	1.544	1.544
1.545	1.545	1.545
1.546	1.546	1.546
1.547	1.547	1.547
1.548	1.548	1.548
1.549	1.549	1.549
1.55	1.55	1.55
1.551	1.551	1.551
1.552	1.552	1.552
1.553	1.553	1.553
1.554	1.554	1.554
1.555	1.555	1.555
1.556	1.556	1.556
1.557	1.557	1.557
1.558	1.558	1.558
1.559	1.559	1.559
1.56	1.56	1.56
1.561	1.561	1.561
1.562	1.562	1.562
1.563	1.563	1.563
1.564	1.564	1.564
1.565	1.565	1.565
1.566	1.566	1.566
1.567	1.567	1.567
1.568	1.568	1.568
1.569	1.569	1.569
1.57	1.57	1.57
1.571	1.571	1.571
1.572	1.572	1.572
1.573	1.573	1.573
1.574	1.574	1.574
1.575	1.575	1.575
1.576	1.576	1.576
1.577	1.577	1.577
1.578	1.578	1.578
1.579	1.579	1.579
1.58	1.58	1.58
1.581	1.581	1.581
1.582	1.582	1.582
1.583	1.583	1.583
1.584	1.584	1.584
1.585	1.585	1.585
1.586	1.586	1.586
1.587	1.587	1.587
1.588	1.588	1.588
1.589	1.589	1.589
1.59	1.59	1.59
1.591	1.591	1.591
1.592	1.592	1.592
1.593	1.593	1.593
1.594	1.594	1.594
1.595	1.595	1.595
1.596	1.596	1.596
1.597	1.597	1.597
1.598	1.598	1.598
1.599	1.599	1.599
1.6	1.6	1.6
1.601	1.601	1.601
1.602	1.602	1.602
1.603	1.603	1.603
1.604	1.604	1.604
1.605	1.605	1.605
1.606	1.606	1.606
1.607	1.607	1.607
1.608	1.608	1.608
1.609	1.609	1.609
1.61	1.61	1.61
1.611	1.611	1.611
1.612	1.612	1.612
1.613	1.613	1.613
1.614	1.614	1.614
1.615	1.615	1.615
1.616	1.616	1.616
1.617	1.617	1.617
1.618	1.618	1.618
1.619	1.619	1.619
1.62	1.62	1.62
1.621	1.621	1.621
1.622	1.622	1.622
1.623	1.623	1.623
1.624	1.624	1.624
1.625	1.625	1.625
1.626	1.626	1.626
1.627	1.627	1.627
1.628	1.628	1.628
1.629	1.629	1.629
1.63	1.63	1.63
1.631	1.631	1.631
1.632	1.632	1.632
1.633	1.633	1.633
1.634	1.634	1.634
1.635	1.635	1.635
1.636	1.636	1.636
1.637	1.637	1.637
1.638	1.638	1.638
1.639	1.639	1.639
1.64	1.64	1.64
1.641	1.641	1.641
1.642	1.642	1.642
1.643	1.643	1.643
1.644	1.644	1.644
1.645	1.645	1.645
1.646	1.646	1.646
1.647	1.647	1.647
1.648	1.648	1.648
1.649	1.649	1.649
1.65	1.65	1.65
1.651	1.651	1.651
1.652	1.652	1.652
1.653	1.653	1.653
1.654	1.654	1.654
1.655	1.655	1.655
1.656	1.656	1.656
1.657	1.657	1.657
1.658	1.658	1.658
1.659	1.659	1.659
1.66	1.66	1.66
1.661	1.661	1.661
1.662	1.662	1.662
1.663	1.663	1.663
1.664	1.664	1.664
1.665	1.665	1.665
1.666	1.666	1.666
1.667	1.667	1.667
1.668	1.668	1.668
1.669	1.669	1.669
1.67	1.67	1.67
1.671	1.671	1.671
1.672	1.672	1.672
1.673	1.673	1.673
1.674	1.674	1.674
1.675	1.675	1.675
1.676	1.676	1.676
1.677	1.677	1.677
1.678	1.678	1.678
1.679	1.679	1.679
1.68	1.68	1.68
1.681	1.681	1.681
1.682	1.682	1.682
1.683	1.683	1.683
1.684	1.684	1.684
1.685	1.685	1.685
1.686	1.686	1.686
1.687	1.687	1.687
1.688	1.688	1.688
1.689	1.689	1.689
1.69	1.69	1.69
1.691	1.691	1.691
1.692	1.692	1.692
1.693	1.693	1.693
1.694	1.694	1.694
1.695	1.695	1.695
1.696	1.696	1.696
1.697	1.697	1.697
1.698	1.698	1.698
1.699	1.699	1.699
1.7	1.7	1.7
1.701	1.701	1.701
1.702	1.702	1.702
1.703	1.703	1.703
1.704	1.704	1.704
1.705	1.705	1.705
1.706	1.706	1.706
1.707	1.707	1.707
1.708	1.708	1.708
1.709	1.709	1.709
1.71	1.71	1.71
1.711	1.711	1.711
1.712	1.712	1.712
1.713	1.713	1.713
1.714	1.714	1.714
1.715	1.715	1.715
1.716	1.716	1.716
1.717	1.717	1.717
1.718	1.718	1.718
1.719	1.719	1.719
1.72	1.72	1.72
1.721	1.721	1.721
1.722	1.722	1.722
1.723	1.723	1.723
1.724	1.724	1.724
1.725	1.725	1.725
1.726	1.726	1.726
1.727	1.727	1.727
1.728	1.728	1.728
1.729	1.729	1.729
1.73	1.73	1.73
1.731	1.731	1.731
1.732	1.732	1.732
1.733	1.733	1.733
1.734	1.734	1.734
1.735	1.735	1.735
1.736	1.736	1.736
1.737	1.737	1.737
1.738	1.738	1.738
1.739	1.739	1.739
1.74	1.74	1.74
1.741	1.741	1.741
1.742	1.742	1.742
1.743	1.743	1.743
1.744	1.744	1.744
1.745	1.745	1.745
1.746	1.746	1.746
1.747	1.747	1.747
1.748	1.748	1.748
1.749	1.749	1.749
1.75	1.75	1.75
1.751	1.751	1.751
1.752	1.752	1.752
1.753	1.753	1.753
1.754	1.754	1.754
1.755	1.755	1.755
1.756	1.756	1.756
1.757	1.757	1.757
1.758	1.758	1.758
1.759	1.759	1.759
1.76	1.76	1.76
1.761	1.761	1.761
1.762	1.762	1.762
1.763	1.763	1.763
1.764	1.764	1.764
1.765	1.765	1.765
1.766	1.766	1.766
1.767	1.767	1.767
1.768	1.768	1.768
1.769	1.769	1.769
1.77	1.77	1.77
1.771	1.771	1.771
1.772	1.772	1.772
1.773	1.773	1.773
1.774	1.774	1.774
1.775	1.775	1.775
1.776	1.776	1.776
1.777	1.777	1.777
1.778	1.778	1.778
1.779	1.779	1.779
1.78	1.78	1.78
1.781	1.781	1.781
1.782	1.782	1.782
1.783	1.783	1.783
1.784	1.784	1.784
1.785	1.785	1.785
1.786	1.786	1.786
1.787	1.787	1.787
1.788	1.788	1.788
1.789	1.789	1.789
1.79	1.79	1.79
1.791	1.791	1.791
1.792	1.792	1.792
1.793	1.793	1.793
1.794	1.794	1.794
1.795	1.795	1.795
1.796	1.796	1.796
1.797	1.797	1.797
1.798	1.798	1.798
1.799	1.799	1.799
1.8	1.8	1.8
1.801	1.801	1.801
1.802	1.802	1.802
1.803	1.803	1.803
1.804	1.804	1.804
1.805	1.805	1.805
1.806	1.806	1.806
1.807	1.807	1.807
1.808	1.808	1.808
1.809	1.809	1.809
1.81	1.81	1.81
1.811	1.811	1.811
1.812	1.812	1.812
1.813	1.813	1.813
1.814	1.814	1.814
1.815	1.815	1.815
1.816	1.816	1.816
1.817	1.817	1.817
1.818	1.818	1.818
1.819	1.819	1.819
1.82	1.82	1.82
1.821	1.821	1.821
1.822	1.822	1.822
1.823	1.823	1.823
1.824	1.824	1.824
1.825	1.825	1.825
1.826	1.826	1.826
1.827	1.827	1.827
1.828	1.828	1.828
1.829	1.829	1.829
1.83	1.83	1.83
1.831	1.831	1.831
1.832	1.832	1.832
1.833	1.833	1.833
1.834	1.834	1.834
1.835	1.835	1.835
1.836	1.836	1.836
1.837	1.837	1.837
1.838	1.838	1.838
1.839	1.839	1.839
1.84	1.84	1.84
1.841	1.841	1.841
1.842	1.842	1.842
1.843	1.843	1.843
1.844	1.844	1.844
1.845	1.845	1.845
1.846	1.846	1.846
1.847	1.847	1.847
1.848	1.848	1.848
1.849	1.849	1.849
1.85	1.85	1.85
1.851	1.851	1.851
1.852	1.852	1.852
1.853	1.853	1.853
1.854	1.854	1.854
1.855	1.855	1.855
1.856	1.856	1.856
1.857	1.857	1.857
1.858	1.858	1.858
1.859	1.859	1.859
1.86	1.86	1.86
1.861	1.861	1.861
1.862	1.862	1.862
1.863	1.863	1.863
1.864	1.864	1.864
1.865	1.865	1.865
1.866	1.866	1.866
1.867	1.867	1.867
1.868	1.868	1.868
1.869	1.869	1.869
1.87	1.87	1.87
1.871	1.871	1.871
1.872	1.872	1.872
1.873	1.873	1.873
1.874	1.874	1.874
1.875	1.875	1.875
1.876	1.876	1.876
1.877	1.877	1.877
1.878	1.878	1.878
1.879	1.879	1.879
1.88	1.88	1.88
1.881	1.881	1.881
1.882	1.882	1.882
1.883	1.883	1.883
1.884	1.884	1.884
1.885	1.885	1.885
1.886	1.886	1.886
1.887	1.887	1.887
1.888	1.888	1.888
1.889	1.889	1.889
1.89	1.89	1.89
1.891	1.891	1.891
1.892	1.892	1.892
1.893	1.893	1.893
1.894	1.894	1.894
1.895	1.895	1.895
1.896	1.896	1.896
1.897	1.897	1.897
1.898	1.898	1.898
1.899	1.899	1.899
1.9	1.9	1.9
1.901	1.901	1.901
1.902	1.902	1.902
1.903	1.903	1.903
1.904	1.904	1.904
1.905	1.905	1.905
1.906	1.906	1.906
1.907	1.907	1.907
1.908	1.908	1.908
1.909	1.909	1.909
1.91	1.91	1.91
1.911	1.911	1.911
1.912	1.912	1.912
1.913	1.913	1.913
1.914	1.914	1.914
1.915	1.915	1.915
1.916	1.916	1.916
1.917	1.917	1.917
1.918	1.918	1.918
1.919	1.919	1.919
1.92	1.92	1.92
1.921	1.921	1.921
1.922	1.922	1.922
1.923	1.923	1.923
1.924	1.924	1.924
1.925	1.925	1.925
1.926	1.926	1.926
1.927	1.927	1.927
1.928	1.928	1.928
1.929	1.929	1.929
1.93	1.93	1.93
1.931	1.931	1.931
1.932	1.932	1.932
1.933	1.933	1.933
1.934	1.934	1.934
1.935	1.935	1.935
1.936	1.936	1.936
1.937	1.937	1.937
1.938	1.938	1.938
1.939	1.939	1.939
1.94	1.94	1.94
1.941	1.941	1.941
1.942	1.942	1.942
1.943	1.943	1.943
1.944	1.944	1.944
1.945	1.945	1.945
1.946	1.946	1.946
1.947	1.947	1.947
1.948	1.948	1.948
1.949	1.949	1.949
1.95	1.95	1.95
1.951	1.951	1.951
1.952	1.952	1.952
1.953	1.953	1.953
1.954	1.954	1.954
1.955	1.955	1.955
1.956	1.956	1.956
1.957	1.957	1.957
1.958	1.958	1.958
1.959	1.959	1.959
1.96	1.96	1.96
1.961	1.961	1.961
1.962	1.962	1.962
1.963	1.963	1.963
1.964	1.964	1.964
1.965	1.965	1.965
1.966	1.966	1.966
1.967	1.967	1.967
1.968	1.968	1.968
1.969	1.969	1.969
1.97	1.97	1.97
1.971	1.971	1.971
1.972	1.972	1.972
1.973	1.973	1.973
1.974	1.974	1.974
1.975	1.975	1.975
1.976	1.976	1.976
1.977	1.977	1.977
1.978	1.978	1.978
1.979	1.979	1.979
1.98	1.98	1.98
1.981	1.981	1.981
1.982	1.982	1.982
1.983	1.983	1.983
1.984	1.984	1.984
1.985	1.985	1.985
1.986	1.986	1.986
1.987	1.987	1.987
1.988	1.988	1.988
1.989	1.989	1.989
1.99	1.99	1.99
1.991	1.991	1.991
1.992	1.992	1.992
1.993	1.993	1.993
1.994	1.994	1.994
1.995	1.995	1.995
1.996	1.996	1.996
1.997	1.997	1.997
1.998	1.998	1.998
1.999	1.999	1.999
2	2	2
2.001	2.001	2.001
2.002	2.002	2.002
2.003	2.003	2.003
2.004	2.004	2.004
2.005	2.005	2.005
2.006	2.006	2.006
2.007	2.007	2.007
2.008	2.008	2.008
2.009	2.009	2.009
2.01	2.01	2.01
2.011	2.011	2.011
2.012	2.012	2.012
2.013	2.013	2.013
2.014	2.014	2.014
2.015	2.015	2.015
2.016	2.016	2.016
2.017	2.017	2.017
2.018	2.018	2.018
2.019	2.019	2.019
2.02	2.02	2.02
2.021	2.021	2.021
2.022	2.022	2.022
2.023	2.023	2.023
2.024	2.024	2.024
2.025	2.025	2.025
2.026	2.026	2.026
2.027	2.027	2.027
2.028	2.028	2.028
2.029	2.029	2.029
2.03	2.03	2.03
2.031	2.031	2.031
2.032	2.032	2.032
2.033	2.033	2.033
2.034	2.034	2.034
2.035	2.035	2.035
2.036	2.036	2.036
2.037	2.037	2.037
2.038	2.038	2.038
2.039	2.039	2.039
2.04	2.04	2.04
2.041	2.041	2.041
2.042	2.042	2.042
2.043	2.043	2.043
2.044	2.044	2.044
2.045	2.045	2.045
2.046	2.046	2.046
2.047	2.047	2.047
2.048	2.048	2.048
2.049	2.049	2.049
2.05	2.05	2.05
2.051	2.051	2.051
2.052	2.052	2.052
2.053	2.053	2.053
2.054	2.054	2.054
2.055	2.055	2.055
2.056	2.056	2.056
2.057	2.057	2.057
2.058	2.058	2.058
2.059	2.059	2.059
2.06	2.06	2.06
2.061	2.061	2.061
2.062	2.062	2.062
2.063	2.063	2.063
2.064	2.064	2.064
2.065	2.065	2.065
2.066	2.066	2.066
2.067	2.067	2.067
2.068	2.068	2.068
2.069	2.069	2.069
2.07	2.07	2.07
2.071	2.071	2.071
2.072	2.072	2.072
2.073	2.073	2.073
2.074	2.074	2.074
2.075	2.075	2.075
2.076	2.076	2.076
2.077	2.077	2.077
2.078	2.078	2.078
2.079	2.079	2.079
2.08	2.08	2.08
2.081	2.081	2.081
2.082	2.082	2.082
2.083	2.083	2.083
2.084	2.084	2.084
2.085	2.085	2.085
2.086	2.086	2.086
2.087	2.087	2.087
2.088	2.088	2.088
2.089	2.089	2.089
2.09	2.09	2.09
2.091	2.091	2.091
2.092	2.092	2.092
2.093	2.093	2.093
2.094	2.094	2.094
2.095	2.095	2.095
2.096	2.096	2.096
2.097	2.097	2.097
2.098	2.098	2.098
2.099	2.099	2.099
2.1	2.1	2.1
2.101	2.101	2.101
2.102	2.102	2.102
2.103	2.103	2.103
2.104	2.104	2.104
2.105	2.105	2.105
2.106	2.106	2.106
2.107	2.107	2.107
2.108	2.108	2.108
2.109	2.109	2.109
2.11	2.11	2.11
2.111	2.111	2.111
2.112	2.112	2.112
2.113	2.113	2.113
2.114	2.114	2.114
2.115	2.115	2.115
2.116	2.116	2.116
2.117	2.117	2.117
2.118	2.118	2.118
2.119	2.119	2.119
2.12	2.12	2.12
2.121	2.121	2.121
2.122	2.122	2.122
2.123	2.123	2.123
2.124	2.124	2.124
2.125	2.125	2.125
2.126	2.126	2.126
2.127	2.127	2.127
2.128	2.128	2.128
2.129	2.129	2.129
2.13	2.13	2.13
2.131	2.131	2.131
2.132	2.132	2.132
2.133	2.133	2.133
2.134	2.134	2.134
2.135	2.135	2.135
2.136	2.136	2.136
2.137	2.137	2.137
2.138	2.138	2.138
2.139	2.139	2.139
2.14	2.14	2.14
2.141	2.141	2.141
2.142	2.142	2.142
2.143	2.143	2.143
2.144	2.144	2.144
2.145	2.145	2.145
2.146	2.146	2.146
2.147	2.147	2.147
2.148	2.148	2.148
2.149	2.149	2.149
2.15	2.15	2.15
2.151	2.151	2.151
2.152	2.152	2.152
2.153	2.153	2.153
2.154	2.154	2.154
2.155	2.155	2.155
2.156	2.156	2.156
2.157	2.157	2.157
2.158	2.158	2.158
2.159	2.159	2.159
2.16	2.16	2.16
2.161	2.161	2.161
2.162	2.162	2.162
2.163	2.163	2.163
2.164	2.164	2.164
2.165	2.165	2.165
2.166	2.166	2.166
2.167	2.167	2.167
2.168	2.168	2.168
2.169	2.169	2.169
2.17	2.17	2.17
2.171	2.171	2.171
2.172	2.172	2.172
2.173	2.173	2.173
2.174	2.174	2.174
2.175	2.175	2.175
2.176	2.176	2.176
2.177	2.177	2.177
2.178	2.178	2.178
2.179	2.179	2.179
2.18	2.18	2.18
2.181	2.181	2.181
2.182	2.182	2.182
2.183	2.183	2.183
2.184	2.184	2.184
2.185	2.185	2.185
2.186	2.186	2.186
2.187	2.187	2.187
2.188	2.188	2.188
2.189	2.189	2.189
2.19	2.19	2.19
2.191	2.191	2.191
2.192	2.192	2.192
2.193	2.193	2.193
2.194	2.194	2.194
2.195	2.195	2.195
2.196	2.196	2.196
2.197	2.197	2.197
2.198	2.198	2.198
2.199	2.199	2.199
2.2	2.2	2.2
2.201	2.201	2.201
2.202	2.202	2.202
2.203	2.203	2.203
2.204	2.204	2.204
2.205	2.205	2.205
2.206	2.206	2.206
2.207	2.207	2.207
2.208	2.208	2.208
2.209	2.209	2.209
2.21	2.21	2.21
2.211	2.211	2.211
2.212	2.212	2.212
2.213	2.213	2.213
2.214	2.214	2.214
2.215	2.215	2.215
2.216	2.216	2.216
2.217	2.217	2.217
2.218	2.218	2.218
2.219	2.219	2.219
2.22	2.22	2.22
2.221	2.221	2.221
2.222	2.222	2.222
2.223	2.223	2.223
2.224	2.224	2.224
2.225	2.225	2.225
2.226	2.226	2.226
2.227	2.227	2.227
2.228	2.228	2.228
2.229	2.229	2.229
2.23	2.23	2.23
2.231	2.231	2.231
2.232	2.232	2.232
2.233	2.233	2.233
2.234	2.234	2.234
2.235	2.235	2.235
2.236	2.236	2.236
2.237	2.237	2.237
2.238	2.238	2.238
2.239	2.239	2.239
2.24	2.24	2.24
2.241	2.241	2.241
2.242	2.242	2.242
2.243	2.243	2.243
2.244	2.244	2.244
2.245	2.245	2.245
2.246	2.246	2.246
2.247	2.247	2.247
2.248	2.248	2.248
2.249	2.249	2.249
2.25	2.25	2.25
2.251	2.251	2.251
2.252	2.252	2.252
2.253	2.253	2.253
2.254	2.254	2.254
2.255	2.255	2.255
2.256	2.256	2.256
2.257	2.257	2.257
2.258	2.258	2.258
2.259	2.259	2.259
2.26	2.26	2.26
2.261	2.261	2.261
2.262	2.262	2.262
2.263	2.263	2.263
2.264	2.264	2.264
2.265	2.265	2.265
2.266	2.266	2.266
2.267	2.267	2.267
2.268	2.268	2.268
2.269	2.269	2.269
2.27	2.27	2.27
2.271	2.271	2.271
2.272	2.272	2.272
2.273	2.273	2.273
2.274	2.274	2.274
2.275	2.275	2.275
2.276	2.276	2.276
2.277	2.277	2.277
2.278	2.278	2.278
2.279	2.279	2.279
2.28	2.28	2.28
2.281	2.281	2.281
2.282	2.282	2.282
2.283	2.283	2.283
2.284	2.284	2.284
2.285	2.285	2.285
2.286	2.286	2.286
2.287	2.287	2.287
2.288	2.288	2.288
2.289	2.289	2.289
2.29	2.29	2.29
2.291	2.291	2.291
2.292	2.292	2.292
2.293	2.293	2.293
2.294	2.294	2.294
2.295	2.295	2.295
2.296	2.296	2.296
2.297	2.297	2.297
2.298	2.298	2.298
2.299	2.299	2.299
2.3	2.3	2.3
2.301	2.301	2.301
2.302	2.302	2.302
2.303	2.303	2.303
2.304	2.304	2.304
2.305	2.305	2.305
2.306	2.306	2.306
2.307	2.307	2.307
2.308	2.308	2.308
2.309	2.309	2.309
2.31	2.31	2.31
2.311	2.311	2.311
2.312	2.312	2.312
2.313	2.313	2.313
2.314	2.314	2.314
2.315	2.315	2.315
2.316	2.316	2.316
2.317	2.317	2.317
2.318	2.318	2.318
2.319	2.319	2.319
2.32	2.32	2.32
2.321	2.321	2.321
2.322	2.322	2.322
2.323	2.323	2.323
2.324	2.324	2.324
2.325	2.325	2.325
2.326	2.326	2.326
2.327	2.327	2.327
2.328	2.328	2.328
2.329	2.329	2.329
2.33	2.33	2.33
2.331	2.331	2.331
2.332	2.332	2.332
2.333	2.333	2.333
2.334	2.334	2.334
2.335	2.335	2.335
2.336	2.336	2.336
2.337	2.337	2.337
2.338	2.338	2.338
2.339	2.339	2.339
2.34	2.34	2.34
2.341	2.341	2.341
2.342	2.342	2.342
2.343	2.343	2.343
2.344	2.344	2.344
2.345	2.345	2.345
2.346	2.346	2.346
2.347	2.347	2.347
2.348	2.348	2.348
2.349	2.349	2.349
2.35	2.35	2.35
2.351	2.351	2.351
2.352	2.352	2.352
2.353	2.353	2.353
2.354	2.354	2.354
2.355	2.355	2.355
2.356	2.356	2.356
2.357	2.357	2.357
2.358	2.358	2.358
2.359	2.359	2.359
2.36	2.36	2.36
2.361	2.361	2.361
2.362	2.362	2.362
2.363	2.363	2.363
2.364	2.364	2.364
2.365	2.365	2.365
2.366	2.366	2.366
2.367	2.367	2.367
2.368	2.368	2.368
2.369	2.369	2.369
2.37	2.37	2.37
2.371	2.371	2.371
2.372	2.372	2.372
2.373	2.373	2.373
2.374	2.374	2.374
2.375	2.375	2.375
2.376	2.376	2.376
2.377	2.377	2.377
2.378	2.378	2.378
2.379	2.379	2.379
2.38	2.38	2.38
2.381	2.381	2.381
2.382	2.382	2.382
2.383	2.383	2.383
2.384	2.384	2.384
2.385	2.385	2.385
2.386	2.386	2.386
2.387	2.387	2.387
2.388	2.388	2.388
2.389	2.389	2.389
2.39	2.39	2.39
2.391	2.391	2.391
2.392	2.392	2.392
2.393	2.393	2.393
2.394	2.394	2.394
2.395	2.395	2.395
2.396	2.396	2.396
2.397	2.397	2.397
2.398	2.398	2.398
2.399	2.399	2.399
2.4	2.4	2.4
2.401	2.401	2.401
2.402	2.402	2.402
2.403	2.403	2.403
2.404	2.404	2.404
2.405	2.405	2.405
2.406	2.406	2.406
2.407	2.407	2.407
2.408	2.408	2.408
2.409	2.409	2.409
2.41	2.41	2.41
2.411	2.411	2.411
2.412	2.412	2.412
2.413	2.413	2.413
2.414	2.414	2.414
2.415	2.415	2.415
2.416	2.416	2.416
2.417	2.417	2.417
2.418	2.418	2.418
2.419	2.419	2.419
2.42	2.42	2.42
2.421	2.421	2.421
2.422	2.422	2.422
2.423	2.423	2.423
2.424	2.424	2.424
2.425	2.425	2.425
2.426	2.426	2.426
2.427	2.427	2.427
2.428	2.428	2.428
2.429	2.429	2.429
2.43	2.43	2.43
2.431	2.431	2.431
2.432	2.432	2.432
2.433	2.433	2.433
2.434	2.434	2.434
2.435	2.435	2.435
2.436	2.436	2.436
2.437	2.437	2.437
2.438	2.438	2.438
2.439	2.439	2.439
2.44	2.44	2.44
2.441	2.441	2.441
2.442	2.442	2.442
2.443	2.443	2.443
2.444	2.444	2.444
2.445	2.445	2.445
2.446	2.446	2.446
2.447	2.447	2.447
2.448	2.448	2.448
2.449	2.449	2.449
2.45	2.45	2.45
2.451	2.451	2.451
2.452	2.452	2.452
2.453	2.453	2.453
2.454	2.454	2.454
2.455	2.455	2.455
2.456	2.456	2.456
2.457	2.457	2.457
2.458	2.458	2.458
2.459	2.459	2.459
2.46	2.46	2.46
2.461	2.461	2.461
2.462	2.462	2.462
2.463	2.463	2.463
2.464	2.464	2.464
2.465	2.465	2.465
2.466	2.466	2.466
2.467	2.467	2.467
2.468	2.468	2.468
2.469	2.469	2.469
2.47	2.47	2.47
2.471	2.471	2.471
2.472	2.472	2.472
2.473	2.473	2.473
2.474	2.474	2.474
2.475	2.475	2.475
2.476	2.476	2.476
2.477	2.477	2.477
2.478	2.478	2.478
2.479	2.479	2.479
2.48	2.48	2.48
2.481	2.481	2.481
2.482	2.482	2.482
2.483	2.483	2.483
2.484	2.484	2.484
2.485	2.485	2.485
2.486	2.486	2.486
2.487	2.487	2.487
2.488	2.488	2.488
2.489	2.489	2.489
2.49	2.49	2.49
2.491	2.491	2.491
2.492	2.492	2.492
2.493	2.493	2.493
2.494	2.494	2.494
2.495	2.495	2.495
2.496	2.496	2.496
2.497	2.497	2.497
2.498	2.498	2.498
2.499	2.499	2.499
2.5	2.5	2.5
2.501	2.501	2.501
2.502	2.502	2.502
2.503	2.503	2.503
2.504	2.504	2.504
2.505	2.505	2.505
2.506	2.506	2.506
2.507	2.507	2.507
2.508	2.508	2.508
2.509	2.509	2.509
2.51	2.51	2.51
2.511	2.511	2.511
2.512	2.512	2.512
2.513	2.513	2.513
2.514	2.514	2.514
2.515	2.515	2.515
2.516	2.516	2.516
2.517	2.517	2.517
2.518	2.518	2.518
2.519	2.519	2.519
2.52	2.52	2.52
2.521	2.521	2.521
2.522	2.522	2.522
2.523	2.523	2.523
2.524	2.524	2.524
2.525	2.525	2.525
2.526	2.526	2.526
2.527	2.527	2.527
2.528	2.528	2.528
2.529	2.529	2.529
2.53	2.53	2.53
2.531	2.531	2.531
2.532	2.532	2.532
2.533	2.533	2.533
2.534	2.534	2.534
2.535	2.535	2.535
2.536	2.536	2.536
2.537	2.537	2.537
2.538	2.538	2.538
2.539	2.539	2.539
2.54	2.54	2.54
2.541	2.541	2.541
2.542	2.542	2.542
2.543	2.543	2.543
2.544	2.544	2.544
2.545	2.545	2.545
2.546	2.546	2.546
2.547	2.547	2.547
2.548	2.548	2.548
2.549	2.549	2.549
2.55	2.55	2.55
2.551	2.551	2.551
2.552	2.552	2.552
2.553	2.553	2.553
2.554	2.554	2.554
2.555	2.555	2.555
2.556	2.556	2.556
2.557	2.557	2.557
2.558	2.558	2.558
2.559	2.559	2.559
2.56	2.56	2.56
2.561	2.561	2.561
2.562	2.562	2.562
2.563	2.563	2.563
2.564	2.564	2.564
2.565	2.565	2.565
2.566	2.566	2.566
2.567	2.567	2.567
2.568	2.568	2.568
2.569	2.569	2.569
2.57	2.57	2.57
2.571	2.571	2.571
2.572	2.572	2.572
2.573	2.573	2.573
2.574	2.574	2.574
2.575	2.575	2.575
2.576	2.576	2.576
2.577	2.577	2.577
2.578	2.578	2.578
2.579	2.579	2.579
2.58	2.58	2.58
2.581	2.581	2.581
2.582	2.582	2.582
2.583	2.583	2.583
2.584	2.584	2.584
2.585	2.585	2.585
2.586	2.586	2.586
2.587	2.587	2.587
2.588	2.588	2.588
2.589	2.589	2.589
2.59	2.59	2.59
2.591	2.591	2.591
2.592	2.592	2.592
2.593	2.593	2.593
2.594	2.594	2.594
2.595	2.595	2.595
2.596	2.596	2.596
2.597	2.597	2.597
2.598	2.598	2.598
2.599	2.599	2.599
2.6	2.6	2.6
2.601	2.601	2.601
2.602	2.602	2.602
2.603	2.603	2.603
2.604	2.604	2.604
2.605	2.605	2.605
2.606	2.606	2.606
2.607	2.607	2.607
2.608	2.608	2.608
2.609	2.609	2.609
2.61	2.61	2.61
2.611	2.611	2.611
2.612	2.612	2.612
2.613	2.613	2.613
2.614	2.614	2.614
2.615	2.615	2.615
2.616	2.616	2.616
2.617	2.617	2.617
2.618	2.618	2.618
2.619	2.619	2.619
2.62	2.62	2.62
2.621	2.621	2.621
2.622	2.622	2.622
2.623	2.623	2.623
2.624	2.624	2.624
2.625	2.625	2.625
2.626	2.626	2.626
2.627	2.627	2.627
2.628	2.628	2.628
2.629	2.629	2.629
2.63	2.63	2.63
2.631	2.631	2.631
2.632	2.632	2.632
2.633	2.633	2.633
2.634	2.634	2.634
2.635	2.635	2.635
2.636	2.636	2.636
2.637	2.637	2.637
2.638	2.638	2.638
2.639	2.639	2.639
2.64	2.64	2.64
2.641	2.641	2.641
2.642	2.642	2.642
2.643	2.643	2.643
2.644	2.644	2.644
2.645	2.645	2.645
2.646	2.646	2.646
2.647	2.647	2.647
2.648	2.648	2.648
2.649	2.649	2.649
2.65	2.65	2.65
2.651	2.651	2.651
2.652	2.652	2.652
2.653	2.653	2.653
2.654	2.654	2.654
2.655	2.655	2.655
2.656	2.656	2.656
2.657	2.657	2.657
2.658	2.658	2.658
2.659	2.659	2.659
2.66	2.66	2.66
2.661	2.661	2.661
2.662	2.662	2.662
2.663	2.663	2.663
2.664	2.664	2.664
2.665	2.665	2.665
2.666	2.666	2.666
2.667	2.667	2.667
2.668	2.668	2.668
2.669	2.669	2.669
2.67	2.67	2.67
2.671	2.671	2.671
2.672	2.672	2.672
2.673	2.673	2.673
2.674	2.674	2.674
2.675	2.675	2.675
2.676	2.676	2.676
2.677	2.677	2.677
2.678	2.678	2.678
2.679	2.679	2.679
2.68	2.68	2.68
2.681	2.681	2.681
2.682	2.682	2.682
2.683	2.683	2.683
2.684	2.684	2.684
2.685	2.685	2.685
2.686	2.686	2.686
2.687	2.687	2.687
2.688	2.688	2.688
2.689	2.689	2.689
2.69	2.69	2.69
2.691	2.691	2.691
2.692	2.692	2.692
2.693	2.693	2.693
2.694	2.694	2.694
2.695	2.695	2.695
2.696	2.696	2.696
2.697	2.697	2.697
2.698	2.698	2.698
2.699	2.699	2.699
2.7	2.7	2.7
2.701	2.701	2.701
2.702	2.702	2.702
2.703	2.703	2.703
2.704	2.704	2.704
2.705	2.705	2.705
2.706	2.706	2.706
2.707	2.707	2.707
2.708	2.708	2.708
2.709	2.709	2.709
2.71	2.71	2.71
2.711	2.711	2.711
2.712	2.712	2.712
2.713	2.713	2.713
2.714	2.714	2.714
2.715	2.715	2.715
2.716	2.716	2.716
2.717	2.717	2.717
2.718	2.718	2.718
2.719	2.719	2.719
2.72	2.72	2.72
2.721	2.721	2.721
2.722	2.722	2.722
2.723	2.723	2.723
2.724	2.724	2.724
2.725	2.725	2.725
2.726	2.726	2.726
2.727	2.727	2.727
2.728	2.728	2.728
2.729	2.729	2.729
2.73	2.73	2.73
2.731	2.731	2.731
2.732	2.732	2.732
2.733	2.733	2.733
2.734	2.734	2.734
2.735	2.735	2.735
2.736	2.736	2.736
2.737	2.737	2.737
2.738	2.738	2.738
2.739	2.739	2.739
2.74	2.74	2.74
2.741	2.741	2.741
2.742	2.742	2.742
2.743	2.743	2.743
2.744	2.744	2.744
2.745	2.745	2.745
2.746	2.746	2.746
2.747	2.747	2.747
2.748	2.748	2.748
2.749	2.749	2.749
2.75	2.75	2.75
2.751	2.751	2.751
2.752	2.752	2.752
2.753	2.753	2.753
2.754	2.754	2.754
2.755	2.755	2.755
2.756	2.756	2.756
2.757	2.757	2.757
2.758	2.758	2.758
2.759	2.759	2.759
2.76	2.76	2.76
2.761	2.761	2.761
2.762	2.762	2.762
2.763	2.763	2.763
2.764	2.764	2.764
2.765	2.765	2.765
2.766	2.766	2.766
2.767	2.767	2.767
2.768	2.768	2.768
2.769	2.769	2.769
2.77	2.77	2.77
2.771	2.771	2.771
2.772	2.772	2.772
2.773	2.773	2.773
2.774	2.774	2.774
2.775	2.775	2.775
2.776	2.776	2.776
2.777	2.777	2.777
2.778	2.778	2.778
2.779	2.779	2.779
2.78	2.78	2.78
2.781	2.781	2.781
2.782	2.782	2.782
2.783	2.783	2.783
2.784	2.784	2.784
2.785	2.785	2.785
2.786	2.786	2.786
2.787	2.787	2.787
2.788	2.788	2.788
2.789	2.789	2.789
2.79	2.79	2.79
2.791	2.791	2.791
2.792	2.792	2.792
2.793	2.793	2.793
2.794	2.794	2.794
2.795	2.795	2.795
2.796	2.796	2.796
2.797	2.797	2.797
2.798	2.798	2.798
2.799	2.799	2.799
2.8	2.8	2.8
2.801	2.801	2.801
2.802	2.802	2.802
2.803	2.803	2.803
2.804	2.804	2.804
2.805	2.805	2.805
2.806	2.806	2.806
2.807	2.807	2.807
2.808	2.808	2.808
2.809	2.809	2.809
2.81	2.81	2.81
2.811	2.811	2.811
2.812	2.812	2.812
2.813	2.813	2.813
2.814	2.814	2.814
2.815	2.815	2.815
2.816	2.816	2.816
2.817	2.817	2.817
2.818	2.818	2.818
2.819	2.819	2.819
2.82	2.82	2.82
2.821	2.821	2.821
2.822	2.822	2.822
2.823	2.823	2.823
2.824	2.824	2.824
2.825	2.825	2.825
2.826	2.826	2.826
2.827	2.827	2.827
2.828	2.828	2.828
2.829	2.829	2.829
2.83	2.83	2.83
2.831	2.831	2.831
2.832	2.832	2.832
2.833	2.833	2.833
2.834	2.834	2.834
2.835	2.835	2.835
2.836	2.836	2.836
2.837	2.837	2.837
2.838	2.838	2.838
2.839	2.839	2.839
2.84	2.84	2.84
2.841	2.841	2.841
2.842	2.842	2.842
2.843	2.843	2.843
2.844	2.844	2.844
2.845	2.845	2.845
2.846	2.846	2.846
2.847	2.847	2.847
2.848	2.848	2.848
2.849	2.849	2.849
2.85	2.85	2.85
2.851	2.851	2.851
2.852	2.852	2.852
2.853	2.853	2.853
2.854	2.854	2.854
2.855	2.855	2.855
2.856	2.856	2.856
2.857	2.857	2.857
2.858	2.858	2.858
2.859	2.859	2.859
2.86	2.86	2.86
2.861	2.861	2.861
2.862	2.862	2.862
2.863	2.863	2.863
2.864	2.864	2.864
2.865	2.865	2.865
2.866	2.866	2.866
2.867	2.867	2.867
2.868	2.868	2.868
2.869	2.869	2.869
2.87	2.87	2.87
2.871	2.871	2.871
2.872	2.872	2.872
2.873	2.873	2.873
2.874	2.874	2.874
2.875	2.875	2.875
2.876	2.876	2.876
2.877	2.877	2.877
2.878	2.878	2.878
2.879	2.879	2.879
2.88	2.88	2.88
2.881	2.881	2.881
2.882	2.882	2.882
2.883	2.883	2.883
2.884	2.884	2.884
2.885	2.885	2.885
2.886	2.886	2.886
2.887	2.887	2.887
2.888	2.888	2.888
2.889	2.889	2.889
2.89	2.89	2.89
2.891	2.891	2.891
2.892	2.892	2.892
2.893	2.893	2.893
2.894	2.894	2.894
2.895	2.895	2.895
2.896	2.896	2.896
2.897	2.897	2.897
2.898	2.898	2.898
2.899	2.899	2.899
2.9	2.9	2.9
2.901	2.901	2.901
2.902	2.902	2.902
2.903	2.903	2.903
2.904	2.904	2.904
2.905	2.905	2.905
2.906	2.906	2.906
2.907	2.907	2.907
2.908	2.908	2.908
2.909	2.909	2.909
2.91	2.91	2.91
2.911	2.911	2.911
2.912	2.912	2.912
2.913	2.913	2.913
2.914	2.914	2.914
2.915	2.915	2.915
2.916	2.916	2.916
2.917	2.917	2.917
2.918	2.918	2.918
2.919	2.919	2.919
2.92	2.92	2.92
2.921	2.921	2.921
2.922	2.922	2.922
2.923	2.923	2.923
2.924	2.924	2.924
2.925	2.925	2.925
2.926	2.926	2.926
2.927	2.927	2.927
2.928	2.928	2.928
2.929	2.929	2.929
2.93	2.93	2.93
2.931	2.931	2.931
2.932	2.932	2.932
2.933	2.933	2.933
2.934	2.934	2.934
2.935	2.935	2.935
2.936	2.936	2.936
2.937	2.937	2.937
2.938	2.938	2.938
2.939	2.939	2.939
2.94	2.94	2.94
2.941	2.941	2.941
2.942	2.942	2.942
2.943	2.943	2.943
2.944	2.944	2.944
2.945	2.945	2.945
2.946	2.946	2.946
2.947	2.947	2.947
2.948	2.948	2.948
2.949	2.949	2.949
2.95	2.95	2.95
2.951	2.951	2.951
2.952	2.952	2.952
2.953	2.953	2.953
2.954	2.954	2.954
2.955	2.955	2.955
2.956	2.956	2.956
2.957	2.957	2.957
2.958	2.958	2.958
2.959	2.959	2.959
2.96	2.96	2.96
2.961	2.961	2.961
2.962	2.962	2.962
2.963	2.963	2.963
2.964	2.964	2.964
2.965	2.965	2.965
2.966	2.966	2.966
2.967	2.967	2.967
2.968	2.968	2.968
2.969	2.969	2.969
2.97	2.97	2.97
2.971	2.971	2.971
2.972	2.972	2.972
2.973	2.973	2.973
2.974	2.974	2.974
2.975	2.975	2.975
2.976	2.976	2.976
2.977	2.977	2.977
2.978	2.978	2.978
2.979	2.979	2.979
2.98	2.98	2.98
2.981	2.981	2.981
2.982	2.982	2.982
2.983	2.983	2.983
2.984	2.984	2.984
2.985	2.985	2.985
2.986	2.986	2.986
2.987	2.987	2.987
2.988	2.988	2.988
2.989	2.989	2.989
2.99	2.99	2.99
2.991	2.991	2.991
2.992	2.992	2.992
2.993	2.993	2.993
2.994	2.994	2.994
2.995	2.995	2.995
2.996	2.996	2.996
2.997	2.997	2.997
2.998	2.998	2.998
2.999	2.999	2.999
3	3	3
3.001	3.001	3.001
3.002	3.002	3.002
3.003	3.003	3.003
3.004	3.004	3.004
3.005	3.005	3.005
3.006	3.006	3.006
3.007	3.007	3.007
3.008	3.008	3.008
3.009	3.009	3.009
3.01	3.01	3.01
3.011	3.011	3.011
3.012	3.012	3.012
3.013	3.013	3.013
3.014	3.014	3.014
3.015	3.015	3.015
3.016	3.016	3.016
3.017	3.017	3.017
3.018	3.018	3.018
3.019	3.019	3.019
3.02	3.02	3.02
3.021	3.021	3.021
3.022	3.022	3.022
3.023	3.023	3.023
3.024	3.024	3.024
3.025	3.025	3.025
3.026	3.026	3.026
3.027	3.027	3.027
3.028	3.028	3.028
3.029	3.029	3.029
3.03	3.03	3.03
3.031	3.031	3.031
3.032	3.032	3.032
3.033	3.033	3.033
3.034	3.034	3.034
3.035	3.035	3.035
3.036	3.036	3.036
3.037	3.037	3.037
3.038	3.038	3.038
3.039	3.039	3.039
3.04	3.04	3.04
3.041	3.041	3.041
3.042	3.042	3.042
3.043	3.043	3.043
3.044	3.044	3.044
3.045	3.045	3.045
3.046	3.046	3.046
3.047	3.047	3.047
3.048	3.048	3.048
3.049	3.049	3.049
3.05	3.05	3.05
3.051	3.051	3.051
3.052	3.052	3.052
3.053	3.053	3.053
3.054	3.054	3.054
3.055	3.055	3.055
3.056	3.056	3.056
3.057	3.057	3.057
3.058	3.058	3.058
3.059	3.059	3.059
3.06	3.06	3.06
3.061	3.061	3.061
3.062	3.062	3.062
3.063	3.063	3.063
3.064	3.064	3.064
3.065	3.065	3.065
3.066	3.066	3.066
3.067	3.067	3.067
3.068	3.068	3.068
3.069	3.069	3.069
3.07	3.07	3.07
3.071	3.071	3.071
3.072	3.072	3.072
3.073	3.073	3.073
3.074	3.074	3.074
3.075	3.075	3.075
3.076	3.076	3.076
3.077	3.077	3.077
3.078	3.078	3.078
3.079	3.079	3.079
3.08	3.08	3.08
3.081	3.081	3.081
3.082	3.082	3.082
3.083	3.083	3.083
3.084	3.084	3.084
3.085	3.085	3.085
3.086	3.086	3.086
3.087	3.087	3.087
3.088	3.088	3.088
3.089	3.089	3.089
3.09	3.09	3.09
3.091	3.091	3.091
3.092	3.092	3.092
3.093	3.093	3.093
3.094	3.094	3.094
3.095	3.095	3.095
3.096	3.096	3.096
3.097	3.097	3.097
3.098	3.098	3.098
3.099	3.099	3.099
3.1	3.1	3.1
3.101	3.101	3.101
3.102	3.102	3.102
3.103	3.103	3.103
3.104	3.104	3.104
3.105	3.105	3.105
3.106	3.106	3.106
3.107	3.107	3.107
3.108	3.108	3.108
3.109	3.109	3.109
3.11	3.11	3.11
3.111	3.111	3.111
3.112	3.112	3.112
3.113	3.113	3.113
3.114	3.114	3.114
3.115	3.115	3.115
3.116	3.116	3.116
3.117	3.117	3.117
3.118	3.118	3.118
3.119	3.119	3.119
3.12	3.12	3.12
3.121	3.121	3.121
3.122	3.122	3.122
3.123	3.123	3.123
3.124	3.124	3.124
3.125	3.125	3.125
3.126	3.126	3.126
3.127	3.127	3.127
3.128	3.128	3.128
3.129	3.129	3.129
3.13	3.13	3.13
3.131	3.131	3.131
3.132	3.132	3.132
3.133	3.133	3.133
3.134	3.134	3.134
3.135	3.135	3.135
3.136	3.136	3.136
3.137	3.137	3.137
3.138	3.138	3.138
3.139	3.139	3.139
3.14	3.14	3.14
3.141	3.141	3.141
3.142	3.142	3.142
3.143	3.143	3.143
3.144	3.144	3.144
3.145	3.145	3.145
3.146	3.146	3.146
3.147	3.147	3.147
3.148	3.148	3.148
3.149	3.149	3.149
3.15	3.15	3.15
3.151	3.151	3.151
3.152	3.152	3.152
3.153	3.153	3.153
3.154	3.154	3.154
3.155	3.155	3.155
3.156	3.156	3.156
3.157	3.157	3.157
3.158	3.158	3.158
3.159	3.159	3.159
3.16	3.16	3.16
3.161	3.161	3.161
3.162	3.162	3.162
3.163	3.163	3.163
3.164	3.164	3.164
3.165	3.165	3.165
3.166	3.166	3.166
3.167	3.167	3.167
3.168	3.168	3.168
3.169	3.169	3.169
3.17	3.17	3.17
3.171	3.171	3.171
3.172	3.172	3.172
3.173	3.173	3.173
3.174	3.174	3.174
3.175	3.175	3.175
3.176	3.176	3.176
3.177	3.177	3.177
3.178	3.178	3.178
3.179	3.179	3.179
3.18	3.18	3.18
3.181	3.181	3.181
3.182	3.182	3.182
3.183	3.183	3.183
3.184	3.184	3.184
3.185	3.185	3.185
3.186	3.186	3.186
3.187	3.187	3.187
3.188	3.188	3.188
3.189	3.189	3.189
3.19	3.19	3.19
3.191	3.191	3.191
3.192	3.192	3.192
3.193	3.193	3.193
3.194	3.194	3.194
3.195	3.195	3.195
3.196	3.196	3.196
3.197	3.197	3.197
3.198	3.198	3.198
3.199	3.199	3.199
3.2	3.2	3.2
3.201	3.201	3.201
3.202	3.202	3.202
3.203	3.203	3.203
3.204	3.204	3.204
3.205	3.205	3.205
3.206	3.206	3.206
3.207	3.207	3.207
3.208	3.208	3.208
3.209	3.209	3.209
3.21	3.21	3.21
3.211	3.211	3.211
3.212	3.212	3.212
3.213	3.213	3.213
3.214	3.214	3.214
3.215	3.215	3.215
3.216	3.216	3.216
3.217	3.217	3.217
3.218	3.218	3.218
3.219	3.219	3.219
3.22	3.22	3.22
3.221	3.221	3.221
3.222	3.222	3.222
3.223	3.223	3.223
3.224	3.224	3.224
3.225	3.225	3.225
3.226	3.226	3.226
3.227	3.227	3.227
3.228	3.228	3.228
3.229	3.229	3.229
3.23	3.23	3.23
3.231	3.231	3.231
3.232	3.232	3.232
3.233	3.233	3.233
3.234	3.234	3.234
3.235	3.235	3.235
3.236	3.236	3.236
3.237	3.237	3.237
3.238	3.238	3.238
3.239	3.239	3.239
3.24	3.24	3.24
3.241	3.241	3.241
3.242	3.242	3.242
3.243	3.243	3.243
3.244	3.244	3.244
3.245	3.245	3.245
3.246	3.246	3.246
3.247	3.247	3.247
3.248	3.248	3.248
3.249	3.249	3.249
3.25	3.25	3.25
3.251	3.251	3.251
3.252	3.252	3.252
3.253	3.253	3.253
3.254	3.254	3.254
3.255	3.255	3.255
3.256	3.256	3.256
3.257	3.257	3.257
3.258	3.258	3.258
3.259	3.259	3.259
3.26	3.26	3.26
3.261	3.261	3.261
3.262	3.262	3.262
3.263	3.263	3.263
3.264	3.264	3.264
3.265	3.265	3.265
3.266	3.266	3.266
3.267	3.267	3.267
3.268	3.268	3.268
3.269	3.269	3.269
3.27	3.27	3.27
3.271	3.271	3.271
3.272	3.272	3.272
3.273	3.273	3.273
3.274	3.274	3.274
3.275	3.275	3.275
3.276	3.276	3.276
3.277	3.277	3.277
3.278	3.278	3.278
3.279	3.279	3.279
3.28	3.28	3.28
3.281	3.281	3.281
3.282	3.282	3.282
3.283	3.283	3.283
3.284	3.284	3.284
3.285	3.285	3.285
3.286	3.286	3.286
3.287	3.287	3.287
3.288	3.288	3.288
3.289	3.289	3.289
3.29	3.29	3.29
3.291	3.291	3.291
3.292	3.292	3.292
3.293	3.293	3.293
3.294	3.294	3.294
3.295	3.295	3.295
3.296	3.296	3.296
3.297	3.297	3.297
3.298	3.298	3.298
3.299	3.299	3.299
3.3	3.3	3.3
3.301	3.301	3.301
3.302	3.302	3.302
3.303	3.303	3.303
3.304	3.304	3.304
3.305	3.305	3.305
3.306	3.306	3.306
3.307	3.307	3.307
3.308	3.308	3.308
3.309	3.309	3.309
3.31	3.31	3.31
3.311	3.311	3.311
3.312	3.312	3.312
3.313	3.313	3.313
3.314	3.314	3.314
3.315	3.315	3.315
3.316	3.316	3.316
3.317	3.317	3.317
3.318	3.318	3.318
3.319	3.319	3.319
3.32	3.32	3.32
3.321	3.321	3.321
3.322	3.322	3.322
3.323	3.323	3.323
3.324	3.324	3.324
3.325	3.325	3.325
3.326	3.326	3.326
3.327	3.327	3.327
3.328	3.328	3.328
3.329	3.329	3.329
3.33	3.33	3.33
3.331	3.331	3.331
3.332	3.332	3.332
3.333	3.333	3.333
3.334	3.334	3.334
3.335	3.335	3.335
3.336	3.336	3.336
3.337	3.337	3.337
3.338	3.338	3.338
3.339	3.339	3.339
3.34	3.34	3.34
3.341	3.341	3.341
3.342	3.342	3.342
3.343	3.343	3.343
3.344	3.344	3.344
3.345	3.345	3.345
3.346	3.346	3.346
3.347	3.347	3.347
3.348	3.348	3.348
3.349	3.349	3.349
3.35	3.35	3.35
3.351	3.351	3.351
3.352	3.352	3.352
3.353	3.353	3.353
3.354	3.354	3.354
3.355	3.355	3.355
3.356	3.356	3.356
3.357	3.357	3.357
3.358	3.358	3.358
3.359	3.359	3.359
3.36	3.36	3.36
3.361	3.361	3.361
3.362	3.362	3.362
3.363	3.363	3.363
3.364	3.364	3.364
3.365	3.365	3.365
3.366	3.366	3.366
3.367	3.367	3.367
3.368	3.368	3.368
3.369	3.369	3.369
3.37	3.37	3.37
3.371	3.371	3.371
3.372	3.372	3.372
3.373	3.373	3.373
3.374	3.374	3.374
3.375	3.375	3.375
3.376	3.376	3.376
3.377	3.377	3.377
3.378	3.378	3.378
3.379	3.379	3.379
3.38	3.38	3.38
3.381	3.381	3.381
3.382	3.382	3.382
3.383	3.383	3.383
3.384	3.384	3.384
3.385	3.385	3.385
3.386	3.386	3.386
3.387	3.387	3.387
3.388	3.388	3.388
3.389	3.389	3.389
3.39	3.39	3.39
3.391	3.391	3.391
3.392	3.392	3.392
3.393	3.393	3.393
3.394	3.394	3.394
3.395	3.395	3.395
3.396	3.396	3.396
3.397	3.397	3.397
3.398	3.398	3.398
3.399	3.399	3.399
3.4	3.4	3.4
3.401	3.401	3.401
3.402	3.402	3.402
3.403	3.403	3.403
3.404	3.404	3.404
3.405	3.405	3.405
3.406	3.406	3.406
3.407	3.407	3.407
3.408	3.408	3.408
3.409	3.409	3.409
3.41	3.41	3.41
3.411	3.411	3.411
3.412	3.412	3.412
3.413	3.413	3.413
3.414	3.414	3.414
3.415	3.415	3.415
3.416	3.416	3.416
3.417	3.417	3.417
3.418	3.418	3.418
3.419	3.419	3.419
3.42	3.42	3.42
3.421	3.421	3.421
3.422	3.422	3.422
3.423	3.423	3.423
3.424	3.424	3.424
3.425	3.425	3.425
3.426	3.426	3.426
3.427	3.427	3.427
3.428	3.428	3.428
3.429	3.429	3.429
3.43	3.43	3.43
3.431	3.431	3.431
3.432	3.432	3.432
3.433	3.433	3.433
3.434	3.434	3.434
3.435	3.435	3.435
3.436	3.436	3.436
3.437	3.437	3.437
3.438	3.438	3.438
3.439	3.439	3.439
3.44	3.44	3.44
3.441	3.441	3.441
3.442	3.442	3.442
3.443	3.443	3.443
3.444	3.444	3.444
3.445	3.445	3.445
3.446	3.446	3.446
3.447	3.447	3.447
3.448	3.448	3.448
3.449	3.449	3.449
3.45	3.45	3.45
3.451	3.451	3.451
3.452	3.452	3.452
3.453	3.453	3.453
3.454	3.454	3.454
3.455	3.455	3.455
3.456	3.456	3.456
3.457	3.457	3.457
3.458	3.458	3.458
3.459	3.459	3.459
3.46	3.46	3.46
3.461	3.461	3.461
3.462	3.462	3.462
3.463	3.463	3.463
3.464	3.464	3.464
3.465	3.465	3.465
3.466	3.466	3.466
3.467	3.467	3.467
3.468	3.468	3.468
3.469	3.469	3.469
3.47	3.47	3.47
3.471	3.471	3.471
3.472	3.472	3.472
3.473	3.473	3.473
3.474	3.474	3.474
3.475	3.475	3.475
3.476	3.476	3.476
3.477	3.477	3.477
3.478	3.478	3.478
3.479	3.479	3.479
3.48	3.48	3.48
3.481	3.481	3.481
3.482	3.482	3.482
3.483	3.483	3.483
3.484	3.484	3.484
3.485	3.485	3.485
3.486	3.486	3.486
3.487	3.487	3.487
3.488	3.488	3.488
3.489	3.489	3.489
3.49	3.49	3.49
3.491	3.491	3.491
3.492	3.492	3.492
3.493	3.493	3.493
3.494	3.494	3.494
3.495	3.495	3.495
3.496	3.496	3.496
3.497	3.497	3.497
3.498	3.498	3.498
3.499	3.499	3.499
3.5	3.5	3.5
3.501	3.501	3.501
3.502	3.502	3.502
3.503	3.503	3.503
3.504	3.504	3.504
3.505	3.505	3.505
3.506	3.506	3.506
3.507	3.507	3.507
3.508	3.508	3.508
3.509	3.509	3.509
3.51	3.51	3.51
3.511	3.511	3.511
3.512	3.512	3.512
3.513	3.513	3.513
3.514	3.514	3.514
3.515	3.515	3.515
3.516	3.516	3.516
3.517	3.517	3.517
3.518	3.518	3.518
3.519	3.519	3.519
3.52	3.52	3.52
3.521	3.521	3.521
3.522	3.522	3.522
3.523	3.523	3.523
3.524	3.524	3.524
3.525	3.525	3.525
3.526	3.526	3.526
3.527	3.527	3.527
3.528	3.528	3.528
3.529	3.529	3.529
3.53	3.53	3.53
3.531	3.531	3.531
3.532	3.532	3.532
3.533	3.533	3.533
3.534	3.534	3.534
3.535	3.535	3.535
3.536	3.536	3.536
3.537	3.537	3.537
3.538	3.538	3.538
3.539	3.539	3.539
3.54	3.54	3.54
3.541	3.541	3.541
3.542	3.542	3.542
3.543	3.543	3.543
3.544	3.544	3.544
3.545	3.545	3.545
3.546	3.546	3.546
3.547	3.547	3.547
3.548	3.548	3.548
3.549	3.549	3.549
3.55	3.55	3.55
3.551	3.551	3.551
3.552	3.552	3.552
3.553	3.553	3.553
3.554	3.554	3.554
3.555	3.555	3.555
3.556	3.556	3.556
3.557	3.557	3.557
3.558	3.558	3.558
3.559	3.559	3.559
3.56	3.56	3.56
3.561	3.561	3.561
3.562	3.562	3.562
3.563	3.563	3.563
3.564	3.564	3.564
3.565	3.565	3.565
3.566	3.566	3.566
3.567	3.567	3.567
3.568	3.568	3.568
3.569	3.569	3.569
3.57	3.57	3.57
3.571	3.571	3.571
3.572	3.572	3.572
3.573	3.573	3.573
3.574	3.574	3.574
3.575	3.575	3.575
3.576	3.576	3.576
3.577	3.577	3.577
3.578	3.578	3.578
3.579	3.579	3.579
3.58	3.58	3.58
3.581	3.581	3.581
3.582	3.582	3.582
3.583	3.583	3.583
3.584	3.584	3.584
3.585	3.585	3.585
3.586	3.586	3.586
3.587	3.587	3.587
3.588	3.588	3.588
3.589	3.589	3.589
3.59	3.59	3.59
3.591	3.591	3.591
3.592	3.592	3.592
3.593	3.593	3.593
3.594	3.594	3.594
3.595	3.595	3.595
3.596	3.596	3.596
3.597	3.597	3.597
3.598	3.598	3.598
3.599	3.599	3.599
3.6	3.6	3.6
3.601	3.601	3.601
3.602	3.602	3.602
3.603	3.603	3.603
3.604	3.604	3.604
3.605	3.605	3.605
3.606	3.606	3.606
3.607	3.607	3.607
3.608	3.608	3.608
3.609	3.609	3.609
3.61	3.61	3.61
3.611	3.611	3.611
3.612	3.612	3.612
3.613	3.613	3.613
3.614	3.614	3.614
3.615	3.615	3.615
3.616	3.616	3.616
3.617	3.617	3.617
3.618	3.618	3.618
3.619	3.619	3.619
3.62	3.62	3.62
3.621	3.621	3.621
3.622	3.622	3.622
3.623	3.623	3.623
3.624	3.624	3.624
3.625	3.625	3.625
3.626	3.626	3.626
3.627	3.627	3.627
3.628	3.628	3.628
3.629	3.629	3.629
3.63	3.63	3.63
3.631	3.631	3.631
3.632	3.632	3.632
3.633	3.633	3.633
3.634	3.634	3.634
3.635	3.635	3.635
3.636	3.636	3.636
3.637	3.637	3.637
3.638	3.638	3.638
3.639	3.639	3.639
3.64	3.64	3.64
3.641	3.641	3.641
3.642	3.642	3.642
3.643	3.643	3.643
3.644	3.644	3.644
3.645	3.645	3.645
3.646	3.646	3.646
3.647	3.647	3.647
3.648	3.648	3.648
3.649	3.649	3.649
3.65	3.65	3.65
3.651	3.651	3.651
3.652	3.652	3.652
3.653	3.653	3.653
3.654	3.654	3.654
3.655	3.655	3.655
3.656	3.656	3.656
3.657	3.657	3.657
3.658	3.658	3.658
3.659	3.659	3.659
3.66	3.66	3.66
3.661	3.661	3.661
3.662	3.662	3.662
3.663	3.663	3.663
3.664	3.664	3.664
3.665	3.665	3.665
3.666	3.666	3.666
3.667	3.667	3.667
3.668	3.668	3.668
3.669	3.669	3.669
3.67	3.67	3.67
3.671	3.671	3.671
3.672	3.672	3.672
3.673	3.673	3.673
3.674	3.674	3.674
3.675	3.675	3.675
3.676	3.676	3.676
3.677	3.677	3.677
3.678	3.678	3.678
3.679	3.679	3.679
3.68	3.68	3.68
3.681	3.681	3.681
3.682	3.682	3.682
3.683	3.683	3.683
3.684	3.684	3.684
3.685	3.685	3.685
3.686	3.686	3.686
3.687	3.687	3.687
3.688	3.688	3.688
3.689	3.689	3.689
3.69	3.69	3.69
3.691	3.691	3.691
3.692	3.692	3.692
3.693	3.693	3.693
3.694	3.694	3.694
3.695	3.695	3.695
3.696	3.696	3.696
3.697	3.697	3.697
3.698	3.698	3.698
3.699	3.699	3.699
3.7	3.7	3.7
3.701	3.701	3.701
3.702	3.702	3.702
3.703	3.703	3.703
3.704	3.704	3.704
3.705	3.705	3.705
3.706	3.706	3.706
3.707	3.707	3.707
3.708	3.708	3.708
3.709	3.709	3.709
3.71	3.71	3.71
3.711	3.711	3.711
3.712	3.712	3.712
3.713	3.713	3.713
3.714	3.714	3.714
3.715	3.715	3.715
3.716	3.716	3.716
3.717	3.717	3.717
3.718	3.718	3.718
3.719	3.719	3.719
3.72	3.72	3.72
3.721	3.721	3.721
3.722	3.722	3.722
3.723	3.723	3.723
3.724	3.724	3.724
3.725	3.725	3.725
3.726	3.726	3.726
3.727	3.727	3.727
3.728	3.728	3.728
3.729	3.729	3.729
3.73	3.73	3.73
3.731	3.731	3.731
3.732	3.732	3.732
3.733	3.733	3.733
3.734	3.734	3.734
3.735	3.735	3.735
3.736	3.736	3.736
3.737	3.737	3.737
3.738	3.738	3.738
3.739	3.739	3.739
3.74	3.74	3.74
3.741	3.741	3.741
3.742	3.742	3.742
3.743	3.743	3.743
3.744	3.744	3.744
3.745	3.745	3.745
3.746	3.746	3.746
3.747	3.747	3.747
3.748	3.748	3.748
3.749	3.749	3.749
3.75	3.75	3.75
3.751	3.751	3.751
3.752	3.752	3.752
3.753	3.753	3.753
3.754	3.754	3.754
3.755	3.755	3.755
3.756	3.756	3.756
3.757	3.757	3.757
3.758	3.758	3.758
3.759	3.759	3.759
3.76	3.76	3.76
3.761	3.761	3.761
3.762	3.762	3.762
3.763	3.763	3.763
3.764	3.764	3.764
3.765	3.765	3.765
3.766	3.766	3.766
3.767	3.767	3.767
3.768	3.768	3.768
3.769	3.769	3.769
3.77	3.77	3.77
3.771	3.771	3.771
3.772	3.772	3.772
3.773	3.773	3.773
3.774	3.774	3.774
3.775	3.775	3.775
3.776	3.776	3.776
3.777	3.777	3.777
3.778	3.778	3.778
3.779	3.779	3.779
3.78	3.78	3.78
3.781	3.781	3.781
3.782	3.782	3.782
3.783	3.783	3.783
3.784	3.784	3.784
3.785	3.785	3.785
3.786	3.786	3.786
3.787	3.787	3.787
3.788	3.788	3.788
3.789	3.789	3.789
3.79	3.79	3.79
3.791	3.791	3.791
3.792	3.792	3.792
3.793	3.793	3.793
3.794	3.794	3.794
3.795	3.795	3.795
3.796	3.796	3.796
3.797	3.797	3.797
3.798	3.798	3.798
3.799	3.799	3.799
3.8	3.8	3.8
3.801	3.801	3.801
3.802	3.802	3.802
3.803	3.803	3.803
3.804	3.804	3.804
3.805	3.805	3.805
3.806	3.806	3.806
3.807	3.807	3.807
3.808	3.808	3.808
3.809	3.809	3.809
3.81	3.81	3.81
3.811	3.811	3.811
3.812	3.812	3.812
3.813	3.813	3.813
3.814	3.814	3.814
3.815	3.815	3.815
3.816	3.816	3.816
3.817	3.817	3.817
3.818	3.818	3.818
3.819	3.819	3.819
3.82	3.82	3.82
3.821	3.821	3.821
3.822	3.822	3.822
3.823	3.823	3.823
3.824	3.824	3.824
3.825	3.825	3.825
3.826	3.826	3.826
3.827	3.827	3.827
3.828	3.828	3.828
3.829	3.829	3.829
3.83	3.83	3.83
3.831	3.831	3.831
3.832	3.832	3.832
3.833	3.833	3.833
3.834	3.834	3.834
3.835	3.835	3.835
3.836	3.836	3.836
3.837	3.837	3.837
3.838	3.838	3.838
3.839	3.839	3.839
3.84	3.84	3.84
3.841	3.841	3.841
3.842	3.842	3.842
3.843	3.843	3.843
3.844	3.844	3.844
3.845	3.845	3.845
3.846	3.846	3.846
3.847	3.847	3.847
3.848	3.848	3.848
3.849	3.849	3.849
3.85	3.85	3.85
3.851	3.851	3.851
3.852	3.852	3.852
3.853	3.853	3.853
3.854	3.854	3.854
3.855	3.855	3.855
3.856	3.856	3.856
3.857	3.857	3.857
3.858	3.858	3.858
3.859	3.859	3.859
3.86	3.86	3.86
3.861	3.861	3.861
3.862	3.862	3.862
3.863	3.863	3.863
3.864	3.864	3.864
3.865	3.865	3.865
3.866	3.866	3.866
3.867	3.867	3.867
3.868	3.868	3.868
3.869	3.869	3.869
3.87	3.87	3.87
