500	125	460	0	180	-126.964
500	124.999	460.001	0	180	-126.963
499.998	124.998	460.002	0	180	-126.962
499.995	124.995	460.005	0	180	-126.959
499.992	124.992	460.008	0	180	-126.956
499.987	124.987	460.013	0	180	-126.951
499.982	124.982	460.018	0	180	-126.946
499.976	124.975	460.024	0	180	-126.939
499.968	124.968	460.032	0	180	-126.932
499.959	124.96	460.041	0	180	-126.923
499.95	124.95	460.05	0	180	-126.914
499.939	124.939	460.061	0	180	-126.903
499.928	124.928	460.072	0	180	-126.892
499.916	124.915	460.084	0	180	-126.879
499.902	124.902	460.098	0	180	-126.866
499.887	124.888	460.113	0	180	-126.851
499.872	124.872	460.128	0	180	-126.836
499.856	124.855	460.144	0	180	-126.819
499.838	124.838	460.162	0	180	-126.802
499.82	124.82	460.18	0	180	-126.783
499.8	124.8	460.2	0	180	-126.764
499.779	124.779	460.221	0	180	-126.743
499.758	124.758	460.242	0	180	-126.722
499.736	124.736	460.264	0	180	-126.699
499.712	124.712	460.288	0	180	-126.676
499.688	124.688	460.312	0	180	-126.651
499.662	124.662	460.338	0	180	-126.626
499.636	124.635	460.365	0	180	-126.599
499.608	124.608	460.392	0	180	-126.572
499.579	124.579	460.421	0	180	-126.543
499.55	124.55	460.45	0	180	-126.514
499.519	124.52	460.481	0	180	-126.483
499.488	124.488	460.512	0	180	-126.452
499.455	124.456	460.545	0	180	-126.419
499.422	124.422	460.578	0	180	-126.386
499.387	124.388	460.613	0	180	-126.351
499.352	124.352	460.648	0	180	-126.316
499.316	124.316	460.685	0	180	-126.279
499.278	124.278	460.722	0	180	-126.242
499.24	124.241	460.761	0	180	-126.203
499.2	124.203	460.8	0	180	-126.164
499.159	124.165	460.841	0	180	-126.123
499.118	124.128	460.882	0	180	-126.082
499.076	124.09	460.925	0	180	-126.039
499.032	124.053	460.968	0	180	-125.996
498.987	124.015	461.013	0	180	-125.951
498.942	123.978	461.058	0	180	-125.906
498.895	123.94	461.105	0	180	-125.859
498.848	123.902	461.152	0	180	-125.812
498.8	123.865	461.201	0	180	-125.763
498.75	123.827	461.25	0	180	-125.714
498.7	123.79	461.3	0	180	-125.663
498.648	123.752	461.352	0	180	-125.612
498.596	123.715	461.404	0	180	-125.559
498.542	123.677	461.458	0	180	-125.506
498.488	123.64	461.512	0	180	-125.451
498.433	123.602	461.568	0	180	-125.396
498.378	123.564	461.623	0	180	-125.339
498.323	123.527	461.678	0	180	-125.282
498.269	123.489	461.733	0	180	-125.223
498.214	123.452	461.788	0	180	-125.164
498.159	123.414	461.843	0	180	-125.103
498.105	123.377	461.898	0	180	-125.042
498.05	123.339	461.953	0	180	-124.979
497.995	123.302	462.008	0	180	-124.916
497.94	123.264	462.063	0	180	-124.851
497.886	123.226	462.118	0	180	-124.786
497.831	123.189	462.173	0	180	-124.719
497.776	123.151	462.228	0	180	-124.652
497.721	123.114	462.283	0	180	-124.583
497.667	123.076	462.338	0	180	-124.514
497.612	123.039	462.393	0	180	-124.443
497.557	123.001	462.448	0	180	-124.372
497.503	122.964	462.503	0	180	-124.299
497.448	122.926	462.558	0	180	-124.226
497.393	122.888	462.613	0	180	-124.151
497.338	122.851	462.668	0	180	-124.076
497.284	122.813	462.723	0	180	-123.999
497.229	122.776	462.778	0	180	-123.922
497.174	122.738	462.833	0	180	-123.843
497.12	122.701	462.888	0	180	-123.764
497.065	122.663	462.944	0	180	-123.683
497.01	122.625	462.999	0	180	-123.602
496.955	122.588	463.054	0	180	-123.521
496.901	122.55	463.109	0	180	-123.439
496.846	122.513	463.164	0	180	-123.358
496.791	122.475	463.219	0	180	-123.277
496.737	122.438	463.274	0	180	-123.196
496.682	122.4	463.329	0	180	-123.114
496.627	122.363	463.384	0	180	-123.033
496.572	122.325	463.439	0	180	-122.952
496.518	122.287	463.494	0	180	-122.87
496.463	122.25	463.549	0	180	-122.789
496.408	122.212	463.604	0	180	-122.708
496.353	122.175	463.659	0	180	-122.626
496.299	122.137	463.714	0	180	-122.545
496.244	122.1	463.769	0	180	-122.464
496.189	122.062	463.824	0	180	-122.383
496.135	122.025	463.879	0	180	-122.301
496.08	121.987	463.934	0	180	-122.22
496.025	121.949	463.989	0	180	-122.139
495.97	121.912	464.044	0	180	-122.057
495.916	121.874	464.099	0	180	-121.976
495.861	121.837	464.154	0	180	-121.895
495.806	121.799	464.209	0	180	-121.814
495.752	121.762	464.264	0	180	-121.732
495.697	121.724	464.32	0	180	-121.651
495.642	121.686	464.375	0	180	-121.57
495.587	121.649	464.43	0	180	-121.488
495.533	121.611	464.485	0	180	-121.407
495.478	121.574	464.54	0	180	-121.326
495.423	121.536	464.595	0	180	-121.245
495.369	121.499	464.65	0	180	-121.163
495.314	121.461	464.705	0	180	-121.082
495.259	121.424	464.76	0	180	-121.001
495.204	121.386	464.815	0	180	-120.919
495.15	121.348	464.87	0	180	-120.838
495.095	121.311	464.925	0	180	-120.757
495.04	121.273	464.98	0	180	-120.675
494.985	121.236	465.035	0	180	-120.594
494.931	121.198	465.09	0	180	-120.513
494.876	121.161	465.145	0	180	-120.432
494.821	121.123	465.2	0	180	-120.35
494.767	121.086	465.255	0	180	-120.269
494.712	121.048	465.31	0	180	-120.188
494.657	121.01	465.365	0	180	-120.106
494.602	120.973	465.42	0	180	-120.025
494.548	120.935	465.475	0	180	-119.944
494.493	120.898	465.53	0	180	-119.863
494.438	120.86	465.585	0	180	-119.781
494.384	120.823	465.64	0	180	-119.7
494.329	120.785	465.695	0	180	-119.619
494.274	120.747	465.751	0	180	-119.537
494.219	120.71	465.806	0	180	-119.456
494.165	120.672	465.861	0	180	-119.375
494.11	120.635	465.916	0	180	-119.293
494.055	120.597	465.971	0	180	-119.212
494.001	120.56	466.026	0	180	-119.131
493.946	120.522	466.081	0	180	-119.05
493.891	120.485	466.136	0	180	-118.968
493.836	120.447	466.191	0	180	-118.887
493.782	120.409	466.246	0	180	-118.806
493.727	120.372	466.301	0	180	-118.724
493.672	120.334	466.356	0	180	-118.643
493.618	120.297	466.411	0	180	-118.562
493.563	120.259	466.466	0	180	-118.481
493.508	120.222	466.521	0	180	-118.399
493.453	120.184	466.576	0	180	-118.318
493.399	120.147	466.631	0	180	-118.237
493.344	120.109	466.686	0	180	-118.155
493.289	120.071	466.741	0	180	-118.074
493.234	120.034	466.796	0	180	-117.993
493.18	119.996	466.851	0	180	-117.912
493.125	119.959	466.906	0	180	-117.83
493.07	119.921	466.961	0	180	-117.749
493.016	119.884	467.016	0	180	-117.668
492.961	119.846	467.071	0	180	-117.586
492.906	119.808	467.127	0	180	-117.505
492.851	119.771	467.182	0	180	-117.424
492.797	119.733	467.237	0	180	-117.342
492.742	119.696	467.292	0	180	-117.261
492.687	119.658	467.347	0	180	-117.18
492.633	119.621	467.402	0	180	-117.099
492.578	119.583	467.457	0	180	-117.017
492.523	119.546	467.512	0	180	-116.936
492.468	119.508	467.567	0	180	-116.855
492.414	119.47	467.622	0	180	-116.773
492.359	119.433	467.677	0	180	-116.692
492.304	119.395	467.732	0	180	-116.611
492.25	119.358	467.787	0	180	-116.53
492.195	119.32	467.842	0	180	-116.448
492.14	119.283	467.897	0	180	-116.367
492.085	119.245	467.952	0	180	-116.286
492.031	119.208	468.007	0	180	-116.204
491.976	119.17	468.062	0	180	-116.123
491.921	119.132	468.117	0	180	-116.042
491.866	119.095	468.172	0	180	-115.96
491.812	119.057	468.227	0	180	-115.879
491.757	119.02	468.282	0	180	-115.798
491.702	118.982	468.337	0	180	-115.717
491.648	118.945	468.392	0	180	-115.635
491.593	118.907	468.447	0	180	-115.554
491.538	118.869	468.503	0	180	-115.473
491.483	118.832	468.558	0	180	-115.391
491.429	118.794	468.613	0	180	-115.31
491.374	118.757	468.668	0	180	-115.229
491.319	118.719	468.723	0	180	-115.148
491.265	118.682	468.778	0	180	-115.066
491.21	118.644	468.833	0	180	-114.985
491.155	118.607	468.888	0	180	-114.904
491.1	118.569	468.943	0	180	-114.822
491.046	118.531	468.998	0	180	-114.741
490.991	118.494	469.053	0	180	-114.66
490.936	118.456	469.108	0	180	-114.579
490.882	118.419	469.163	0	180	-114.497
490.827	118.381	469.218	0	180	-114.416
490.772	118.344	469.273	0	180	-114.335
490.717	118.306	469.328	0	180	-114.253
490.663	118.269	469.383	0	180	-114.172
490.608	118.231	469.438	0	180	-114.091
490.553	118.193	469.493	0	180	-114.009
490.498	118.156	469.548	0	180	-113.928
490.444	118.118	469.603	0	180	-113.847
490.389	118.081	469.658	0	180	-113.766
490.334	118.043	469.713	0	180	-113.684
490.28	118.006	469.768	0	180	-113.603
490.225	117.968	469.823	0	180	-113.522
490.17	117.931	469.878	0	180	-113.44
490.115	117.893	469.934	0	180	-113.359
490.061	117.855	469.989	0	180	-113.278
490.006	117.818	470.044	0	180	-113.197
489.951	117.78	470.099	0	180	-113.115
489.897	117.743	470.154	0	180	-113.034
489.842	117.705	470.209	0	180	-112.953
489.787	117.668	470.264	0	180	-112.871
489.732	117.63	470.319	0	180	-112.79
489.678	117.592	470.374	0	180	-112.709
489.623	117.555	470.429	0	180	-112.627
489.568	117.517	470.484	0	180	-112.546
489.514	117.48	470.539	0	180	-112.465
489.459	117.442	470.594	0	180	-112.384
489.404	117.405	470.649	0	180	-112.302
489.349	117.367	470.704	0	180	-112.221
489.295	117.33	470.759	0	180	-112.14
489.24	117.292	470.814	0	180	-112.058
489.185	117.254	470.869	0	180	-111.977
489.131	117.217	470.924	0	180	-111.896
489.076	117.179	470.979	0	180	-111.815
489.021	117.142	471.034	0	180	-111.733
488.966	117.104	471.089	0	180	-111.652
488.912	117.067	471.144	0	180	-111.571
488.857	117.029	471.199	0	180	-111.489
488.802	116.992	471.254	0	180	-111.408
488.747	116.954	471.31	0	180	-111.327
488.693	116.916	471.365	0	180	-111.246
488.638	116.879	471.42	0	180	-111.164
488.583	116.841	471.475	0	180	-111.083
488.529	116.804	471.53	0	180	-111.002
488.474	116.766	471.585	0	180	-110.92
488.419	116.729	471.64	0	180	-110.839
488.364	116.691	471.695	0	180	-110.758
488.31	116.653	471.75	0	180	-110.676
488.255	116.616	471.805	0	180	-110.595
488.2	116.578	471.86	0	180	-110.514
488.146	116.541	471.915	0	180	-110.433
488.091	116.503	471.97	0	180	-110.351
488.036	116.466	472.025	0	180	-110.27
487.981	116.428	472.08	0	180	-110.189
487.927	116.391	472.135	0	180	-110.107
487.872	116.353	472.19	0	180	-110.026
487.817	116.315	472.245	0	180	-109.945
487.763	116.278	472.3	0	180	-109.864
487.708	116.24	472.355	0	180	-109.782
487.653	116.203	472.41	0	180	-109.701
487.598	116.165	472.465	0	180	-109.62
487.544	116.128	472.52	0	180	-109.538
487.489	116.09	472.575	0	180	-109.457
487.434	116.053	472.63	0	180	-109.376
487.379	116.015	472.686	0	180	-109.294
487.325	115.977	472.741	0	180	-109.213
487.27	115.94	472.796	0	180	-109.132
487.215	115.902	472.851	0	180	-109.051
487.161	115.865	472.906	0	180	-108.969
487.106	115.827	472.961	0	180	-108.888
487.051	115.79	473.016	0	180	-108.807
486.996	115.752	473.071	0	180	-108.725
486.942	115.714	473.126	0	180	-108.644
486.887	115.677	473.181	0	180	-108.563
486.832	115.639	473.236	0	180	-108.482
486.778	115.602	473.291	0	180	-108.4
486.723	115.564	473.346	0	180	-108.319
486.668	115.527	473.401	0	180	-108.238
486.613	115.489	473.456	0	180	-108.156
486.559	115.452	473.511	0	180	-108.075
486.504	115.414	473.566	0	180	-107.994
486.449	115.376	473.621	0	180	-107.913
486.395	115.339	473.676	0	180	-107.831
486.34	115.301	473.731	0	180	-107.75
486.285	115.264	473.786	0	180	-107.669
486.23	115.226	473.841	0	180	-107.587
486.176	115.189	473.896	0	180	-107.506
486.121	115.151	473.951	0	180	-107.425
486.066	115.114	474.006	0	180	-107.343
486.011	115.076	474.061	0	180	-107.262
485.957	115.038	474.117	0	180	-107.181
485.902	115.001	474.172	0	180	-107.1
485.847	114.963	474.227	0	180	-107.018
485.793	114.926	474.282	0	180	-106.937
485.738	114.888	474.337	0	180	-106.856
485.683	114.851	474.392	0	180	-106.774
485.628	114.813	474.447	0	180	-106.693
485.574	114.775	474.502	0	180	-106.612
485.519	114.738	474.557	0	180	-106.531
485.464	114.7	474.612	0	180	-106.449
485.41	114.663	474.667	0	180	-106.368
485.355	114.625	474.722	0	180	-106.287
485.3	114.588	474.777	0	180	-106.205
485.245	114.55	474.832	0	180	-106.124
485.191	114.513	474.887	0	180	-106.043
485.136	114.475	474.942	0	180	-105.961
485.081	114.437	474.997	0	180	-105.88
485.027	114.4	475.052	0	180	-105.799
484.972	114.362	475.107	0	180	-105.718
484.917	114.325	475.162	0	180	-105.636
484.862	114.287	475.217	0	180	-105.555
484.808	114.25	475.272	0	180	-105.474
484.753	114.212	475.327	0	180	-105.392
484.698	114.175	475.382	0	180	-105.311
484.644	114.137	475.437	0	180	-105.23
484.589	114.099	475.493	0	180	-105.149
484.534	114.062	475.548	0	180	-105.067
484.479	114.024	475.603	0	180	-104.986
484.425	113.987	475.658	0	180	-104.905
484.37	113.949	475.713	0	180	-104.823
484.315	113.912	475.768	0	180	-104.742
484.26	113.874	475.823	0	180	-104.661
484.206	113.836	475.878	0	180	-104.58
484.151	113.799	475.933	0	180	-104.498
484.096	113.761	475.988	0	180	-104.417
484.042	113.724	476.043	0	180	-104.336
483.987	113.686	476.098	0	180	-104.254
483.932	113.649	476.153	0	180	-104.173
483.877	113.611	476.208	0	180	-104.092
483.823	113.574	476.263	0	180	-104.01
483.768	113.536	476.318	0	180	-103.929
483.713	113.498	476.373	0	180	-103.848
483.659	113.461	476.428	0	180	-103.767
483.604	113.423	476.483	0	180	-103.685
483.549	113.386	476.538	0	180	-103.604
483.494	113.348	476.593	0	180	-103.523
483.44	113.311	476.648	0	180	-103.441
483.385	113.273	476.703	0	180	-103.36
483.33	113.236	476.758	0	180	-103.279
483.276	113.198	476.813	0	180	-103.198
483.221	113.16	476.869	0	180	-103.116
483.166	113.123	476.924	0	180	-103.035
483.111	113.085	476.979	0	180	-102.954
483.057	113.048	477.034	0	180	-102.872
483.002	113.01	477.089	0	180	-102.791
482.947	112.973	477.144	0	180	-102.71
482.892	112.935	477.199	0	180	-102.629
482.838	112.898	477.254	0	180	-102.547
482.783	112.86	477.309	0	180	-102.466
482.728	112.822	477.364	0	180	-102.385
482.674	112.785	477.419	0	180	-102.303
482.619	112.747	477.474	0	180	-102.222
482.564	112.71	477.529	0	180	-102.141
482.509	112.672	477.584	0	180	-102.059
482.455	112.635	477.639	0	180	-101.978
482.4	112.597	477.694	0	180	-101.897
482.345	112.559	477.749	0	180	-101.816
482.291	112.522	477.804	0	180	-101.734
482.236	112.484	477.859	0	180	-101.653
482.181	112.447	477.914	0	180	-101.572
482.126	112.409	477.969	0	180	-101.49
482.072	112.372	478.024	0	180	-101.409
482.017	112.334	478.079	0	180	-101.328
481.962	112.297	478.134	0	180	-101.247
481.908	112.259	478.189	0	180	-101.165
481.853	112.221	478.244	0	180	-101.084
481.798	112.184	478.3	0	180	-101.003
481.743	112.146	478.355	0	180	-100.921
481.689	112.109	478.41	0	180	-100.84
481.634	112.071	478.465	0	180	-100.759
481.579	112.034	478.52	0	180	-100.677
481.524	111.996	478.575	0	180	-100.596
481.47	111.959	478.63	0	180	-100.515
481.415	111.921	478.685	0	180	-100.434
481.36	111.883	478.74	0	180	-100.352
481.306	111.846	478.795	0	180	-100.271
481.251	111.808	478.85	0	180	-100.19
481.196	111.771	478.905	0	180	-100.108
481.141	111.733	478.96	0	180	-100.027
481.087	111.696	479.015	0	180	-99.9458
481.032	111.658	479.07	0	180	-99.8645
480.977	111.62	479.125	0	180	-99.7833
480.923	111.583	479.18	0	180	-99.702
480.868	111.545	479.235	0	180	-99.6207
480.813	111.508	479.29	0	180	-99.5394
480.758	111.47	479.345	0	180	-99.4581
480.704	111.433	479.4	0	180	-99.3768
480.649	111.395	479.455	0	180	-99.2955
480.594	111.358	479.51	0	180	-99.2142
480.54	111.32	479.565	0	180	-99.1329
480.485	111.282	479.62	0	180	-99.0516
480.43	111.245	479.676	0	180	-98.9703
480.375	111.207	479.731	0	180	-98.889
480.321	111.17	479.786	0	180	-98.8077
480.266	111.132	479.841	0	180	-98.7265
480.211	111.095	479.896	0	180	-98.6452
480.156	111.057	479.951	0	180	-98.5639
480.102	111.02	480.006	0	180	-98.4826
480.047	110.982	480.061	0	180	-98.4013
479.992	110.944	480.116	0	180	-98.32
479.938	110.907	480.171	0	180	-98.2387
479.883	110.869	480.226	0	180	-98.1574
479.828	110.832	480.281	0	180	-98.0761
479.773	110.794	480.336	0	180	-97.9948
479.719	110.757	480.391	0	180	-97.9135
479.664	110.719	480.446	0	180	-97.8322
479.609	110.681	480.501	0	180	-97.7509
479.555	110.644	480.556	0	180	-97.6696
479.5	110.606	480.611	0	180	-97.5884
479.445	110.569	480.666	0	180	-97.5071
479.39	110.531	480.721	0	180	-97.4258
479.336	110.494	480.776	0	180	-97.3445
479.281	110.456	480.831	0	180	-97.2632
479.226	110.419	480.886	0	180	-97.1819
479.172	110.381	480.941	0	180	-97.1006
479.117	110.343	480.996	0	180	-97.0193
479.062	110.306	481.052	0	180	-96.938
479.007	110.268	481.107	0	180	-96.8567
478.953	110.231	481.162	0	180	-96.7754
478.898	110.193	481.217	0	180	-96.6941
478.843	110.156	481.272	0	180	-96.6128
478.789	110.118	481.327	0	180	-96.5315
478.734	110.081	481.382	0	180	-96.4503
478.679	110.043	481.437	0	180	-96.369
478.624	110.005	481.492	0	180	-96.2877
478.57	109.968	481.547	0	180	-96.2064
478.515	109.93	481.602	0	180	-96.1251
478.46	109.893	481.657	0	180	-96.0438
478.405	109.855	481.712	0	180	-95.9625
478.351	109.818	481.767	0	180	-95.8812
478.296	109.78	481.822	0	180	-95.7999
478.241	109.742	481.877	0	180	-95.7186
478.187	109.705	481.932	0	180	-95.6373
478.132	109.667	481.987	0	180	-95.556
478.077	109.63	482.042	0	180	-95.4747
478.022	109.592	482.097	0	180	-95.3935
477.968	109.555	482.152	0	180	-95.3122
477.913	109.517	482.207	0	180	-95.2309
477.858	109.48	482.262	0	180	-95.1496
477.804	109.442	482.317	0	180	-95.0683
477.749	109.404	482.372	0	180	-94.987
477.694	109.367	482.427	0	180	-94.9057
477.639	109.329	482.483	0	180	-94.8244
477.585	109.292	482.538	0	180	-94.7431
477.53	109.254	482.593	0	180	-94.6618
477.475	109.217	482.648	0	180	-94.5805
477.421	109.179	482.703	0	180	-94.4992
477.366	109.142	482.758	0	180	-94.4179
477.311	109.104	482.813	0	180	-94.3366
477.256	109.066	482.868	0	180	-94.2554
477.202	109.029	482.923	0	180	-94.1741
477.147	108.991	482.978	0	180	-94.0928
477.092	108.954	483.033	0	180	-94.0115
477.037	108.916	483.088	0	180	-93.9302
476.983	108.879	483.143	0	180	-93.8489
476.928	108.841	483.198	0	180	-93.7676
476.873	108.803	483.253	0	180	-93.6863
476.819	108.766	483.308	0	180	-93.605
476.764	108.728	483.363	0	180	-93.5237
476.709	108.691	483.418	0	180	-93.4424
476.654	108.653	483.473	0	180	-93.3611
476.6	108.616	483.528	0	180	-93.2798
476.545	108.578	483.583	0	180	-93.1986
476.49	108.541	483.638	0	180	-93.1173
476.436	108.503	483.693	0	180	-93.036
476.381	108.465	483.748	0	180	-92.9547
476.326	108.428	483.803	0	180	-92.8734
476.271	108.39	483.859	0	180	-92.7921
476.217	108.353	483.914	0	180	-92.7108
476.162	108.315	483.969	0	180	-92.6295
476.107	108.278	484.024	0	180	-92.5482
476.053	108.24	484.079	0	180	-92.4669
475.998	108.203	484.134	0	180	-92.3856
475.943	108.165	484.189	0	180	-92.3043
475.888	108.127	484.244	0	180	-92.223
475.834	108.09	484.299	0	180	-92.1417
475.779	108.052	484.354	0	180	-92.0605
475.724	108.015	484.409	0	180	-91.9792
475.669	107.977	484.464	0	180	-91.8979
475.615	107.94	484.519	0	180	-91.8166
475.56	107.902	484.574	0	180	-91.7353
475.505	107.865	484.629	0	180	-91.654
475.451	107.827	484.684	0	180	-91.5727
475.396	107.789	484.739	0	180	-91.4914
475.341	107.752	484.794	0	180	-91.4101
475.286	107.714	484.849	0	180	-91.3288
475.232	107.677	484.904	0	180	-91.2475
475.177	107.639	484.959	0	180	-91.1662
475.122	107.602	485.014	0	180	-91.0849
475.068	107.564	485.069	0	180	-91.0036
475.013	107.526	485.124	0	180	-90.9224
474.958	107.489	485.179	0	180	-90.8411
474.903	107.451	485.234	0	180	-90.7598
474.849	107.414	485.29	0	180	-90.6785
474.794	107.376	485.345	0	180	-90.5972
474.739	107.339	485.4	0	180	-90.5159
474.685	107.301	485.455	0	180	-90.4346
474.63	107.264	485.51	0	180	-90.3533
474.575	107.226	485.565	0	180	-90.272
474.52	107.188	485.62	0	180	-90.1907
474.466	107.151	485.675	0	180	-90.1094
474.411	107.113	485.73	0	180	-90.0281
474.356	107.076	485.785	0	180	-89.9468
474.302	107.038	485.84	0	180	-89.8656
474.247	107.001	485.895	0	180	-89.7843
474.192	106.963	485.95	0	180	-89.703
474.137	106.926	486.005	0	180	-89.6217
474.083	106.888	486.06	0	180	-89.5404
474.028	106.85	486.115	0	180	-89.4591
473.973	106.813	486.17	0	180	-89.3778
473.918	106.775	486.225	0	180	-89.2965
473.864	106.738	486.28	0	180	-89.2152
473.809	106.7	486.335	0	180	-89.1339
473.754	106.663	486.39	0	180	-89.0526
473.7	106.625	486.445	0	180	-88.9713
473.645	106.587	486.5	0	180	-88.89
473.59	106.55	486.555	0	180	-88.8087
473.535	106.512	486.61	0	180	-88.7275
473.481	106.475	486.666	0	180	-88.6462
473.426	106.437	486.721	0	180	-88.5649
473.371	106.4	486.776	0	180	-88.4836
473.317	106.362	486.831	0	180	-88.4023
473.262	106.325	486.886	0	180	-88.321
473.207	106.287	486.941	0	180	-88.2397
473.152	106.249	486.996	0	180	-88.1584
473.098	106.212	487.051	0	180	-88.0771
473.043	106.174	487.106	0	180	-87.9958
472.988	106.137	487.161	0	180	-87.9145
472.934	106.099	487.216	0	180	-87.8332
472.879	106.062	487.271	0	180	-87.7519
472.824	106.024	487.326	0	180	-87.6706
472.769	105.987	487.381	0	180	-87.5894
472.715	105.949	487.436	0	180	-87.5081
472.66	105.911	487.491	0	180	-87.4268
472.605	105.874	487.546	0	180	-87.3455
472.55	105.836	487.601	0	180	-87.2642
472.496	105.799	487.656	0	180	-87.1829
472.441	105.761	487.711	0	180	-87.1016
472.386	105.724	487.766	0	180	-87.0203
472.332	105.686	487.821	0	180	-86.939
472.277	105.648	487.876	0	180	-86.8577
472.222	105.611	487.931	0	180	-86.7764
472.167	105.573	487.986	0	180	-86.6951
472.113	105.536	488.042	0	180	-86.6138
472.058	105.498	488.097	0	180	-86.5326
472.003	105.461	488.152	0	180	-86.4513
471.949	105.423	488.207	0	180	-86.37
471.894	105.386	488.262	0	180	-86.2887
471.839	105.348	488.317	0	180	-86.2074
471.784	105.31	488.372	0	180	-86.1261
471.73	105.273	488.427	0	180	-86.0448
471.675	105.235	488.482	0	180	-85.9635
471.62	105.198	488.537	0	180	-85.8822
471.566	105.16	488.592	0	180	-85.8009
471.511	105.123	488.647	0	180	-85.7196
471.456	105.085	488.702	0	180	-85.6383
471.401	105.048	488.757	0	180	-85.557
471.347	105.01	488.812	0	180	-85.4757
471.292	104.972	488.867	0	180	-85.3945
471.237	104.935	488.922	0	180	-85.3132
471.182	104.897	488.977	0	180	-85.2319
471.128	104.86	489.032	0	180	-85.1506
471.073	104.822	489.087	0	180	-85.0693
471.018	104.785	489.142	0	180	-84.988
470.964	104.747	489.197	0	180	-84.9067
470.909	104.709	489.252	0	180	-84.8254
470.854	104.672	489.307	0	180	-84.7441
470.799	104.634	489.362	0	180	-84.6628
470.745	104.597	489.417	0	180	-84.5815
470.69	104.559	489.473	0	180	-84.5002
470.635	104.522	489.528	0	180	-84.4189
470.581	104.484	489.583	0	180	-84.3376
470.526	104.447	489.638	0	180	-84.2564
470.471	104.409	489.693	0	180	-84.1751
470.416	104.371	489.748	0	180	-84.0938
470.362	104.334	489.803	0	180	-84.0125
470.307	104.296	489.858	0	180	-83.9312
470.252	104.259	489.913	0	180	-83.8499
470.198	104.221	489.968	0	180	-83.7686
470.143	104.184	490.023	0	180	-83.6873
470.088	104.146	490.078	0	180	-83.606
470.033	104.109	490.133	0	180	-83.5247
469.979	104.071	490.188	0	180	-83.4434
469.924	104.033	490.243	0	180	-83.3621
469.869	103.996	490.298	0	180	-83.2808
469.815	103.958	490.353	0	180	-83.1996
469.76	103.921	490.408	0	180	-83.1183
469.705	103.883	490.463	0	180	-83.037
469.65	103.846	490.518	0	180	-82.9557
469.596	103.808	490.573	0	180	-82.8744
469.541	103.77	490.628	0	180	-82.7931
469.486	103.733	490.683	0	180	-82.7118
469.431	103.695	490.738	0	180	-82.6305
469.377	103.658	490.793	0	180	-82.5492
469.322	103.62	490.849	0	180	-82.4679
469.267	103.583	490.904	0	180	-82.3866
469.213	103.545	490.959	0	180	-82.3053
469.158	103.508	491.014	0	180	-82.224
469.103	103.47	491.069	0	180	-82.1427
469.048	103.432	491.124	0	180	-82.0615
468.994	103.395	491.179	0	180	-81.9802
468.939	103.357	491.234	0	180	-81.8989
468.884	103.32	491.289	0	180	-81.8176
468.83	103.282	491.344	0	180	-81.7363
468.775	103.245	491.399	0	180	-81.655
468.72	103.207	491.454	0	180	-81.5737
468.665	103.17	491.509	0	180	-81.4924
468.611	103.132	491.564	0	180	-81.4111
468.556	103.094	491.619	0	180	-81.3298
468.501	103.057	491.674	0	180	-81.2485
468.447	103.019	491.729	0	180	-81.1672
468.392	102.982	491.784	0	180	-81.0859
468.337	102.944	491.839	0	180	-81.0047
468.282	102.907	491.894	0	180	-80.9234
468.228	102.869	491.949	0	180	-80.8421
468.173	102.832	492.004	0	180	-80.7608
468.118	102.794	492.059	0	180	-80.6795
468.063	102.756	492.114	0	180	-80.5982
468.009	102.719	492.169	0	180	-80.5169
467.954	102.681	492.225	0	180	-80.4356
467.899	102.644	492.28	0	180	-80.3543
467.845	102.606	492.335	0	180	-80.273
467.79	102.569	492.39	0	180	-80.1917
467.735	102.531	492.445	0	180	-80.1104
467.68	102.493	492.5	0	180	-80.0291
467.626	102.456	492.555	0	180	-79.9478
467.571	102.418	492.61	0	180	-79.8666
467.516	102.381	492.665	0	180	-79.7853
467.462	102.343	492.72	0	180	-79.704
467.407	102.306	492.775	0	180	-79.6227
467.352	102.268	492.83	0	180	-79.5414
467.297	102.231	492.885	0	180	-79.4601
467.243	102.193	492.94	0	180	-79.3788
467.188	102.155	492.995	0	180	-79.2975
467.133	102.118	493.05	0	180	-79.2162
467.079	102.08	493.105	0	180	-79.1349
467.024	102.043	493.16	0	180	-79.0536
466.969	102.005	493.215	0	180	-78.9723
466.914	101.968	493.27	0	180	-78.891
466.86	101.93	493.325	0	180	-78.8097
466.805	101.893	493.38	0	180	-78.7285
466.75	101.855	493.435	0	180	-78.6472
466.695	101.817	493.49	0	180	-78.5659
466.641	101.78	493.545	0	180	-78.4846
466.586	101.742	493.6	0	180	-78.4033
466.531	101.705	493.656	0	180	-78.322
466.477	101.667	493.711	0	180	-78.2407
466.422	101.63	493.766	0	180	-78.1594
466.367	101.592	493.821	0	180	-78.0781
466.312	101.554	493.876	0	180	-77.9968
466.258	101.517	493.931	0	180	-77.9155
466.203	101.479	493.986	0	180	-77.8342
466.148	101.442	494.041	0	180	-77.7529
466.094	101.404	494.096	0	180	-77.6717
466.039	101.367	494.151	0	180	-77.5904
465.984	101.329	494.206	0	180	-77.5091
465.929	101.292	494.261	0	180	-77.4278
465.875	101.254	494.316	0	180	-77.3465
465.82	101.216	494.371	0	180	-77.2652
465.765	101.179	494.426	0	180	-77.1839
465.711	101.141	494.481	0	180	-77.1026
465.656	101.104	494.536	0	180	-77.0213
465.601	101.066	494.591	0	180	-76.94
465.546	101.029	494.646	0	180	-76.8587
465.492	100.991	494.701	0	180	-76.7774
465.437	100.954	494.756	0	180	-76.6961
465.382	100.916	494.811	0	180	-76.6148
465.328	100.878	494.866	0	180	-76.5336
465.273	100.841	494.921	0	180	-76.4523
465.218	100.803	494.976	0	180	-76.371
465.163	100.766	495.032	0	180	-76.2897
465.109	100.728	495.087	0	180	-76.2084
465.054	100.691	495.142	0	180	-76.1271
464.999	100.653	495.197	0	180	-76.0458
464.944	100.615	495.252	0	180	-75.9645
464.89	100.578	495.307	0	180	-75.8832
464.835	100.54	495.362	0	180	-75.8019
464.78	100.503	495.417	0	180	-75.7206
464.726	100.465	495.472	0	180	-75.6393
464.671	100.428	495.527	0	180	-75.558
464.616	100.39	495.582	0	180	-75.4767
464.561	100.353	495.637	0	180	-75.3955
464.507	100.315	495.692	0	180	-75.3142
464.452	100.277	495.747	0	180	-75.2329
464.397	100.24	495.802	0	180	-75.1516
464.343	100.202	495.857	0	180	-75.0703
464.288	100.165	495.912	0	180	-74.989
464.233	100.127	495.967	0	180	-74.9077
464.178	100.09	496.022	0	180	-74.8264
464.124	100.052	496.077	0	180	-74.7451
464.069	100.015	496.132	0	180	-74.6638
464.014	99.977	496.187	0	180	-74.5825
463.96	99.9394	496.242	0	180	-74.5012
463.905	99.9018	496.297	0	180	-74.4199
463.85	99.8643	496.352	0	180	-74.3387
463.795	99.8267	496.408	0	180	-74.2574
463.741	99.7892	496.463	0	180	-74.1761
463.686	99.7516	496.518	0	180	-74.0948
463.631	99.714	496.573	0	180	-74.0135
463.576	99.6765	496.628	0	180	-73.9322
463.522	99.6389	496.683	0	180	-73.8509
463.467	99.6014	496.738	0	180	-73.7696
463.412	99.5638	496.793	0	180	-73.6883
463.358	99.5262	496.848	0	180	-73.607
463.303	99.4887	496.903	0	180	-73.5257
463.248	99.4511	496.958	0	180	-73.4444
463.193	99.4136	497.013	0	180	-73.3631
463.139	99.376	497.068	0	180	-73.2818
463.084	99.3384	497.123	0	180	-73.2006
463.029	99.3009	497.178	0	180	-73.1193
462.975	99.2633	497.233	0	180	-73.038
462.92	99.2258	497.288	0	180	-72.9567
462.865	99.1882	497.343	0	180	-72.8754
462.81	99.1507	497.398	0	180	-72.7941
462.756	99.1131	497.453	0	180	-72.7128
462.701	99.0755	497.508	0	180	-72.6315
462.646	99.038	497.563	0	180	-72.5502
462.592	99.0004	497.618	0	180	-72.4689
462.537	98.9629	497.673	0	180	-72.3876
462.482	98.9253	497.728	0	180	-72.3063
462.427	98.8877	497.783	0	180	-72.225
462.373	98.8502	497.839	0	180	-72.1437
462.318	98.8126	497.894	0	180	-72.0625
462.263	98.7751	497.949	0	180	-71.9812
462.208	98.7375	498.004	0	180	-71.8999
462.154	98.6999	498.059	0	180	-71.8186
462.099	98.6624	498.114	0	180	-71.7373
462.044	98.6248	498.169	0	180	-71.656
461.99	98.5873	498.224	0	180	-71.5747
461.935	98.5497	498.279	0	180	-71.4934
461.88	98.5121	498.334	0	180	-71.4121
461.825	98.4746	498.389	0	180	-71.3308
461.771	98.437	498.444	0	180	-71.2495
461.716	98.3995	498.499	0	180	-71.1682
461.661	98.3619	498.554	0	180	-71.0869
461.607	98.3243	498.609	0	180	-71.0057
461.552	98.2868	498.664	0	180	-70.9244
461.497	98.2492	498.719	0	180	-70.8431
461.442	98.2117	498.774	0	180	-70.7618
461.388	98.1741	498.829	0	180	-70.6805
461.333	98.1365	498.884	0	180	-70.5992
461.278	98.099	498.939	0	180	-70.5179
461.224	98.0614	498.994	0	180	-70.4366
461.169	98.0239	499.049	0	180	-70.3553
461.114	97.9863	499.104	0	180	-70.274
461.059	97.9487	499.159	0	180	-70.1927
461.005	97.9112	499.215	0	180	-70.1114
460.95	97.8736	499.27	0	180	-70.0301
460.895	97.8361	499.325	0	180	-69.9488
460.841	97.7985	499.38	0	180	-69.8676
460.786	97.7609	499.435	0	180	-69.7863
460.731	97.7234	499.49	0	180	-69.705
460.676	97.6858	499.545	0	180	-69.6237
460.622	97.6483	499.6	0	180	-69.5424
460.567	97.6107	499.655	0	180	-69.4611
460.512	97.5731	499.71	0	180	-69.3798
460.457	97.5356	499.765	0	180	-69.2985
460.403	97.498	499.82	0	180	-69.2172
460.348	97.4605	499.875	0	180	-69.1359
460.293	97.4229	499.93	0	180	-69.0546
460.239	97.3853	499.985	0	180	-68.9733
460.184	97.3478	500.04	0	180	-68.892
460.129	97.3102	500.095	0	180	-68.8107
460.074	97.2727	500.15	0	180	-68.7295
460.02	97.2351	500.205	0	180	-68.6482
459.965	97.1975	500.26	0	180	-68.5669
459.91	97.16	500.315	0	180	-68.4856
459.856	97.1224	500.37	0	180	-68.4043
459.801	97.0849	500.425	0	180	-68.323
459.746	97.0473	500.48	0	180	-68.2417
459.691	97.0097	500.535	0	180	-68.1604
459.637	96.9722	500.591	0	180	-68.0791
459.582	96.9346	500.646	0	180	-67.9978
459.527	96.8971	500.701	0	180	-67.9165
459.473	96.8595	500.756	0	180	-67.8352
459.418	96.8219	500.811	0	180	-67.7539
459.363	96.7844	500.866	0	180	-67.6727
459.308	96.7468	500.921	0	180	-67.5914
459.254	96.7093	500.976	0	180	-67.5101
459.199	96.6717	501.031	0	180	-67.4288
459.144	96.6342	501.086	0	180	-67.3475
459.089	96.5966	501.141	0	180	-67.2662
459.035	96.559	501.196	0	180	-67.1849
458.98	96.5215	501.251	0	180	-67.1036
458.925	96.4839	501.306	0	180	-67.0223
458.871	96.4464	501.361	0	180	-66.941
458.816	96.4088	501.416	0	180	-66.8597
458.761	96.3712	501.471	0	180	-66.7784
458.706	96.3337	501.526	0	180	-66.6971
458.652	96.2961	501.581	0	180	-66.6158
458.597	96.2586	501.636	0	180	-66.5346
458.542	96.221	501.691	0	180	-66.4533
458.488	96.1834	501.746	0	180	-66.372
458.433	96.1459	501.801	0	180	-66.2907
458.378	96.1083	501.856	0	180	-66.2094
458.323	96.0708	501.911	0	180	-66.1281
458.269	96.0332	501.966	0	180	-66.0468
458.214	95.9956	502.022	0	180	-65.9655
458.159	95.9581	502.077	0	180	-65.8842
458.105	95.9205	502.132	0	180	-65.8029
458.05	95.883	502.187	0	180	-65.7216
457.995	95.8454	502.242	0	180	-65.6403
457.94	95.8078	502.297	0	180	-65.559
457.886	95.7703	502.352	0	180	-65.4778
457.831	95.7327	502.407	0	180	-65.3965
457.776	95.6952	502.462	0	180	-65.3152
457.721	95.6576	502.517	0	180	-65.2339
457.667	95.62	502.572	0	180	-65.1526
457.612	95.5825	502.627	0	180	-65.0713
457.557	95.5449	502.682	0	180	-64.99
457.503	95.5074	502.737	0	180	-64.9087
457.448	95.4698	502.792	0	180	-64.8274
457.393	95.4322	502.847	0	180	-64.7461
457.338	95.3947	502.902	0	180	-64.6648
457.284	95.3571	502.957	0	180	-64.5835
457.229	95.3196	503.012	0	180	-64.5022
457.174	95.282	503.067	0	180	-64.4209
457.12	95.2444	503.122	0	180	-64.3397
457.065	95.2069	503.177	0	180	-64.2584
457.01	95.1693	503.232	0	180	-64.1771
456.955	95.1318	503.287	0	180	-64.0958
456.901	95.0942	503.342	0	180	-64.0145
456.846	95.0566	503.398	0	180	-63.9332
456.791	95.0191	503.453	0	180	-63.8519
456.737	94.9815	503.508	0	180	-63.7706
456.682	94.944	503.563	0	180	-63.6893
456.627	94.9064	503.618	0	180	-63.608
456.572	94.8688	503.673	0	180	-63.5267
456.518	94.8313	503.728	0	180	-63.4454
456.463	94.7937	503.783	0	180	-63.3641
456.408	94.7562	503.838	0	180	-63.2828
456.354	94.7186	503.893	0	180	-63.2016
456.299	94.681	503.948	0	180	-63.1203
456.244	94.6435	504.003	0	180	-63.039
456.189	94.6059	504.058	0	180	-62.9577
456.135	94.5684	504.113	0	180	-62.8764
456.08	94.5308	504.168	0	180	-62.7951
456.025	94.4932	504.223	0	180	-62.7138
455.97	94.4557	504.278	0	180	-62.6325
455.916	94.4181	504.333	0	180	-62.5512
455.861	94.3806	504.388	0	180	-62.4699
455.806	94.343	504.443	0	180	-62.3886
455.752	94.3054	504.498	0	180	-62.3073
455.697	94.2679	504.553	0	180	-62.226
455.642	94.2303	504.608	0	180	-62.1448
455.587	94.1928	504.663	0	180	-62.0635
455.533	94.1552	504.718	0	180	-61.9822
455.478	94.1176	504.774	0	180	-61.9009
455.423	94.0801	504.829	0	180	-61.8196
455.369	94.0425	504.884	0	180	-61.7383
455.314	94.005	504.939	0	180	-61.657
455.259	93.9674	504.994	0	180	-61.5757
455.204	93.9299	505.049	0	180	-61.4944
455.15	93.8923	505.104	0	180	-61.4131
455.095	93.8547	505.159	0	180	-61.3318
455.04	93.8172	505.214	0	180	-61.2505
454.986	93.7796	505.269	0	180	-61.1692
454.931	93.7421	505.324	0	180	-61.0879
454.876	93.7045	505.379	0	180	-61.0067
454.821	93.6669	505.434	0	180	-60.9254
454.767	93.6294	505.489	0	180	-60.8441
454.712	93.5918	505.544	0	180	-60.7628
454.657	93.5543	505.599	0	180	-60.6815
454.602	93.5167	505.654	0	180	-60.6002
454.548	93.4791	505.709	0	180	-60.5189
454.493	93.4416	505.764	0	180	-60.4376
454.438	93.404	505.819	0	180	-60.3563
454.384	93.3665	505.874	0	180	-60.275
454.329	93.3289	505.929	0	180	-60.1937
454.274	93.2913	505.984	0	180	-60.1124
454.219	93.2538	506.039	0	180	-60.0311
454.165	93.2162	506.094	0	180	-59.9498
454.11	93.1787	506.149	0	180	-59.8686
454.055	93.1411	506.205	0	180	-59.7873
454.001	93.1035	506.26	0	180	-59.706
453.946	93.066	506.315	0	180	-59.6247
453.891	93.0284	506.37	0	180	-59.5434
453.836	92.9909	506.425	0	180	-59.4621
453.782	92.9533	506.48	0	180	-59.3808
453.727	92.9157	506.535	0	180	-59.2995
453.672	92.8782	506.59	0	180	-59.2182
453.618	92.8406	506.645	0	180	-59.1369
453.563	92.8031	506.7	0	180	-59.0556
453.508	92.7655	506.755	0	180	-58.9743
453.453	92.7279	506.81	0	180	-58.893
453.399	92.6904	506.865	0	180	-58.8118
453.344	92.6528	506.92	0	180	-58.7305
453.289	92.6153	506.975	0	180	-58.6492
453.234	92.5777	507.03	0	180	-58.5679
453.18	92.5401	507.085	0	180	-58.4866
453.125	92.5026	507.14	0	180	-58.4053
453.07	92.465	507.195	0	180	-58.324
453.016	92.4275	507.25	0	180	-58.2427
452.961	92.3899	507.305	0	180	-58.1614
452.906	92.3523	507.36	0	180	-58.0801
452.851	92.3148	507.415	0	180	-57.9988
452.797	92.2772	507.47	0	180	-57.9175
452.742	92.2397	507.525	0	180	-57.8362
452.687	92.2021	507.581	0	180	-57.7549
452.633	92.1645	507.636	0	180	-57.6737
452.578	92.127	507.691	0	180	-57.5924
452.523	92.0894	507.746	0	180	-57.5111
452.468	92.0519	507.801	0	180	-57.4298
452.414	92.0143	507.856	0	180	-57.3485
452.359	91.9767	507.911	0	180	-57.2672
452.304	91.9392	507.966	0	180	-57.1859
452.25	91.9016	508.021	0	180	-57.1046
452.195	91.8641	508.076	0	180	-57.0233
452.14	91.8265	508.131	0	180	-56.942
452.085	91.7889	508.186	0	180	-56.8607
452.031	91.7514	508.241	0	180	-56.7794
451.976	91.7138	508.296	0	180	-56.6981
451.921	91.6763	508.351	0	180	-56.6168
451.867	91.6387	508.406	0	180	-56.5356
451.812	91.6011	508.461	0	180	-56.4543
451.757	91.5636	508.516	0	180	-56.373
451.702	91.526	508.571	0	180	-56.2917
451.648	91.4885	508.626	0	180	-56.2104
451.593	91.4509	508.681	0	180	-56.1291
451.538	91.4134	508.736	0	180	-56.0478
451.483	91.3758	508.791	0	180	-55.9665
451.429	91.3382	508.846	0	180	-55.8852
451.374	91.3007	508.901	0	180	-55.8039
451.319	91.2631	508.956	0	180	-55.7226
451.265	91.2256	509.012	0	180	-55.6413
451.21	91.188	509.067	0	180	-55.56
451.155	91.1504	509.122	0	180	-55.4788
451.1	91.1129	509.177	0	180	-55.3975
451.046	91.0753	509.232	0	180	-55.3162
450.991	91.0378	509.287	0	180	-55.2349
450.936	91.0002	509.342	0	180	-55.1536
450.882	90.9626	509.397	0	180	-55.0723
450.827	90.9251	509.452	0	180	-54.991
450.772	90.8875	509.507	0	180	-54.9097
450.717	90.85	509.562	0	180	-54.8284
450.663	90.8124	509.617	0	180	-54.7471
450.608	90.7748	509.672	0	180	-54.6658
450.553	90.7373	509.727	0	180	-54.5845
450.499	90.6997	509.782	0	180	-54.5032
450.444	90.6622	509.837	0	180	-54.4219
450.389	90.6246	509.892	0	180	-54.3407
450.334	90.587	509.947	0	180	-54.2594
450.28	90.5495	510.002	0	180	-54.1781
450.225	90.5119	510.057	0	180	-54.0968
450.17	90.4744	510.112	0	180	-54.0155
450.115	90.4368	510.167	0	180	-53.9342
450.061	90.3992	510.222	0	180	-53.8529
450.006	90.3617	510.277	0	180	-53.7716
449.951	90.3241	510.332	0	180	-53.6903
449.897	90.2866	510.388	0	180	-53.609
449.842	90.249	510.443	0	180	-53.5277
449.787	90.2114	510.498	0	180	-53.4464
449.732	90.1739	510.553	0	180	-53.3651
449.678	90.1363	510.608	0	180	-53.2839
449.623	90.0988	510.663	0	180	-53.2026
449.568	90.0612	510.718	0	180	-53.1213
449.514	90.0236	510.773	0	180	-53.04
449.459	89.9861	510.828	0	180	-52.9587
449.404	89.9485	510.883	0	180	-52.8774
449.349	89.911	510.938	0	180	-52.7961
449.295	89.8734	510.993	0	180	-52.7148
449.24	89.8358	511.048	0	180	-52.6335
449.185	89.7983	511.103	0	180	-52.5522
449.131	89.7607	511.158	0	180	-52.4709
449.076	89.7232	511.213	0	180	-52.3896
449.021	89.6856	511.268	0	180	-52.3083
448.966	89.648	511.323	0	180	-52.227
448.912	89.6105	511.378	0	180	-52.1458
448.857	89.5729	511.433	0	180	-52.0645
448.802	89.5354	511.488	0	180	-51.9832
448.747	89.4978	511.543	0	180	-51.9019
448.693	89.4602	511.598	0	180	-51.8206
448.638	89.4227	511.653	0	180	-51.7393
448.583	89.3851	511.708	0	180	-51.658
448.529	89.3476	511.764	0	180	-51.5767
448.474	89.31	511.819	0	180	-51.4954
448.419	89.2724	511.874	0	180	-51.4141
448.364	89.2349	511.929	0	180	-51.3328
448.31	89.1973	511.984	0	180	-51.2515
448.255	89.1598	512.039	0	180	-51.1702
448.2	89.1222	512.094	0	180	-51.0889
448.146	89.0846	512.149	0	180	-51.0077
448.091	89.0471	512.204	0	180	-50.9264
448.036	89.0095	512.259	0	180	-50.8451
447.981	88.972	512.314	0	180	-50.7638
447.927	88.9344	512.369	0	180	-50.6825
447.872	88.8969	512.424	0	180	-50.6012
447.817	88.8593	512.479	0	180	-50.5199
447.763	88.8217	512.534	0	180	-50.4386
447.708	88.7842	512.589	0	180	-50.3573
447.653	88.7466	512.644	0	180	-50.276
447.598	88.7091	512.699	0	180	-50.1947
447.544	88.6715	512.754	0	180	-50.1134
447.489	88.6339	512.809	0	180	-50.0321
447.434	88.5964	512.864	0	180	-49.9509
447.38	88.5588	512.919	0	180	-49.8696
447.325	88.5213	512.974	0	180	-49.7883
447.27	88.4837	513.029	0	180	-49.707
447.215	88.4461	513.084	0	180	-49.6257
447.161	88.4086	513.139	0	180	-49.5444
447.106	88.371	513.195	0	180	-49.4631
447.051	88.3335	513.25	0	180	-49.3818
446.996	88.2959	513.305	0	180	-49.3005
446.942	88.2583	513.36	0	180	-49.2192
446.887	88.2208	513.415	0	180	-49.1379
446.832	88.1832	513.47	0	180	-49.0566
446.778	88.1457	513.525	0	180	-48.9753
446.723	88.1081	513.58	0	180	-48.894
446.668	88.0705	513.635	0	180	-48.8128
446.613	88.033	513.69	0	180	-48.7315
446.559	87.9954	513.745	0	180	-48.6502
446.504	87.9579	513.8	0	180	-48.5689
446.449	87.9203	513.855	0	180	-48.4876
446.395	87.8827	513.91	0	180	-48.4063
446.34	87.8452	513.965	0	180	-48.325
446.285	87.8076	514.02	0	180	-48.2437
446.23	87.7701	514.075	0	180	-48.1624
446.176	87.7325	514.13	0	180	-48.0811
446.121	87.6949	514.185	0	180	-47.9998
446.066	87.6574	514.24	0	180	-47.9185
446.012	87.6198	514.295	0	180	-47.8372
445.957	87.5823	514.35	0	180	-47.7559
445.902	87.5447	514.405	0	180	-47.6747
445.847	87.5071	514.46	0	180	-47.5934
445.793	87.4696	514.515	0	180	-47.5121
445.738	87.432	514.57	0	180	-47.4308
445.683	87.3945	514.624	0	180	-47.3495
445.628	87.3569	514.677	0	180	-47.2682
445.574	87.3193	514.729	0	180	-47.1869
445.519	87.2818	514.78	0	180	-47.1056
445.464	87.2442	514.83	0	180	-47.0243
445.41	87.2067	514.879	0	180	-46.943
445.355	87.1691	514.927	0	180	-46.8617
445.3	87.1315	514.974	0	180	-46.7804
445.245	87.094	515.019	0	180	-46.6991
445.191	87.0564	515.064	0	180	-46.6179
445.136	87.0189	515.108	0	180	-46.5366
445.081	86.9813	515.151	0	180	-46.4553
445.027	86.9437	515.193	0	180	-46.374
444.972	86.9062	515.234	0	180	-46.2927
444.917	86.8686	515.274	0	180	-46.2114
444.862	86.8311	515.313	0	180	-46.1301
444.808	86.7935	515.351	0	180	-46.0488
444.753	86.7559	515.387	0	180	-45.9675
444.698	86.7184	515.423	0	180	-45.8862
444.644	86.6808	515.458	0	180	-45.8049
444.589	86.6433	515.492	0	180	-45.7236
444.534	86.6057	515.525	0	180	-45.6423
444.479	86.5681	515.557	0	180	-45.561
444.425	86.5306	515.588	0	180	-45.4798
444.37	86.493	515.618	0	180	-45.3985
444.315	86.4555	515.647	0	180	-45.3172
444.26	86.4179	515.675	0	180	-45.2359
444.206	86.3803	515.701	0	180	-45.1546
444.151	86.3428	515.727	0	180	-45.0733
444.096	86.3052	515.752	0	180	-44.992
444.042	86.2677	515.776	0	180	-44.9107
443.987	86.2301	515.799	0	180	-44.8294
443.932	86.1926	515.821	0	180	-44.7481
443.877	86.155	515.842	0	180	-44.6668
443.823	86.1174	515.862	0	180	-44.5855
443.768	86.0799	515.881	0	180	-44.5042
443.713	86.0423	515.899	0	180	-44.4229
443.659	86.0048	515.915	0	180	-44.3417
443.604	85.9672	515.931	0	180	-44.2604
443.549	85.9296	515.946	0	180	-44.1791
443.494	85.8921	515.96	0	180	-44.0978
443.44	85.8545	515.973	0	180	-44.0165
443.385	85.817	515.985	0	180	-43.9352
443.33	85.7794	515.996	0	180	-43.8539
443.276	85.7418	516.006	0	180	-43.7726
443.221	85.7043	516.015	0	180	-43.6913
443.166	85.6667	516.023	0	180	-43.61
443.111	85.6292	516.029	0	180	-43.5287
443.057	85.5916	516.035	0	180	-43.4474
443.002	85.554	516.04	0	180	-43.3661
442.947	85.5165	516.044	0	180	-43.2849
442.893	85.4789	516.047	0	180	-43.2036
442.838	85.4414	516.049	0	180	-43.1223
442.783	85.4038	516.05	0	180	-43.041
442.728	85.3662	516.05	0	180	-42.9597
442.674	85.3287	516.049	0	180	-42.8784
442.619	85.2911	516.047	0	180	-42.7971
442.564	85.2536	516.043	0	180	-42.7158
442.509	85.216	516.039	0	180	-42.6345
442.455	85.1784	516.034	0	180	-42.5532
442.4	85.1409	516.028	0	180	-42.4719
442.345	85.1033	516.021	0	180	-42.3906
442.291	85.0658	516.013	0	180	-42.3093
442.236	85.0282	516.004	0	180	-42.228
442.181	84.9906	515.994	0	180	-42.1468
442.126	84.9531	515.983	0	180	-42.0655
442.072	84.9155	515.971	0	180	-41.9842
442.017	84.878	515.957	0	180	-41.9029
441.962	84.8404	515.943	0	180	-41.8216
441.908	84.8028	515.928	0	180	-41.7403
441.853	84.7653	515.912	0	180	-41.659
441.798	84.7277	515.895	0	180	-41.5777
441.743	84.6902	515.877	0	180	-41.4964
441.689	84.6526	515.858	0	180	-41.4151
441.634	84.615	515.838	0	180	-41.3338
441.579	84.5775	515.817	0	180	-41.2525
441.525	84.5399	515.794	0	180	-41.1712
441.47	84.5024	515.771	0	180	-41.09
441.415	84.4648	515.747	0	180	-41.0087
441.36	84.4272	515.722	0	180	-40.9274
441.306	84.3897	515.696	0	180	-40.8461
441.251	84.3521	515.669	0	180	-40.7648
441.196	84.3146	515.641	0	180	-40.6835
441.141	84.277	515.612	0	180	-40.6022
441.087	84.2394	515.582	0	180	-40.5209
441.032	84.2019	515.551	0	180	-40.4396
440.977	84.1643	515.518	0	180	-40.3583
440.923	84.1268	515.485	0	180	-40.277
440.868	84.0892	515.451	0	180	-40.1963
440.813	84.0516	515.416	0	180	-40.1166
440.758	84.0141	515.38	0	180	-40.0379
440.704	83.9765	515.343	0	180	-39.9602
440.649	83.939	515.305	0	180	-39.8835
440.594	83.9014	515.266	0	180	-39.8078
440.54	83.8638	515.226	0	180	-39.733
440.485	83.8263	515.185	0	180	-39.6593
440.429	83.7887	515.142	0	180	-39.5866
440.372	83.7503	515.099	0	180	-39.5149
440.314	83.7109	515.055	0	180	-39.4442
440.255	83.6705	515.01	0	180	-39.3745
440.195	83.6291	514.964	0	180	-39.3058
440.135	83.5876	514.917	0	180	-39.2381
440.073	83.5461	514.869	0	180	-39.1714
440.012	83.5045	514.82	0	180	-39.1056
439.951	83.463	514.77	0	180	-39.0409
439.89	83.4215	514.719	0	180	-38.9772
439.828	83.38	514.666	0	180	-38.9145
439.767	83.3384	514.613	0	180	-38.8528
439.706	83.2969	514.559	0	180	-38.7921
439.645	83.2554	514.504	0	180	-38.7322
439.583	83.2138	514.448	0	180	-38.6723
439.522	83.1723	514.391	0	180	-38.6125
439.461	83.1308	514.333	0	180	-38.5527
439.4	83.0892	514.274	0	180	-38.4928
439.338	83.0477	514.214	0	180	-38.433
439.277	83.0062	514.153	0	180	-38.3732
439.216	82.9646	514.09	0	180	-38.3133
439.155	82.9231	514.027	0	180	-38.2535
439.093	82.8816	513.963	0	180	-38.1936
439.032	82.84	513.898	0	180	-38.1338
438.971	82.7985	513.832	0	180	-38.074
438.91	82.757	513.765	0	180	-38.0141
438.848	82.7154	513.697	0	180	-37.9543
438.787	82.6739	513.628	0	180	-37.8945
438.726	82.6324	513.558	0	180	-37.8346
438.665	82.5908	513.487	0	180	-37.7748
438.603	82.5493	513.414	0	180	-37.7149
438.542	82.5078	513.341	0	180	-37.6551
438.481	82.4662	513.267	0	180	-37.5953
438.42	82.4247	513.192	0	180	-37.5354
438.358	82.3832	513.116	0	180	-37.4756
438.297	82.3416	513.039	0	180	-37.4158
438.236	82.3001	512.961	0	180	-37.3559
438.175	82.2586	512.882	0	180	-37.2961
438.113	82.217	512.802	0	180	-37.2363
438.052	82.1755	512.72	0	180	-37.1764
437.991	82.134	512.638	0	180	-37.1166
437.93	82.0925	512.555	0	180	-37.0567
437.868	82.0509	512.471	0	180	-36.9969
437.807	82.0094	512.386	0	180	-36.9371
437.746	81.9679	512.3	0	180	-36.8772
437.685	81.9263	512.213	0	180	-36.8174
437.623	81.8848	512.125	0	180	-36.7576
437.562	81.8433	512.036	0	180	-36.6977
437.501	81.8017	511.946	0	180	-36.6379
437.44	81.7602	511.854	0	180	-36.5781
437.378	81.7187	511.762	0	180	-36.5182
437.317	81.6771	511.669	0	180	-36.4584
437.256	81.6356	511.575	0	180	-36.3985
437.195	81.5941	511.48	0	180	-36.3387
437.133	81.5525	511.384	0	180	-36.2789
437.072	81.511	511.287	0	180	-36.219
437.011	81.4695	511.189	0	180	-36.1592
436.95	81.4279	511.09	0	180	-36.0994
436.888	81.3864	510.99	0	180	-36.0395
436.827	81.3449	510.888	0	180	-35.9797
436.766	81.3033	510.786	0	180	-35.9198
436.705	81.2618	510.683	0	180	-35.86
436.643	81.2203	510.579	0	180	-35.8002
436.582	81.1787	510.474	0	180	-35.7403
436.521	81.1372	510.368	0	180	-35.6805
436.46	81.0957	510.261	0	180	-35.6207
436.398	81.0541	510.153	0	180	-35.5608
436.337	81.0126	510.044	0	180	-35.501
436.276	80.9711	509.934	0	180	-35.4412
436.215	80.9295	509.822	0	180	-35.3813
436.153	80.888	509.71	0	180	-35.3215
436.092	80.8465	509.597	0	180	-35.2616
436.031	80.805	509.483	0	180	-35.2018
435.97	80.7634	509.368	0	180	-35.142
435.908	80.7219	509.252	0	180	-35.0821
435.847	80.6804	509.135	0	180	-35.0223
435.786	80.6388	509.017	0	180	-34.9625
435.725	80.5973	508.898	0	180	-34.9026
435.663	80.5558	508.778	0	180	-34.8428
435.602	80.5142	508.656	0	180	-34.7829
435.541	80.4727	508.534	0	180	-34.7231
435.48	80.4312	508.411	0	180	-34.6633
435.418	80.3896	508.287	0	180	-34.6034
435.357	80.3481	508.162	0	180	-34.5436
435.296	80.3066	508.036	0	180	-34.4838
435.235	80.265	507.909	0	180	-34.4239
435.173	80.2235	507.781	0	180	-34.3641
435.112	80.182	507.652	0	180	-34.3043
435.051	80.1404	507.522	0	180	-34.2444
434.99	80.0989	507.39	0	180	-34.1846
434.928	80.0574	507.258	0	180	-34.1247
434.867	80.0158	507.125	0	180	-34.0649
434.806	79.9743	506.991	0	180	-34.0051
434.745	79.9328	506.856	0	180	-33.9452
434.683	79.8912	506.72	0	180	-33.8854
434.622	79.8497	506.583	0	180	-33.8256
434.561	79.8082	506.445	0	180	-33.7657
434.5	79.7666	506.306	0	180	-33.7059
434.438	79.7251	506.165	0	180	-33.6461
434.377	79.6836	506.024	0	180	-33.5862
434.316	79.6421	505.882	0	180	-33.5264
434.255	79.6005	505.739	0	180	-33.4665
434.193	79.559	505.596	0	180	-33.4067
434.132	79.5175	505.452	0	180	-33.3469
434.071	79.4759	505.309	0	180	-33.287
434.01	79.4344	505.165	0	180	-33.2272
433.948	79.3929	505.022	0	180	-33.1674
433.887	79.3513	504.878	0	180	-33.1075
433.826	79.3098	504.734	0	180	-33.0477
433.765	79.2683	504.591	0	180	-32.9878
433.703	79.2267	504.447	0	180	-32.928
433.642	79.1852	504.304	0	180	-32.8682
433.581	79.1437	504.16	0	180	-32.8083
433.52	79.1021	504.017	0	180	-32.7485
433.458	79.0606	503.873	0	180	-32.6887
433.397	79.0191	503.73	0	180	-32.6288
433.336	78.9775	503.586	0	180	-32.569
433.275	78.936	503.443	0	180	-32.5092
433.213	78.8945	503.299	0	180	-32.4493
433.152	78.8529	503.156	0	180	-32.3895
433.091	78.8114	503.012	0	180	-32.3296
433.03	78.7699	502.868	0	180	-32.2698
432.968	78.7283	502.725	0	180	-32.21
432.907	78.6868	502.581	0	180	-32.1501
432.846	78.6453	502.438	0	180	-32.0903
432.785	78.6037	502.294	0	180	-32.0305
432.723	78.5622	502.151	0	180	-31.9706
432.662	78.5207	502.007	0	180	-31.9108
432.601	78.4791	501.864	0	180	-31.8509
432.54	78.4376	501.72	0	180	-31.7911
432.478	78.3961	501.577	0	180	-31.7313
432.417	78.3546	501.433	0	180	-31.6714
432.356	78.313	501.29	0	180	-31.6116
432.295	78.2715	501.146	0	180	-31.5518
432.233	78.23	501.002	0	180	-31.4919
432.172	78.1884	500.859	0	180	-31.4321
432.111	78.1469	500.715	0	180	-31.3723
432.05	78.1054	500.572	0	180	-31.3124
431.988	78.0638	500.428	0	180	-31.2526
431.927	78.0223	500.285	0	180	-31.1927
431.866	77.9808	500.141	0	180	-31.1329
431.805	77.9392	499.998	0	180	-31.0731
431.743	77.8977	499.854	0	180	-31.0132
431.682	77.8562	499.711	0	180	-30.9534
431.621	77.8146	499.567	0	180	-30.8936
431.56	77.7731	499.424	0	180	-30.8337
431.498	77.7316	499.28	0	180	-30.7739
431.437	77.69	499.137	0	180	-30.7141
431.376	77.6485	498.993	0	180	-30.6542
431.315	77.607	498.849	0	180	-30.5944
431.253	77.5654	498.706	0	180	-30.5345
431.192	77.5239	498.562	0	180	-30.4747
431.131	77.4824	498.419	0	180	-30.4149
431.07	77.4408	498.275	0	180	-30.355
431.008	77.3993	498.132	0	180	-30.2952
430.947	77.3578	497.988	0	180	-30.2354
430.886	77.3162	497.845	0	180	-30.1755
430.825	77.2747	497.701	0	180	-30.1157
430.763	77.2332	497.558	0	180	-30.0558
430.702	77.1917	497.414	0	180	-29.996
430.641	77.1501	497.271	0	180	-29.9362
430.58	77.1086	497.127	0	180	-29.8763
430.518	77.0671	496.983	0	180	-29.8165
430.457	77.0255	496.84	0	180	-29.7567
430.396	76.984	496.696	0	180	-29.6968
430.335	76.9425	496.553	0	180	-29.637
430.273	76.9009	496.409	0	180	-29.5772
430.212	76.8594	496.266	0	180	-29.5173
430.151	76.8179	496.122	0	180	-29.4575
430.09	76.7763	495.979	0	180	-29.3976
430.028	76.7348	495.835	0	180	-29.3378
429.967	76.6933	495.692	0	180	-29.278
429.906	76.6517	495.548	0	180	-29.2181
429.845	76.6102	495.405	0	180	-29.1583
429.783	76.5687	495.261	0	180	-29.0985
429.722	76.5271	495.117	0	180	-29.0386
429.661	76.4856	494.974	0	180	-28.9788
429.6	76.4441	494.83	0	180	-28.9189
429.538	76.4025	494.687	0	180	-28.8591
429.477	76.361	494.543	0	180	-28.7993
429.416	76.3195	494.4	0	180	-28.7394
429.355	76.2779	494.256	0	180	-28.6796
429.293	76.2364	494.113	0	180	-28.6198
429.232	76.1949	493.969	0	180	-28.5599
429.171	76.1533	493.826	0	180	-28.5001
429.11	76.1118	493.682	0	180	-28.4403
429.048	76.0703	493.539	0	180	-28.3804
428.987	76.0287	493.395	0	180	-28.3206
428.926	75.9872	493.251	0	180	-28.2607
428.865	75.9457	493.108	0	180	-28.2009
428.803	75.9042	492.964	0	180	-28.1411
428.742	75.8626	492.821	0	180	-28.0812
428.681	75.8211	492.677	0	180	-28.0214
428.62	75.7796	492.534	0	180	-27.9616
428.558	75.738	492.39	0	180	-27.9017
428.497	75.6965	492.247	0	180	-27.8419
428.436	75.655	492.103	0	180	-27.7821
428.375	75.6134	491.96	0	180	-27.7222
428.313	75.5719	491.816	0	180	-27.6624
428.252	75.5304	491.673	0	180	-27.6025
428.191	75.4888	491.529	0	180	-27.5427
428.13	75.4473	491.386	0	180	-27.4829
428.068	75.4058	491.242	0	180	-27.423
428.007	75.3642	491.098	0	180	-27.3632
427.946	75.3227	490.955	0	180	-27.3034
427.885	75.2812	490.811	0	180	-27.2435
427.823	75.2396	490.668	0	180	-27.1837
427.762	75.1981	490.524	0	180	-27.1238
427.701	75.1566	490.381	0	180	-27.064
427.64	75.115	490.237	0	180	-27.0042
427.578	75.0735	490.094	0	180	-26.9443
427.517	75.032	489.95	0	180	-26.8845
427.456	74.9904	489.807	0	180	-26.8247
427.395	74.9489	489.663	0	180	-26.7648
427.333	74.9074	489.52	0	180	-26.705
427.272	74.8658	489.376	0	180	-26.6452
427.211	74.8243	489.232	0	180	-26.5853
427.15	74.7828	489.089	0	180	-26.5255
427.088	74.7412	488.945	0	180	-26.4656
427.027	74.6997	488.802	0	180	-26.4058
426.966	74.6582	488.658	0	180	-26.346
426.905	74.6167	488.515	0	180	-26.2861
426.843	74.5751	488.371	0	180	-26.2263
426.782	74.5336	488.228	0	180	-26.1665
426.721	74.4921	488.084	0	180	-26.1066
426.66	74.4505	487.941	0	180	-26.0468
426.598	74.409	487.797	0	180	-25.987
426.537	74.3675	487.654	0	180	-25.9271
426.476	74.3259	487.51	0	180	-25.8673
426.415	74.2844	487.366	0	180	-25.8074
426.353	74.2429	487.223	0	180	-25.7476
426.292	74.2013	487.079	0	180	-25.6878
426.231	74.1598	486.936	0	180	-25.6279
426.17	74.1183	486.792	0	180	-25.5681
426.108	74.0767	486.649	0	180	-25.5083
426.047	74.0352	486.505	0	180	-25.4484
425.986	73.9937	486.362	0	180	-25.3886
425.925	73.9521	486.218	0	180	-25.3287
425.863	73.9106	486.075	0	180	-25.2689
425.802	73.8691	485.931	0	180	-25.2091
425.741	73.8275	485.788	0	180	-25.1492
425.68	73.786	485.644	0	180	-25.0894
425.618	73.7445	485.501	0	180	-25.0296
425.557	73.7029	485.357	0	180	-24.9697
425.496	73.6614	485.213	0	180	-24.9099
425.435	73.6199	485.07	0	180	-24.8501
425.373	73.5783	484.926	0	180	-24.7902
425.312	73.5368	484.783	0	180	-24.7304
425.251	73.4953	484.639	0	180	-24.6705
425.19	73.4538	484.496	0	180	-24.6107
425.128	73.4122	484.352	0	180	-24.5509
425.067	73.3707	484.209	0	180	-24.491
425.006	73.3292	484.065	0	180	-24.4312
424.945	73.2876	483.922	0	180	-24.3714
424.883	73.2461	483.778	0	180	-24.3115
424.822	73.2046	483.635	0	180	-24.2517
424.761	73.163	483.491	0	180	-24.1918
424.7	73.1215	483.347	0	180	-24.132
424.638	73.08	483.204	0	180	-24.0722
424.577	73.0384	483.06	0	180	-24.0123
424.516	72.9969	482.917	0	180	-23.9525
424.455	72.9554	482.773	0	180	-23.8927
424.393	72.9138	482.63	0	180	-23.8328
424.332	72.8723	482.486	0	180	-23.773
424.271	72.8308	482.343	0	180	-23.7132
424.21	72.7892	482.199	0	180	-23.6533
424.148	72.7477	482.056	0	180	-23.5935
424.087	72.7062	481.912	0	180	-23.5336
424.026	72.6646	481.769	0	180	-23.4738
423.965	72.6231	481.625	0	180	-23.414
423.903	72.5816	481.481	0	180	-23.3541
423.842	72.54	481.338	0	180	-23.2943
423.781	72.4985	481.194	0	180	-23.2345
423.72	72.457	481.051	0	180	-23.1746
423.658	72.4154	480.907	0	180	-23.1148
423.597	72.3739	480.764	0	180	-23.055
423.536	72.3324	480.62	0	180	-22.9951
423.475	72.2908	480.477	0	180	-22.9353
423.413	72.2493	480.333	0	180	-22.8754
423.352	72.2078	480.19	0	180	-22.8156
423.291	72.1663	480.046	0	180	-22.7558
423.23	72.1247	479.903	0	180	-22.6959
423.168	72.0832	479.759	0	180	-22.6361
423.107	72.0417	479.615	0	180	-22.5763
423.046	72.0001	479.472	0	180	-22.5164
422.985	71.9586	479.328	0	180	-22.4566
422.923	71.9171	479.185	0	180	-22.3967
422.862	71.8755	479.041	0	180	-22.3369
422.801	71.834	478.898	0	180	-22.2771
422.74	71.7925	478.754	0	180	-22.2172
422.678	71.7509	478.611	0	180	-22.1574
422.617	71.7094	478.467	0	180	-22.0976
422.556	71.6679	478.324	0	180	-22.0377
422.495	71.6263	478.18	0	180	-21.9779
422.433	71.5848	478.037	0	180	-21.9181
422.372	71.5433	477.893	0	180	-21.8582
422.311	71.5017	477.75	0	180	-21.7984
422.25	71.4602	477.606	0	180	-21.7385
422.188	71.4187	477.462	0	180	-21.6787
422.127	71.3771	477.319	0	180	-21.6189
422.066	71.3356	477.175	0	180	-21.559
422.005	71.2941	477.032	0	180	-21.4992
421.943	71.2525	476.888	0	180	-21.4394
421.882	71.211	476.745	0	180	-21.3795
421.821	71.1695	476.601	0	180	-21.3197
421.76	71.1279	476.458	0	180	-21.2598
421.698	71.0864	476.314	0	180	-21.2
421.637	71.0449	476.171	0	180	-21.1402
421.576	71.0034	476.027	0	180	-21.0803
421.515	70.9618	475.884	0	180	-21.0205
421.453	70.9203	475.74	0	180	-20.9607
421.392	70.8788	475.596	0	180	-20.9008
421.331	70.8372	475.453	0	180	-20.841
421.27	70.7957	475.309	0	180	-20.7812
421.208	70.7542	475.166	0	180	-20.7213
421.147	70.7126	475.022	0	180	-20.6615
421.086	70.6711	474.879	0	180	-20.6016
421.025	70.6296	474.735	0	180	-20.5418
420.963	70.588	474.592	0	180	-20.482
420.902	70.5465	474.448	0	180	-20.4221
420.841	70.505	474.305	0	180	-20.3623
420.78	70.4634	474.161	0	180	-20.3025
420.718	70.4219	474.018	0	180	-20.2426
420.657	70.3804	473.874	0	180	-20.1828
420.596	70.3388	473.73	0	180	-20.123
420.535	70.2973	473.587	0	180	-20.0631
420.473	70.2558	473.443	0	180	-20.0033
420.412	70.2142	473.3	0	180	-19.9434
420.351	70.1727	473.156	0	180	-19.8836
420.29	70.1312	473.013	0	180	-19.8238
420.228	70.0896	472.869	0	180	-19.7639
420.167	70.0481	472.726	0	180	-19.7041
420.106	70.0066	472.582	0	180	-19.6443
420.045	69.965	472.439	0	180	-19.5844
419.983	69.9235	472.295	0	180	-19.5246
419.922	69.882	472.152	0	180	-19.4647
419.861	69.8404	472.008	0	180	-19.4049
419.8	69.7989	471.865	0	180	-19.3451
419.738	69.7574	471.721	0	180	-19.2852
419.677	69.7159	471.577	0	180	-19.2254
419.616	69.6743	471.434	0	180	-19.1656
419.555	69.6328	471.29	0	180	-19.1057
419.493	69.5913	471.147	0	180	-19.0459
419.432	69.5497	471.003	0	180	-18.9861
419.371	69.5082	470.86	0	180	-18.9262
419.31	69.4667	470.716	0	180	-18.8664
419.248	69.4251	470.573	0	180	-18.8065
419.187	69.3836	470.429	0	180	-18.7467
419.126	69.3421	470.286	0	180	-18.6869
419.065	69.3005	470.142	0	180	-18.627
419.003	69.259	469.999	0	180	-18.5672
418.942	69.2175	469.855	0	180	-18.5074
418.881	69.1759	469.711	0	180	-18.4475
418.82	69.1344	469.568	0	180	-18.3877
418.758	69.0929	469.424	0	180	-18.3278
418.697	69.0513	469.281	0	180	-18.268
418.636	69.0098	469.137	0	180	-18.2082
418.575	68.9683	468.994	0	180	-18.1483
418.513	68.9267	468.85	0	180	-18.0885
418.452	68.8852	468.707	0	180	-18.0287
418.391	68.8437	468.563	0	180	-17.9688
418.33	68.8021	468.42	0	180	-17.909
418.268	68.7606	468.276	0	180	-17.8492
418.207	68.7191	468.133	0	180	-17.7893
418.146	68.6775	467.989	0	180	-17.7295
418.085	68.636	467.845	0	180	-17.6696
418.023	68.5945	467.702	0	180	-17.6098
417.962	68.5529	467.558	0	180	-17.55
417.901	68.5114	467.415	0	180	-17.4901
417.84	68.4699	467.271	0	180	-17.4303
417.778	68.4284	467.128	0	180	-17.3705
417.717	68.3868	466.984	0	180	-17.3106
417.656	68.3453	466.841	0	180	-17.2508
417.595	68.3038	466.697	0	180	-17.191
417.533	68.2622	466.554	0	180	-17.1311
417.472	68.2207	466.41	0	180	-17.0713
417.411	68.1792	466.267	0	180	-17.0114
417.35	68.1376	466.124	0	180	-16.9516
417.288	68.0961	465.982	0	180	-16.8918
417.227	68.0546	465.841	0	180	-16.8319
417.166	68.013	465.701	0	180	-16.7721
417.105	67.9715	465.563	0	180	-16.7123
417.043	67.93	465.425	0	180	-16.6524
416.982	67.8884	465.288	0	180	-16.5926
416.921	67.8469	465.152	0	180	-16.5327
416.86	67.8054	465.017	0	180	-16.4729
416.798	67.7638	464.884	0	180	-16.4131
416.737	67.7223	464.751	0	180	-16.3532
416.676	67.6808	464.619	0	180	-16.2934
416.615	67.6392	464.488	0	180	-16.2336
416.553	67.5977	464.358	0	180	-16.1737
416.492	67.5562	464.23	0	180	-16.1139
416.431	67.5146	464.102	0	180	-16.0541
416.37	67.4731	463.975	0	180	-15.9942
416.308	67.4316	463.849	0	180	-15.9344
416.247	67.39	463.725	0	180	-15.8745
416.186	67.3485	463.601	0	180	-15.8147
416.125	67.307	463.478	0	180	-15.7549
416.063	67.2655	463.356	0	180	-15.695
416.002	67.2239	463.235	0	180	-15.6352
415.941	67.1824	463.116	0	180	-15.5754
415.88	67.1409	462.997	0	180	-15.5155
415.818	67.0993	462.879	0	180	-15.4557
415.757	67.0578	462.762	0	180	-15.3959
415.696	67.0163	462.646	0	180	-15.336
415.635	66.9747	462.532	0	180	-15.2762
415.573	66.9332	462.418	0	180	-15.2163
415.512	66.8917	462.305	0	180	-15.1565
415.451	66.8501	462.193	0	180	-15.0967
415.39	66.8086	462.082	0	180	-15.0368
415.328	66.7671	461.973	0	180	-14.977
415.267	66.7255	461.864	0	180	-14.9172
415.206	66.684	461.756	0	180	-14.8573
415.145	66.6425	461.649	0	180	-14.7975
415.083	66.6009	461.543	0	180	-14.7376
415.022	66.5594	461.439	0	180	-14.6778
414.961	66.5179	461.335	0	180	-14.618
414.9	66.4763	461.232	0	180	-14.5581
414.838	66.4348	461.13	0	180	-14.4983
414.777	66.3933	461.029	0	180	-14.4385
414.716	66.3517	460.93	0	180	-14.3786
414.655	66.3102	460.831	0	180	-14.3188
414.593	66.2687	460.733	0	180	-14.259
414.532	66.2271	460.636	0	180	-14.1991
414.471	66.1856	460.54	0	180	-14.1393
414.41	66.1441	460.446	0	180	-14.0794
414.348	66.1025	460.352	0	180	-14.0196
414.287	66.061	460.259	0	180	-13.9598
414.226	66.0195	460.167	0	180	-13.8999
414.165	65.978	460.077	0	180	-13.8401
414.103	65.9364	459.987	0	180	-13.7803
414.042	65.8949	459.898	0	180	-13.7204
413.981	65.8534	459.81	0	180	-13.6606
413.92	65.8118	459.723	0	180	-13.6007
413.858	65.7703	459.638	0	180	-13.5409
413.797	65.7288	459.553	0	180	-13.4811
413.736	65.6872	459.469	0	180	-13.4212
413.675	65.6457	459.386	0	180	-13.3614
413.613	65.6042	459.304	0	180	-13.3016
413.552	65.5626	459.224	0	180	-13.2417
413.491	65.5211	459.144	0	180	-13.1819
413.43	65.4796	459.065	0	180	-13.1221
413.368	65.438	458.987	0	180	-13.0622
413.307	65.3965	458.91	0	180	-13.0024
413.246	65.355	458.835	0	180	-12.9425
413.185	65.3134	458.76	0	180	-12.8827
413.123	65.2719	458.686	0	180	-12.8229
413.062	65.2304	458.613	0	180	-12.763
413.001	65.1888	458.541	0	180	-12.7032
412.94	65.1473	458.471	0	180	-12.6434
412.878	65.1058	458.401	0	180	-12.5835
412.817	65.0642	458.332	0	180	-12.5237
412.756	65.0227	458.264	0	180	-12.4639
412.695	64.9812	458.197	0	180	-12.404
412.633	64.9396	458.132	0	180	-12.3442
412.572	64.8981	458.067	0	180	-12.2843
412.511	64.8566	458.003	0	180	-12.2245
412.45	64.8151	457.94	0	180	-12.1647
412.388	64.7735	457.878	0	180	-12.1048
412.328	64.732	457.818	0	180	-12.045
412.268	64.6905	457.758	0	180	-11.9853
412.209	64.6489	457.699	0	180	-11.9265
412.151	64.6074	457.641	0	180	-11.8687
412.095	64.5659	457.585	0	180	-11.8119
412.039	64.5243	457.529	0	180	-11.7561
411.984	64.4828	457.474	0	180	-11.7013
411.93	64.4413	457.42	0	180	-11.6475
411.877	64.3997	457.367	0	180	-11.5947
411.826	64.3582	457.316	0	180	-11.543
411.775	64.3167	457.265	0	180	-11.4922
411.725	64.2751	457.215	0	180	-11.4424
411.676	64.2336	457.166	0	180	-11.3936
411.628	64.1921	457.118	0	180	-11.3458
411.582	64.1505	457.072	0	180	-11.299
411.536	64.109	457.026	0	180	-11.2532
411.491	64.0675	456.981	0	180	-11.2084
411.447	64.0259	456.937	0	180	-11.1646
411.404	63.9844	456.894	0	180	-11.1218
411.363	63.9429	456.853	0	180	-11.08
411.322	63.9021	456.812	0	180	-11.0392
411.282	63.8623	456.772	0	180	-10.9994
411.243	63.8235	456.733	0	180	-10.9606
411.205	63.7857	456.695	0	180	-10.9228
411.169	63.7489	456.659	0	180	-10.886
411.133	63.7131	456.623	0	180	-10.8502
411.098	63.6783	456.588	0	180	-10.8155
411.064	63.6445	456.554	0	180	-10.7817
411.031	63.6118	456.521	0	180	-10.7489
411	63.58	456.49	0	180	-10.7171
410.969	63.5492	456.459	0	180	-10.6863
410.939	63.5194	456.429	0	180	-10.6565
410.91	63.4906	456.4	0	180	-10.6277
410.882	63.4628	456.372	0	180	-10.5999
410.856	63.436	456.346	0	180	-10.5731
410.83	63.4102	456.32	0	180	-10.5473
410.805	63.3854	456.295	0	180	-10.5225
410.781	63.3616	456.271	0	180	-10.4987
410.759	63.3388	456.249	0	180	-10.4759
410.737	63.317	456.227	0	180	-10.4541
410.716	63.2962	456.206	0	180	-10.4333
410.696	63.2764	456.186	0	180	-10.4135
410.677	63.2576	456.167	0	180	-10.3947
410.66	63.2398	456.15	0	180	-10.377
410.643	63.223	456.133	0	180	-10.3602
410.627	63.2073	456.117	0	180	-10.3444
410.612	63.1925	456.102	0	180	-10.3296
410.598	63.1787	456.088	0	180	-10.3158
410.586	63.1659	456.076	0	180	-10.303
410.574	63.1541	456.064	0	180	-10.2912
410.563	63.1433	456.053	0	180	-10.2804
410.553	63.1335	456.043	0	180	-10.2706
410.544	63.1247	456.034	0	180	-10.2618
410.537	63.1169	456.027	0	180	-10.254
410.53	63.1101	456.02	0	180	-10.2472
410.524	63.1043	456.014	0	180	-10.2414
410.519	63.0995	456.009	0	180	-10.2366
410.515	63.0957	456.005	0	180	-10.2328
410.513	63.0929	456.003	0	180	-10.23
410.511	63.0911	456.001	0	180	-10.2282
410.51	63.0903	456	0	180	-10.2275
