14.0362 29.2753 109.706 -1.13469e-06 41.0182 -126.963
14.0361 29.275 109.707 -1.13468e-06 41.0183 -126.962
14.0359 29.2745 109.707 -1.13466e-06 41.0184 -126.959
14.0356 29.2738 109.708 -1.13464e-06 41.0185 -126.956
14.0352 29.2728 109.709 -1.1346e-06 41.0187 -126.951
14.0348 29.2717 109.709 -1.13456e-06 41.0189 -126.946
14.0343 29.2703 109.711 -1.13452e-06 41.0191 -126.939
14.0337 29.2687 109.712 -1.13446e-06 41.0194 -126.932
14.033 29.2669 109.713 -1.1344e-06 41.0197 -126.923
14.0322 29.2649 109.715 -1.13433e-06 41.0201 -126.914
14.0313 29.2627 109.717 -1.13425e-06 41.0205 -126.903
14.0304 29.2603 109.719 -1.13417e-06 41.0209 -126.892
14.0294 29.2577 109.721 -1.13408e-06 41.0214 -126.879
14.0283 29.2549 109.723 -1.13398e-06 41.0219 -126.866
14.0271 29.2518 109.726 -1.13388e-06 41.0224 -126.851
14.0259 29.2486 109.728 -1.13376e-06 41.023 -126.836
14.0246 29.2451 109.731 -1.13364e-06 41.0237 -126.819
14.0231 29.2415 109.734 -1.13352e-06 41.0243 -126.802
14.0216 29.2376 109.737 -1.13338e-06 41.025 -126.783
14.0201 29.2335 109.741 -1.13324e-06 41.0258 -126.764
14.0184 29.2292 109.744 -1.13309e-06 41.0265 -126.743
14.0167 29.2247 109.748 -1.13293e-06 41.0274 -126.722
14.0148 29.22 109.752 -1.13277e-06 41.0282 -126.699
14.0129 29.215 109.756 -1.1326e-06 41.0291 -126.676
14.0109 29.2099 109.76 -1.13242e-06 41.03 -126.651
14.0089 29.2046 109.764 -1.13224e-06 41.031 -126.626
14.0067 29.199 109.769 -1.13204e-06 41.032 -126.599
14.0045 29.1932 109.774 -1.13184e-06 41.0331 -126.572
14.0022 29.1872 109.779 -1.13163e-06 41.0341 -126.543
13.9998 29.1811 109.784 -1.13142e-06 41.0353 -126.514
13.9973 29.1747 109.789 -1.1312e-06 41.0364 -126.483
13.9948 29.1681 109.794 -1.13097e-06 41.0376 -126.452
13.9921 29.1612 109.8 -1.13073e-06 41.0389 -126.419
13.9894 29.1542 109.806 -1.13049e-06 41.0402 -126.386
13.9866 29.147 109.812 -1.13024e-06 41.0415 -126.351
13.9837 29.1395 109.818 -1.12998e-06 41.0428 -126.316
13.9808 29.1319 109.824 -1.12971e-06 41.0442 -126.279
13.9778 29.124 109.83 -1.12944e-06 41.0457 -126.242
13.9747 29.1159 109.837 -1.12916e-06 41.0472 -126.203
13.9717 29.1077 109.844 -1.12889e-06 41.0487 -126.164
13.9688 29.0993 109.85 -1.12862e-06 41.0503 -126.123
13.9658 29.0906 109.857 -1.12835e-06 41.052 -126.082
13.9629 29.0818 109.864 -1.12808e-06 41.0537 -126.039
13.96 29.0728 109.872 -1.12781e-06 41.0555 -125.996
13.9571 29.0636 109.879 -1.12754e-06 41.0573 -125.951
13.9543 29.0543 109.887 -1.12727e-06 41.0592 -125.906
13.9515 29.0447 109.894 -1.12701e-06 41.0611 -125.859
13.9487 29.0349 109.902 -1.12674e-06 41.0631 -125.812
13.9459 29.025 109.91 -1.12648e-06 41.0652 -125.763
13.9432 29.0149 109.918 -1.12621e-06 41.0673 -125.714
13.9405 29.0045 109.926 -1.12595e-06 41.0695 -125.663
13.9378 28.994 109.934 -1.12569e-06 41.0717 -125.612
13.9352 28.9833 109.943 -1.12543e-06 41.074 -125.559
13.9325 28.9724 109.951 -1.12516e-06 41.0763 -125.506
13.9299 28.9614 109.96 -1.1249e-06 41.0787 -125.451
13.9273 28.9502 109.969 -1.12464e-06 41.0812 -125.396
13.9247 28.9391 109.977 -1.12438e-06 41.0836 -125.339
13.9221 28.9279 109.986 -1.12412e-06 41.0861 -125.282
13.9195 28.9168 109.995 -1.12386e-06 41.0885 -125.223
13.9169 28.9056 110.003 -1.1236e-06 41.091 -125.164
13.9143 28.8944 110.012 -1.12334e-06 41.0934 -125.103
13.9117 28.8833 110.021 -1.12308e-06 41.0959 -125.042
13.9091 28.8721 110.029 -1.12282e-06 41.0984 -124.979
13.9065 28.861 110.038 -1.12256e-06 41.1008 -124.916
13.9039 28.8498 110.047 -1.12229e-06 41.1033 -124.851
13.9013 28.8387 110.056 -1.12203e-06 41.1058 -124.786
13.8987 28.8275 110.064 -1.12177e-06 41.1082 -124.719
13.8961 28.8163 110.073 -1.12151e-06 41.1107 -124.652
13.8935 28.8052 110.082 -1.12125e-06 41.1132 -124.583
13.8909 28.794 110.09 -1.12099e-06 41.1157 -124.514
13.8883 28.7829 110.099 -1.12072e-06 41.1182 -124.443
13.8857 28.7717 110.108 -1.12046e-06 41.1206 -124.372
13.8831 28.7605 110.116 -1.1202e-06 41.1231 -124.299
13.8805 28.7494 110.125 -1.11994e-06 41.1256 -124.226
13.8779 28.7382 110.134 -1.11968e-06 41.1281 -124.151
13.8752 28.727 110.142 -1.11941e-06 41.1306 -124.076
13.8726 28.7159 110.151 -1.11915e-06 41.1331 -123.999
13.87 28.7047 110.16 -1.11889e-06 41.1356 -123.922
13.8674 28.6935 110.168 -1.11863e-06 41.1381 -123.843
13.8648 28.6824 110.177 -1.11836e-06 41.1406 -123.764
13.8622 28.6712 110.186 -1.1181e-06 41.1431 -123.683
13.8596 28.66 110.194 -1.11784e-06 41.1456 -123.602
13.857 28.6489 110.203 -1.11757e-06 41.1481 -123.521
13.8543 28.6377 110.212 -1.11731e-06 41.1507 -123.439
13.8517 28.6265 110.22 -1.11705e-06 41.1532 -123.358
13.8491 28.6154 110.229 -1.11679e-06 41.1557 -123.277
13.8465 28.6042 110.238 -1.11652e-06 41.1582 -123.196
13.8439 28.593 110.246 -1.11626e-06 41.1607 -123.114
13.8413 28.5819 110.255 -1.116e-06 41.1633 -123.033
13.8386 28.5707 110.264 -1.11573e-06 41.1658 -122.952
13.836 28.5595 110.272 -1.11547e-06 41.1683 -122.87
13.8334 28.5483 110.281 -1.11521e-06 41.1708 -122.789
13.8308 28.5372 110.289 -1.11494e-06 41.1734 -122.708
13.8282 28.526 110.298 -1.11468e-06 41.1759 -122.626
13.8255 28.5148 110.307 -1.11442e-06 41.1785 -122.545
13.8229 28.5036 110.315 -1.11415e-06 41.181 -122.464
13.8203 28.4925 110.324 -1.11389e-06 41.1835 -122.383
13.8177 28.4813 110.333 -1.11362e-06 41.1861 -122.301
13.815 28.4701 110.341 -1.11336e-06 41.1886 -122.22
13.8124 28.4589 110.35 -1.1131e-06 41.1912 -122.139
13.8098 28.4477 110.359 -1.11283e-06 41.1937 -122.057
13.8072 28.4366 110.367 -1.11257e-06 41.1963 -121.976
13.8045 28.4254 110.376 -1.1123e-06 41.1989 -121.895
13.8019 28.4142 110.384 -1.11204e-06 41.2014 -121.814
13.7993 28.403 110.393 -1.11177e-06 41.204 -121.732
13.7966 28.3918 110.402 -1.11151e-06 41.2065 -121.651
13.794 28.3807 110.41 -1.11124e-06 41.2091 -121.57
13.7914 28.3695 110.419 -1.11098e-06 41.2117 -121.488
13.7888 28.3583 110.427 -1.11072e-06 41.2143 -121.407
13.7861 28.3471 110.436 -1.11045e-06 41.2168 -121.326
13.7835 28.3359 110.445 -1.11019e-06 41.2194 -121.245
13.7809 28.3247 110.453 -1.10992e-06 41.222 -121.163
13.7782 28.3135 110.462 -1.10966e-06 41.2246 -121.082
13.7756 28.3024 110.47 -1.10939e-06 41.2272 -121.001
13.773 28.2912 110.479 -1.10912e-06 41.2297 -120.919
13.7703 28.28 110.488 -1.10886e-06 41.2323 -120.838
13.7677 28.2688 110.496 -1.10859e-06 41.2349 -120.757
13.765 28.2576 110.505 -1.10833e-06 41.2375 -120.675
13.7624 28.2464 110.513 -1.10806e-06 41.2401 -120.594
13.7598 28.2352 110.522 -1.1078e-06 41.2427 -120.513
13.7571 28.224 110.531 -1.10753e-06 41.2453 -120.432
13.7545 28.2128 110.539 -1.10727e-06 41.2479 -120.35
13.7518 28.2017 110.548 -1.107e-06 41.2505 -120.269
13.7492 28.1905 110.556 -1.10673e-06 41.2531 -120.188
13.7466 28.1793 110.565 -1.10647e-06 41.2557 -120.106
13.7439 28.1681 110.574 -1.1062e-06 41.2583 -120.025
13.7413 28.1569 110.582 -1.10594e-06 41.261 -119.944
13.7386 28.1457 110.591 -1.10567e-06 41.2636 -119.863
13.736 28.1345 110.599 -1.1054e-06 41.2662 -119.781
13.7333 28.1233 110.608 -1.10514e-06 41.2688 -119.7
13.7307 28.1121 110.616 -1.10487e-06 41.2714 -119.619
13.7281 28.1009 110.625 -1.1046e-06 41.2741 -119.537
13.7254 28.0897 110.634 -1.10434e-06 41.2767 -119.456
13.7228 28.0785 110.642 -1.10407e-06 41.2793 -119.375
13.7201 28.0673 110.651 -1.1038e-06 41.282 -119.293
13.7175 28.0561 110.659 -1.10354e-06 41.2846 -119.212
13.7148 28.0449 110.668 -1.10327e-06 41.2872 -119.131
13.7122 28.0337 110.676 -1.103e-06 41.2899 -119.05
13.7095 28.0225 110.685 -1.10274e-06 41.2925 -118.968
13.7069 28.0113 110.694 -1.10247e-06 41.2952 -118.887
13.7042 28.0001 110.702 -1.1022e-06 41.2978 -118.806
13.7016 27.9889 110.711 -1.10193e-06 41.3005 -118.724
13.6989 27.9777 110.719 -1.10167e-06 41.3031 -118.643
13.6963 27.9665 110.728 -1.1014e-06 41.3058 -118.562
13.6936 27.9553 110.736 -1.10113e-06 41.3084 -118.481
13.6909 27.9441 110.745 -1.10086e-06 41.3111 -118.399
13.6883 27.9329 110.753 -1.1006e-06 41.3137 -118.318
13.6856 27.9217 110.762 -1.10033e-06 41.3164 -118.237
13.683 27.9104 110.77 -1.10006e-06 41.3191 -118.155
13.6803 27.8992 110.779 -1.09979e-06 41.3217 -118.074
13.6777 27.888 110.788 -1.09953e-06 41.3244 -117.993
13.675 27.8768 110.796 -1.09926e-06 41.3271 -117.912
13.6723 27.8656 110.805 -1.09899e-06 41.3298 -117.83
13.6697 27.8544 110.813 -1.09872e-06 41.3324 -117.749
13.667 27.8432 110.822 -1.09845e-06 41.3351 -117.668
13.6644 27.832 110.83 -1.09818e-06 41.3378 -117.586
13.6617 27.8208 110.839 -1.09792e-06 41.3405 -117.505
13.659 27.8095 110.847 -1.09765e-06 41.3432 -117.424
13.6564 27.7983 110.856 -1.09738e-06 41.3459 -117.342
13.6537 27.7871 110.864 -1.09711e-06 41.3486 -117.261
13.651 27.7759 110.873 -1.09684e-06 41.3513 -117.18
13.6484 27.7647 110.881 -1.09657e-06 41.354 -117.099
13.6457 27.7535 110.89 -1.0963e-06 41.3567 -117.017
13.643 27.7423 110.898 -1.09604e-06 41.3594 -116.936
13.6404 27.731 110.907 -1.09577e-06 41.3621 -116.855
13.6377 27.7198 110.915 -1.0955e-06 41.3648 -116.773
13.635 27.7086 110.924 -1.09523e-06 41.3675 -116.692
13.6324 27.6974 110.932 -1.09496e-06 41.3702 -116.611
13.6297 27.6862 110.941 -1.09469e-06 41.3729 -116.53
13.627 27.6749 110.949 -1.09442e-06 41.3756 -116.448
13.6244 27.6637 110.958 -1.09415e-06 41.3783 -116.367
13.6217 27.6525 110.966 -1.09388e-06 41.3811 -116.286
13.619 27.6413 110.975 -1.09361e-06 41.3838 -116.204
13.6163 27.6301 110.983 -1.09334e-06 41.3865 -116.123
13.6137 27.6188 110.992 -1.09307e-06 41.3892 -116.042
13.611 27.6076 111 -1.0928e-06 41.392 -115.96
13.6083 27.5964 111.009 -1.09253e-06 41.3947 -115.879
13.6056 27.5852 111.017 -1.09226e-06 41.3974 -115.798
13.603 27.5739 111.026 -1.09199e-06 41.4002 -115.717
13.6003 27.5627 111.034 -1.09172e-06 41.4029 -115.635
13.5976 27.5515 111.043 -1.09145e-06 41.4057 -115.554
13.5949 27.5403 111.051 -1.09118e-06 41.4084 -115.473
13.5922 27.529 111.06 -1.09091e-06 41.4112 -115.391
13.5896 27.5178 111.068 -1.09064e-06 41.4139 -115.31
13.5869 27.5066 111.077 -1.09037e-06 41.4167 -115.229
13.5842 27.4953 111.085 -1.0901e-06 41.4194 -115.148
13.5815 27.4841 111.094 -1.08983e-06 41.4222 -115.066
13.5788 27.4729 111.102 -1.08956e-06 41.4249 -114.985
13.5762 27.4616 111.111 -1.08929e-06 41.4277 -114.904
13.5735 27.4504 111.119 -1.08902e-06 41.4305 -114.822
13.5708 27.4392 111.128 -1.08875e-06 41.4332 -114.741
13.5681 27.4279 111.136 -1.08848e-06 41.436 -114.66
13.5654 27.4167 111.145 -1.08821e-06 41.4388 -114.579
13.5627 27.4055 111.153 -1.08793e-06 41.4415 -114.497
13.56 27.3942 111.161 -1.08766e-06 41.4443 -114.416
13.5574 27.383 111.17 -1.08739e-06 41.4471 -114.335
13.5547 27.3718 111.178 -1.08712e-06 41.4499 -114.253
13.552 27.3605 111.187 -1.08685e-06 41.4527 -114.172
13.5493 27.3493 111.195 -1.08658e-06 41.4554 -114.091
13.5466 27.3381 111.204 -1.08631e-06 41.4582 -114.009
13.5439 27.3268 111.212 -1.08603e-06 41.461 -113.928
13.5412 27.3156 111.221 -1.08576e-06 41.4638 -113.847
13.5385 27.3043 111.229 -1.08549e-06 41.4666 -113.766
13.5358 27.2931 111.238 -1.08522e-06 41.4694 -113.684
13.5331 27.2819 111.246 -1.08495e-06 41.4722 -113.603
13.5304 27.2706 111.254 -1.08467e-06 41.475 -113.522
13.5277 27.2594 111.263 -1.0844e-06 41.4778 -113.44
13.525 27.2481 111.271 -1.08413e-06 41.4806 -113.359
13.5224 27.2369 111.28 -1.08386e-06 41.4834 -113.278
13.5197 27.2256 111.288 -1.08359e-06 41.4862 -113.197
13.517 27.2144 111.297 -1.08331e-06 41.489 -113.115
13.5143 27.2031 111.305 -1.08304e-06 41.4919 -113.034
13.5116 27.1919 111.313 -1.08277e-06 41.4947 -112.953
13.5089 27.1806 111.322 -1.0825e-06 41.4975 -112.871
13.5062 27.1694 111.33 -1.08222e-06 41.5003 -112.79
13.5035 27.1582 111.339 -1.08195e-06 41.5032 -112.709
13.5008 27.1469 111.347 -1.08168e-06 41.506 -112.627
13.4981 27.1357 111.356 -1.08141e-06 41.5088 -112.546
13.4954 27.1244 111.364 -1.08113e-06 41.5116 -112.465
13.4926 27.1132 111.372 -1.08086e-06 41.5145 -112.384
13.4899 27.1019 111.381 -1.08059e-06 41.5173 -112.302
13.4872 27.0906 111.389 -1.08031e-06 41.5202 -112.221
13.4845 27.0794 111.398 -1.08004e-06 41.523 -112.14
13.4818 27.0681 111.406 -1.07977e-06 41.5258 -112.058
13.4791 27.0569 111.414 -1.07949e-06 41.5287 -111.977
13.4764 27.0456 111.423 -1.07922e-06 41.5315 -111.896
13.4737 27.0344 111.431 -1.07895e-06 41.5344 -111.815
13.471 27.0231 111.44 -1.07867e-06 41.5373 -111.733
13.4683 27.0119 111.448 -1.0784e-06 41.5401 -111.652
13.4656 27.0006 111.456 -1.07813e-06 41.543 -111.571
13.4629 26.9894 111.465 -1.07785e-06 41.5458 -111.489
13.4601 26.9781 111.473 -1.07758e-06 41.5487 -111.408
13.4574 26.9668 111.482 -1.0773e-06 41.5516 -111.327
13.4547 26.9556 111.49 -1.07703e-06 41.5544 -111.246
13.452 26.9443 111.498 -1.07676e-06 41.5573 -111.164
13.4493 26.9331 111.507 -1.07648e-06 41.5602 -111.083
13.4466 26.9218 111.515 -1.07621e-06 41.5631 -111.002
13.4439 26.9105 111.524 -1.07593e-06 41.5659 -110.92
13.4411 26.8993 111.532 -1.07566e-06 41.5688 -110.839
13.4384 26.888 111.54 -1.07538e-06 41.5717 -110.758
13.4357 26.8767 111.549 -1.07511e-06 41.5746 -110.676
13.433 26.8655 111.557 -1.07483e-06 41.5775 -110.595
13.4303 26.8542 111.565 -1.07456e-06 41.5804 -110.514
13.4276 26.843 111.574 -1.07429e-06 41.5833 -110.433
13.4248 26.8317 111.582 -1.07401e-06 41.5861 -110.351
13.4221 26.8204 111.591 -1.07374e-06 41.589 -110.27
13.4194 26.8092 111.599 -1.07346e-06 41.5919 -110.189
13.4167 26.7979 111.607 -1.07319e-06 41.5948 -110.107
13.4139 26.7866 111.616 -1.07291e-06 41.5978 -110.026
13.4112 26.7753 111.624 -1.07264e-06 41.6007 -109.945
13.4085 26.7641 111.632 -1.07236e-06 41.6036 -109.864
13.4058 26.7528 111.641 -1.07208e-06 41.6065 -109.782
13.403 26.7415 111.649 -1.07181e-06 41.6094 -109.701
13.4003 26.7303 111.657 -1.07153e-06 41.6123 -109.62
13.3976 26.719 111.666 -1.07126e-06 41.6152 -109.538
13.3949 26.7077 111.674 -1.07098e-06 41.6182 -109.457
13.3921 26.6964 111.682 -1.07071e-06 41.6211 -109.376
13.3894 26.6852 111.691 -1.07043e-06 41.624 -109.294
13.3867 26.6739 111.699 -1.07016e-06 41.6269 -109.213
13.3839 26.6626 111.708 -1.06988e-06 41.6299 -109.132
13.3812 26.6513 111.716 -1.0696e-06 41.6328 -109.051
13.3785 26.6401 111.724 -1.06933e-06 41.6357 -108.969
13.3758 26.6288 111.733 -1.06905e-06 41.6387 -108.888
13.373 26.6175 111.741 -1.06878e-06 41.6416 -108.807
13.3703 26.6062 111.749 -1.0685e-06 41.6446 -108.725
13.3676 26.595 111.758 -1.06822e-06 41.6475 -108.644
13.3648 26.5837 111.766 -1.06795e-06 41.6504 -108.563
13.3621 26.5724 111.774 -1.06767e-06 41.6534 -108.482
13.3593 26.5611 111.783 -1.06739e-06 41.6564 -108.4
13.3566 26.5498 111.791 -1.06712e-06 41.6593 -108.319
13.3539 26.5385 111.799 -1.06684e-06 41.6623 -108.238
13.3511 26.5273 111.808 -1.06656e-06 41.6652 -108.156
13.3484 26.516 111.816 -1.06629e-06 41.6682 -108.075
13.3456 26.5047 111.824 -1.06601e-06 41.6712 -107.994
13.3429 26.4934 111.832 -1.06573e-06 41.6741 -107.913
13.3402 26.4821 111.841 -1.06546e-06 41.6771 -107.831
13.3374 26.4708 111.849 -1.06518e-06 41.6801 -107.75
13.3347 26.4596 111.857 -1.0649e-06 41.683 -107.669
13.3319 26.4483 111.866 -1.06462e-06 41.686 -107.587
13.3292 26.437 111.874 -1.06435e-06 41.689 -107.506
13.3264 26.4257 111.882 -1.06407e-06 41.692 -107.425
13.3237 26.4144 111.891 -1.06379e-06 41.695 -107.343
13.321 26.4031 111.899 -1.06351e-06 41.6979 -107.262
13.3182 26.3918 111.907 -1.06324e-06 41.7009 -107.181
13.3155 26.3805 111.916 -1.06296e-06 41.7039 -107.1
13.3127 26.3692 111.924 -1.06268e-06 41.7069 -107.018
13.31 26.3579 111.932 -1.0624e-06 41.7099 -106.937
13.3072 26.3467 111.94 -1.06213e-06 41.7129 -106.856
13.3045 26.3354 111.949 -1.06185e-06 41.7159 -106.774
13.3017 26.3241 111.957 -1.06157e-06 41.7189 -106.693
13.299 26.3128 111.965 -1.06129e-06 41.7219 -106.612
13.2962 26.3015 111.974 -1.06101e-06 41.7249 -106.531
13.2935 26.2902 111.982 -1.06074e-06 41.7279 -106.449
13.2907 26.2789 111.99 -1.06046e-06 41.731 -106.368
13.288 26.2676 111.998 -1.06018e-06 41.734 -106.287
13.2852 26.2563 112.007 -1.0599e-06 41.737 -106.205
13.2824 26.245 112.015 -1.05962e-06 41.74 -106.124
13.2797 26.2337 112.023 -1.05934e-06 41.743 -106.043
13.2769 26.2224 112.032 -1.05906e-06 41.7461 -105.961
13.2742 26.2111 112.04 -1.05879e-06 41.7491 -105.88
13.2714 26.1998 112.048 -1.05851e-06 41.7521 -105.799
13.2687 26.1885 112.056 -1.05823e-06 41.7551 -105.718
13.2659 26.1772 112.065 -1.05795e-06 41.7582 -105.636
13.2631 26.1659 112.073 -1.05767e-06 41.7612 -105.555
13.2604 26.1546 112.081 -1.05739e-06 41.7643 -105.474
13.2576 26.1433 112.089 -1.05711e-06 41.7673 -105.392
13.2548 26.132 112.098 -1.05683e-06 41.7703 -105.311
13.2521 26.1207 112.106 -1.05655e-06 41.7734 -105.23
13.2493 26.1094 112.114 -1.05627e-06 41.7764 -105.149
13.2466 26.0981 112.122 -1.05599e-06 41.7795 -105.067
13.2438 26.0868 112.131 -1.05572e-06 41.7825 -104.986
13.241 26.0754 112.139 -1.05544e-06 41.7856 -104.905
13.2383 26.0641 112.147 -1.05516e-06 41.7887 -104.823
13.2355 26.0528 112.155 -1.05488e-06 41.7917 -104.742
13.2327 26.0415 112.164 -1.0546e-06 41.7948 -104.661
13.23 26.0302 112.172 -1.05432e-06 41.7978 -104.58
13.2272 26.0189 112.18 -1.05404e-06 41.8009 -104.498
13.2244 26.0076 112.188 -1.05376e-06 41.804 -104.417
13.2216 25.9963 112.197 -1.05348e-06 41.8071 -104.336
13.2189 25.985 112.205 -1.0532e-06 41.8101 -104.254
13.2161 25.9736 112.213 -1.05292e-06 41.8132 -104.173
13.2133 25.9623 112.221 -1.05264e-06 41.8163 -104.092
13.2105 25.951 112.23 -1.05236e-06 41.8194 -104.01
13.2078 25.9397 112.238 -1.05208e-06 41.8225 -103.929
13.205 25.9284 112.246 -1.0518e-06 41.8255 -103.848
13.2022 25.9171 112.254 -1.05151e-06 41.8286 -103.767
13.1994 25.9058 112.263 -1.05123e-06 41.8317 -103.685
13.1967 25.8944 112.271 -1.05095e-06 41.8348 -103.604
13.1939 25.8831 112.279 -1.05067e-06 41.8379 -103.523
13.1911 25.8718 112.287 -1.05039e-06 41.841 -103.441
13.1883 25.8605 112.295 -1.05011e-06 41.8441 -103.36
13.1856 25.8492 112.304 -1.04983e-06 41.8472 -103.279
13.1828 25.8378 112.312 -1.04955e-06 41.8503 -103.198
13.18 25.8265 112.32 -1.04927e-06 41.8534 -103.116
13.1772 25.8152 112.328 -1.04899e-06 41.8566 -103.035
13.1744 25.8039 112.336 -1.04871e-06 41.8597 -102.954
13.1716 25.7925 112.345 -1.04842e-06 41.8628 -102.872
13.1689 25.7812 112.353 -1.04814e-06 41.8659 -102.791
13.1661 25.7699 112.361 -1.04786e-06 41.869 -102.71
13.1633 25.7586 112.369 -1.04758e-06 41.8722 -102.629
13.1605 25.7472 112.377 -1.0473e-06 41.8753 -102.547
13.1577 25.7359 112.386 -1.04702e-06 41.8784 -102.466
13.1549 25.7246 112.394 -1.04674e-06 41.8815 -102.385
13.1521 25.7133 112.402 -1.04645e-06 41.8847 -102.303
13.1494 25.7019 112.41 -1.04617e-06 41.8878 -102.222
13.1466 25.6906 112.418 -1.04589e-06 41.8909 -102.141
13.1438 25.6793 112.427 -1.04561e-06 41.8941 -102.059
13.141 25.6679 112.435 -1.04533e-06 41.8972 -101.978
13.1382 25.6566 112.443 -1.04504e-06 41.9004 -101.897
13.1354 25.6453 112.451 -1.04476e-06 41.9035 -101.816
13.1326 25.634 112.459 -1.04448e-06 41.9067 -101.734
13.1298 25.6226 112.468 -1.0442e-06 41.9098 -101.653
13.127 25.6113 112.476 -1.04391e-06 41.913 -101.572
13.1242 25.6 112.484 -1.04363e-06 41.9161 -101.49
13.1214 25.5886 112.492 -1.04335e-06 41.9193 -101.409
13.1186 25.5773 112.5 -1.04307e-06 41.9225 -101.328
13.1158 25.5659 112.508 -1.04278e-06 41.9256 -101.247
13.113 25.5546 112.517 -1.0425e-06 41.9288 -101.165
13.1102 25.5433 112.525 -1.04222e-06 41.932 -101.084
13.1074 25.5319 112.533 -1.04194e-06 41.9351 -101.003
13.1046 25.5206 112.541 -1.04165e-06 41.9383 -100.921
13.1018 25.5093 112.549 -1.04137e-06 41.9415 -100.84
13.099 25.4979 112.557 -1.04109e-06 41.9447 -100.759
13.0962 25.4866 112.566 -1.0408e-06 41.9479 -100.677
13.0934 25.4752 112.574 -1.04052e-06 41.951 -100.596
13.0906 25.4639 112.582 -1.04024e-06 41.9542 -100.515
13.0878 25.4526 112.59 -1.03995e-06 41.9574 -100.434
13.085 25.4412 112.598 -1.03967e-06 41.9606 -100.352
13.0822 25.4299 112.606 -1.03939e-06 41.9638 -100.271
13.0794 25.4185 112.614 -1.0391e-06 41.967 -100.19
13.0766 25.4072 112.623 -1.03882e-06 41.9702 -100.108
13.0738 25.3958 112.631 -1.03854e-06 41.9734 -100.027
13.071 25.3845 112.639 -1.03825e-06 41.9766 -99.9458
13.0682 25.3731 112.647 -1.03797e-06 41.9798 -99.8645
13.0654 25.3618 112.655 -1.03768e-06 41.983 -99.7833
13.0626 25.3504 112.663 -1.0374e-06 41.9862 -99.702
13.0597 25.3391 112.671 -1.03712e-06 41.9894 -99.6207
13.0569 25.3277 112.68 -1.03683e-06 41.9927 -99.5394
13.0541 25.3164 112.688 -1.03655e-06 41.9959 -99.4581
13.0513 25.305 112.696 -1.03626e-06 41.9991 -99.3768
13.0485 25.2937 112.704 -1.03598e-06 42.0023 -99.2955
13.0457 25.2823 112.712 -1.0357e-06 42.0055 -99.2142
13.0429 25.271 112.72 -1.03541e-06 42.0088 -99.1329
13.04 25.2596 112.728 -1.03513e-06 42.012 -99.0516
13.0372 25.2483 112.736 -1.03484e-06 42.0152 -98.9703
13.0344 25.2369 112.745 -1.03456e-06 42.0185 -98.889
13.0316 25.2256 112.753 -1.03427e-06 42.0217 -98.8077
13.0288 25.2142 112.761 -1.03399e-06 42.025 -98.7265
13.026 25.2029 112.769 -1.0337e-06 42.0282 -98.6452
13.0231 25.1915 112.777 -1.03342e-06 42.0314 -98.5639
13.0203 25.1801 112.785 -1.03313e-06 42.0347 -98.4826
13.0175 25.1688 112.793 -1.03285e-06 42.0379 -98.4013
13.0147 25.1574 112.801 -1.03256e-06 42.0412 -98.32
13.0118 25.1461 112.809 -1.03228e-06 42.0444 -98.2387
13.009 25.1347 112.818 -1.03199e-06 42.0477 -98.1574
13.0062 25.1233 112.826 -1.03171e-06 42.051 -98.0761
13.0034 25.112 112.834 -1.03142e-06 42.0542 -97.9948
13.0005 25.1006 112.842 -1.03114e-06 42.0575 -97.9135
12.9977 25.0893 112.85 -1.03085e-06 42.0608 -97.8322
12.9949 25.0779 112.858 -1.03057e-06 42.064 -97.7509
12.9921 25.0665 112.866 -1.03028e-06 42.0673 -97.6696
12.9892 25.0552 112.874 -1.02999e-06 42.0706 -97.5884
12.9864 25.0438 112.882 -1.02971e-06 42.0739 -97.5071
12.9836 25.0324 112.89 -1.02942e-06 42.0771 -97.4258
12.9807 25.0211 112.899 -1.02914e-06 42.0804 -97.3445
12.9779 25.0097 112.907 -1.02885e-06 42.0837 -97.2632
12.9751 24.9983 112.915 -1.02856e-06 42.087 -97.1819
12.9722 24.987 112.923 -1.02828e-06 42.0903 -97.1006
12.9694 24.9756 112.931 -1.02799e-06 42.0936 -97.0193
12.9666 24.9642 112.939 -1.02771e-06 42.0969 -96.938
12.9637 24.9529 112.947 -1.02742e-06 42.1002 -96.8567
12.9609 24.9415 112.955 -1.02713e-06 42.1035 -96.7754
12.9581 24.9301 112.963 -1.02685e-06 42.1068 -96.6941
12.9552 24.9187 112.971 -1.02656e-06 42.1101 -96.6128
12.9524 24.9074 112.979 -1.02627e-06 42.1134 -96.5315
12.9496 24.896 112.987 -1.02599e-06 42.1167 -96.4503
12.9467 24.8846 112.995 -1.0257e-06 42.12 -96.369
12.9439 24.8733 113.003 -1.02541e-06 42.1233 -96.2877
12.941 24.8619 113.012 -1.02513e-06 42.1266 -96.2064
12.9382 24.8505 113.02 -1.02484e-06 42.1299 -96.1251
12.9353 24.8391 113.028 -1.02455e-06 42.1333 -96.0438
12.9325 24.8277 113.036 -1.02427e-06 42.1366 -95.9625
12.9297 24.8164 113.044 -1.02398e-06 42.1399 -95.8812
12.9268 24.805 113.052 -1.02369e-06 42.1432 -95.7999
12.924 24.7936 113.06 -1.0234e-06 42.1466 -95.7186
12.9211 24.7822 113.068 -1.02312e-06 42.1499 -95.6373
12.9183 24.7709 113.076 -1.02283e-06 42.1532 -95.556
12.9154 24.7595 113.084 -1.02254e-06 42.1566 -95.4747
12.9126 24.7481 113.092 -1.02226e-06 42.1599 -95.3935
12.9097 24.7367 113.1 -1.02197e-06 42.1633 -95.3122
12.9069 24.7253 113.108 -1.02168e-06 42.1666 -95.2309
12.904 24.7139 113.116 -1.02139e-06 42.1699 -95.1496
12.9012 24.7026 113.124 -1.0211e-06 42.1733 -95.0683
12.8983 24.6912 113.132 -1.02082e-06 42.1767 -94.987
12.8955 24.6798 113.14 -1.02053e-06 42.18 -94.9057
12.8926 24.6684 113.148 -1.02024e-06 42.1834 -94.8244
12.8898 24.657 113.156 -1.01995e-06 42.1867 -94.7431
12.8869 24.6456 113.164 -1.01966e-06 42.1901 -94.6618
12.8841 24.6342 113.172 -1.01938e-06 42.1935 -94.5805
12.8812 24.6228 113.18 -1.01909e-06 42.1968 -94.4992
12.8783 24.6115 113.188 -1.0188e-06 42.2002 -94.4179
12.8755 24.6001 113.196 -1.01851e-06 42.2036 -94.3366
12.8726 24.5887 113.204 -1.01822e-06 42.2069 -94.2554
12.8698 24.5773 113.212 -1.01793e-06 42.2103 -94.1741
12.8669 24.5659 113.22 -1.01765e-06 42.2137 -94.0928
12.8641 24.5545 113.228 -1.01736e-06 42.2171 -94.0115
12.8612 24.5431 113.236 -1.01707e-06 42.2205 -93.9302
12.8583 24.5317 113.244 -1.01678e-06 42.2238 -93.8489
12.8555 24.5203 113.252 -1.01649e-06 42.2272 -93.7676
12.8526 24.5089 113.26 -1.0162e-06 42.2306 -93.6863
12.8497 24.4975 113.268 -1.01591e-06 42.234 -93.605
12.8469 24.4861 113.276 -1.01562e-06 42.2374 -93.5237
12.844 24.4747 113.284 -1.01534e-06 42.2408 -93.4424
12.8411 24.4633 113.292 -1.01505e-06 42.2442 -93.3611
12.8383 24.4519 113.3 -1.01476e-06 42.2476 -93.2798
12.8354 24.4405 113.308 -1.01447e-06 42.251 -93.1986
12.8325 24.4291 113.316 -1.01418e-06 42.2544 -93.1173
12.8297 24.4177 113.324 -1.01389e-06 42.2579 -93.036
12.8268 24.4063 113.332 -1.0136e-06 42.2613 -92.9547
12.8239 24.3949 113.34 -1.01331e-06 42.2647 -92.8734
12.8211 24.3835 113.348 -1.01302e-06 42.2681 -92.7921
12.8182 24.3721 113.356 -1.01273e-06 42.2715 -92.7108
12.8153 24.3607 113.364 -1.01244e-06 42.2749 -92.6295
12.8124 24.3493 113.372 -1.01215e-06 42.2784 -92.5482
12.8096 24.3379 113.38 -1.01186e-06 42.2818 -92.4669
12.8067 24.3265 113.388 -1.01157e-06 42.2852 -92.3856
12.8038 24.3151 113.396 -1.01128e-06 42.2887 -92.3043
12.8009 24.3037 113.404 -1.01099e-06 42.2921 -92.223
12.7981 24.2923 113.412 -1.0107e-06 42.2955 -92.1417
12.7952 24.2809 113.42 -1.01041e-06 42.299 -92.0605
12.7923 24.2695 113.428 -1.01012e-06 42.3024 -91.9792
12.7894 24.2581 113.436 -1.00983e-06 42.3059 -91.8979
12.7866 24.2467 113.444 -1.00954e-06 42.3093 -91.8166
12.7837 24.2352 113.452 -1.00925e-06 42.3128 -91.7353
12.7808 24.2238 113.46 -1.00896e-06 42.3162 -91.654
12.7779 24.2124 113.468 -1.00867e-06 42.3197 -91.5727
12.775 24.201 113.476 -1.00838e-06 42.3231 -91.4914
12.7721 24.1896 113.484 -1.00809e-06 42.3266 -91.4101
12.7693 24.1782 113.492 -1.0078e-06 42.3301 -91.3288
12.7664 24.1668 113.5 -1.00751e-06 42.3335 -91.2475
12.7635 24.1554 113.508 -1.00722e-06 42.337 -91.1662
12.7606 24.1439 113.516 -1.00692e-06 42.3405 -91.0849
12.7577 24.1325 113.524 -1.00663e-06 42.3439 -91.0036
12.7548 24.1211 113.531 -1.00634e-06 42.3474 -90.9224
12.7519 24.1097 113.539 -1.00605e-06 42.3509 -90.8411
12.749 24.0983 113.547 -1.00576e-06 42.3544 -90.7598
12.7462 24.0868 113.555 -1.00547e-06 42.3579 -90.6785
12.7433 24.0754 113.563 -1.00518e-06 42.3613 -90.5972
12.7404 24.064 113.571 -1.00489e-06 42.3648 -90.5159
12.7375 24.0526 113.579 -1.00459e-06 42.3683 -90.4346
12.7346 24.0412 113.587 -1.0043e-06 42.3718 -90.3533
12.7317 24.0297 113.595 -1.00401e-06 42.3753 -90.272
12.7288 24.0183 113.603 -1.00372e-06 42.3788 -90.1907
12.7259 24.0069 113.611 -1.00343e-06 42.3823 -90.1094
12.723 23.9955 113.619 -1.00314e-06 42.3858 -90.0281
12.7201 23.984 113.627 -1.00284e-06 42.3893 -89.9468
12.7172 23.9726 113.635 -1.00255e-06 42.3928 -89.8656
12.7143 23.9612 113.642 -1.00226e-06 42.3963 -89.7843
12.7114 23.9498 113.65 -1.00197e-06 42.3998 -89.703
12.7085 23.9383 113.658 -1.00168e-06 42.4034 -89.6217
12.7056 23.9269 113.666 -1.00138e-06 42.4069 -89.5404
12.7027 23.9155 113.674 -1.00109e-06 42.4104 -89.4591
12.6998 23.9041 113.682 -1.0008e-06 42.4139 -89.3778
12.6969 23.8926 113.69 -1.00051e-06 42.4174 -89.2965
12.694 23.8812 113.698 -1.00021e-06 42.421 -89.2152
12.6911 23.8698 113.706 -9.99923e-07 42.4245 -89.1339
12.6882 23.8583 113.714 -9.9963e-07 42.428 -89.0526
12.6853 23.8469 113.722 -9.99337e-07 42.4316 -88.9713
12.6824 23.8355 113.729 -9.99045e-07 42.4351 -88.89
12.6795 23.824 113.737 -9.98752e-07 42.4386 -88.8087
12.6766 23.8126 113.745 -9.98459e-07 42.4422 -88.7275
12.6737 23.8012 113.753 -9.98166e-07 42.4457 -88.6462
12.6708 23.7897 113.761 -9.97873e-07 42.4493 -88.5649
12.6678 23.7783 113.769 -9.9758e-07 42.4528 -88.4836
12.6649 23.7669 113.777 -9.97287e-07 42.4564 -88.4023
12.662 23.7554 113.785 -9.96994e-07 42.4599 -88.321
12.6591 23.744 113.793 -9.96701e-07 42.4635 -88.2397
12.6562 23.7325 113.8 -9.96408e-07 42.467 -88.1584
12.6533 23.7211 113.808 -9.96114e-07 42.4706 -88.0771
12.6504 23.7097 113.816 -9.95821e-07 42.4742 -87.9958
12.6475 23.6982 113.824 -9.95528e-07 42.4777 -87.9145
12.6445 23.6868 113.832 -9.95234e-07 42.4813 -87.8332
12.6416 23.6753 113.84 -9.94941e-07 42.4849 -87.7519
12.6387 23.6639 113.848 -9.94647e-07 42.4884 -87.6706
12.6358 23.6524 113.856 -9.94353e-07 42.492 -87.5894
12.6329 23.641 113.863 -9.9406e-07 42.4956 -87.5081
12.6299 23.6296 113.871 -9.93766e-07 42.4992 -87.4268
12.627 23.6181 113.879 -9.93472e-07 42.5028 -87.3455
12.6241 23.6067 113.887 -9.93178e-07 42.5064 -87.2642
12.6212 23.5952 113.895 -9.92884e-07 42.5099 -87.1829
12.6183 23.5838 113.903 -9.9259e-07 42.5135 -87.1016
12.6153 23.5723 113.911 -9.92296e-07 42.5171 -87.0203
12.6124 23.5609 113.918 -9.92002e-07 42.5207 -86.939
12.6095 23.5494 113.926 -9.91707e-07 42.5243 -86.8577
12.6066 23.538 113.934 -9.91413e-07 42.5279 -86.7764
12.6036 23.5265 113.942 -9.91119e-07 42.5315 -86.6951
12.6007 23.5151 113.95 -9.90824e-07 42.5351 -86.6138
12.5978 23.5036 113.958 -9.9053e-07 42.5387 -86.5326
12.5948 23.4922 113.965 -9.90235e-07 42.5424 -86.4513
12.5919 23.4807 113.973 -9.89941e-07 42.546 -86.37
12.589 23.4693 113.981 -9.89646e-07 42.5496 -86.2887
12.5861 23.4578 113.989 -9.89351e-07 42.5532 -86.2074
12.5831 23.4464 113.997 -9.89056e-07 42.5568 -86.1261
12.5802 23.4349 114.005 -9.88761e-07 42.5604 -86.0448
12.5773 23.4234 114.012 -9.88466e-07 42.5641 -85.9635
12.5743 23.412 114.02 -9.88171e-07 42.5677 -85.8822
12.5714 23.4005 114.028 -9.87876e-07 42.5713 -85.8009
12.5685 23.3891 114.036 -9.87581e-07 42.575 -85.7196
12.5655 23.3776 114.044 -9.87286e-07 42.5786 -85.6383
12.5626 23.3661 114.052 -9.86991e-07 42.5822 -85.557
12.5596 23.3547 114.059 -9.86696e-07 42.5859 -85.4757
12.5567 23.3432 114.067 -9.864e-07 42.5895 -85.3945
12.5538 23.3318 114.075 -9.86105e-07 42.5932 -85.3132
12.5508 23.3203 114.083 -9.85809e-07 42.5968 -85.2319
12.5479 23.3088 114.091 -9.85514e-07 42.6005 -85.1506
12.5449 23.2974 114.099 -9.85218e-07 42.6041 -85.0693
12.542 23.2859 114.106 -9.84922e-07 42.6078 -84.988
12.5391 23.2744 114.114 -9.84627e-07 42.6114 -84.9067
12.5361 23.263 114.122 -9.84331e-07 42.6151 -84.8254
12.5332 23.2515 114.13 -9.84035e-07 42.6188 -84.7441
12.5302 23.24 114.138 -9.83739e-07 42.6224 -84.6628
12.5273 23.2286 114.145 -9.83443e-07 42.6261 -84.5815
12.5243 23.2171 114.153 -9.83147e-07 42.6298 -84.5002
12.5214 23.2056 114.161 -9.82851e-07 42.6334 -84.4189
12.5184 23.1942 114.169 -9.82555e-07 42.6371 -84.3376
12.5155 23.1827 114.177 -9.82258e-07 42.6408 -84.2564
12.5125 23.1712 114.184 -9.81962e-07 42.6445 -84.1751
12.5096 23.1598 114.192 -9.81666e-07 42.6482 -84.0938
12.5066 23.1483 114.2 -9.81369e-07 42.6518 -84.0125
12.5037 23.1368 114.208 -9.81073e-07 42.6555 -83.9312
12.5007 23.1253 114.215 -9.80776e-07 42.6592 -83.8499
12.4978 23.1139 114.223 -9.8048e-07 42.6629 -83.7686
12.4948 23.1024 114.231 -9.80183e-07 42.6666 -83.6873
12.4919 23.0909 114.239 -9.79886e-07 42.6703 -83.606
12.4889 23.0794 114.247 -9.7959e-07 42.674 -83.5247
12.486 23.068 114.254 -9.79293e-07 42.6777 -83.4434
12.483 23.0565 114.262 -9.78996e-07 42.6814 -83.3621
12.48 23.045 114.27 -9.78699e-07 42.6851 -83.2808
12.4771 23.0335 114.278 -9.78402e-07 42.6888 -83.1996
12.4741 23.0221 114.285 -9.78105e-07 42.6925 -83.1183
12.4712 23.0106 114.293 -9.77808e-07 42.6963 -83.037
12.4682 22.9991 114.301 -9.7751e-07 42.7 -82.9557
12.4652 22.9876 114.309 -9.77213e-07 42.7037 -82.8744
12.4623 22.9761 114.316 -9.76916e-07 42.7074 -82.7931
12.4593 22.9646 114.324 -9.76618e-07 42.7111 -82.7118
12.4564 22.9532 114.332 -9.76321e-07 42.7149 -82.6305
12.4534 22.9417 114.34 -9.76023e-07 42.7186 -82.5492
12.4504 22.9302 114.347 -9.75726e-07 42.7223 -82.4679
12.4475 22.9187 114.355 -9.75428e-07 42.7261 -82.3866
12.4445 22.9072 114.363 -9.7513e-07 42.7298 -82.3053
12.4415 22.8957 114.371 -9.74833e-07 42.7335 -82.224
12.4386 22.8842 114.378 -9.74535e-07 42.7373 -82.1427
12.4356 22.8728 114.386 -9.74237e-07 42.741 -82.0615
12.4326 22.8613 114.394 -9.73939e-07 42.7448 -81.9802
12.4296 22.8498 114.402 -9.73641e-07 42.7485 -81.8989
12.4267 22.8383 114.409 -9.73343e-07 42.7523 -81.8176
12.4237 22.8268 114.417 -9.73045e-07 42.756 -81.7363
12.4207 22.8153 114.425 -9.72747e-07 42.7598 -81.655
12.4178 22.8038 114.433 -9.72448e-07 42.7636 -81.5737
12.4148 22.7923 114.44 -9.7215e-07 42.7673 -81.4924
12.4118 22.7808 114.448 -9.71852e-07 42.7711 -81.4111
12.4088 22.7693 114.456 -9.71553e-07 42.7749 -81.3298
12.4059 22.7578 114.464 -9.71255e-07 42.7786 -81.2485
12.4029 22.7463 114.471 -9.70956e-07 42.7824 -81.1672
12.3999 22.7349 114.479 -9.70658e-07 42.7862 -81.0859
12.3969 22.7234 114.487 -9.70359e-07 42.7899 -81.0047
12.3939 22.7119 114.494 -9.7006e-07 42.7937 -80.9234
12.391 22.7004 114.502 -9.69761e-07 42.7975 -80.8421
12.388 22.6889 114.51 -9.69462e-07 42.8013 -80.7608
12.385 22.6774 114.518 -9.69164e-07 42.8051 -80.6795
12.382 22.6659 114.525 -9.68865e-07 42.8089 -80.5982
12.379 22.6544 114.533 -9.68566e-07 42.8127 -80.5169
12.376 22.6429 114.541 -9.68266e-07 42.8165 -80.4356
12.3731 22.6314 114.548 -9.67967e-07 42.8203 -80.3543
12.3701 22.6199 114.556 -9.67668e-07 42.8241 -80.273
12.3671 22.6084 114.564 -9.67369e-07 42.8279 -80.1917
12.3641 22.5969 114.571 -9.67069e-07 42.8317 -80.1104
12.3611 22.5854 114.579 -9.6677e-07 42.8355 -80.0291
12.3581 22.5738 114.587 -9.66471e-07 42.8393 -79.9478
12.3551 22.5623 114.595 -9.66171e-07 42.8431 -79.8666
12.3521 22.5508 114.602 -9.65871e-07 42.8469 -79.7853
12.3491 22.5393 114.61 -9.65572e-07 42.8507 -79.704
12.3462 22.5278 114.618 -9.65272e-07 42.8545 -79.6227
12.3432 22.5163 114.625 -9.64972e-07 42.8584 -79.5414
12.3402 22.5048 114.633 -9.64673e-07 42.8622 -79.4601
12.3372 22.4933 114.641 -9.64373e-07 42.866 -79.3788
12.3342 22.4818 114.648 -9.64073e-07 42.8698 -79.2975
12.3312 22.4703 114.656 -9.63773e-07 42.8737 -79.2162
12.3282 22.4588 114.664 -9.63473e-07 42.8775 -79.1349
12.3252 22.4472 114.671 -9.63173e-07 42.8814 -79.0536
12.3222 22.4357 114.679 -9.62872e-07 42.8852 -78.9723
12.3192 22.4242 114.687 -9.62572e-07 42.889 -78.891
12.3162 22.4127 114.694 -9.62272e-07 42.8929 -78.8097
12.3132 22.4012 114.702 -9.61972e-07 42.8967 -78.7285
12.3102 22.3897 114.71 -9.61671e-07 42.9006 -78.6472
12.3072 22.3782 114.717 -9.61371e-07 42.9044 -78.5659
12.3042 22.3666 114.725 -9.6107e-07 42.9083 -78.4846
12.3012 22.3551 114.733 -9.6077e-07 42.9121 -78.4033
12.2982 22.3436 114.74 -9.60469e-07 42.916 -78.322
12.2952 22.3321 114.748 -9.60168e-07 42.9199 -78.2407
12.2922 22.3206 114.756 -9.59867e-07 42.9237 -78.1594
12.2892 22.3091 114.763 -9.59567e-07 42.9276 -78.0781
12.2861 22.2975 114.771 -9.59266e-07 42.9315 -77.9968
12.2831 22.286 114.779 -9.58965e-07 42.9353 -77.9155
12.2801 22.2745 114.786 -9.58664e-07 42.9392 -77.8342
12.2771 22.263 114.794 -9.58363e-07 42.9431 -77.7529
12.2741 22.2514 114.802 -9.58062e-07 42.947 -77.6717
12.2711 22.2399 114.809 -9.5776e-07 42.9508 -77.5904
12.2681 22.2284 114.817 -9.57459e-07 42.9547 -77.5091
12.2651 22.2169 114.825 -9.57158e-07 42.9586 -77.4278
12.2621 22.2053 114.832 -9.56856e-07 42.9625 -77.3465
12.259 22.1938 114.84 -9.56555e-07 42.9664 -77.2652
12.256 22.1823 114.847 -9.56254e-07 42.9703 -77.1839
12.253 22.1708 114.855 -9.55952e-07 42.9742 -77.1026
12.25 22.1592 114.863 -9.5565e-07 42.9781 -77.0213
12.247 22.1477 114.87 -9.55349e-07 42.982 -76.94
12.244 22.1362 114.878 -9.55047e-07 42.9859 -76.8587
12.2409 22.1246 114.886 -9.54745e-07 42.9898 -76.7774
12.2379 22.1131 114.893 -9.54443e-07 42.9937 -76.6961
12.2349 22.1016 114.901 -9.54142e-07 42.9976 -76.6148
12.2319 22.0901 114.908 -9.5384e-07 43.0015 -76.5336
12.2289 22.0785 114.916 -9.53538e-07 43.0055 -76.4523
12.2258 22.067 114.924 -9.53236e-07 43.0094 -76.371
12.2228 22.0555 114.931 -9.52933e-07 43.0133 -76.2897
12.2198 22.0439 114.939 -9.52631e-07 43.0172 -76.2084
12.2168 22.0324 114.946 -9.52329e-07 43.0212 -76.1271
12.2137 22.0208 114.954 -9.52027e-07 43.0251 -76.0458
12.2107 22.0093 114.962 -9.51724e-07 43.029 -75.9645
12.2077 21.9978 114.969 -9.51422e-07 43.033 -75.8832
12.2046 21.9862 114.977 -9.51119e-07 43.0369 -75.8019
12.2016 21.9747 114.984 -9.50817e-07 43.0408 -75.7206
12.1986 21.9632 114.992 -9.50514e-07 43.0448 -75.6393
12.1956 21.9516 115 -9.50212e-07 43.0487 -75.558
12.1925 21.9401 115.007 -9.49909e-07 43.0527 -75.4767
12.1895 21.9285 115.015 -9.49606e-07 43.0566 -75.3955
12.1865 21.917 115.022 -9.49303e-07 43.0606 -75.3142
12.1834 21.9054 115.03 -9.49001e-07 43.0645 -75.2329
12.1804 21.8939 115.038 -9.48698e-07 43.0685 -75.1516
12.1774 21.8824 115.045 -9.48395e-07 43.0724 -75.0703
12.1743 21.8708 115.053 -9.48092e-07 43.0764 -74.989
12.1713 21.8593 115.06 -9.47788e-07 43.0804 -74.9077
12.1682 21.8477 115.068 -9.47485e-07 43.0843 -74.8264
12.1652 21.8362 115.076 -9.47182e-07 43.0883 -74.7451
12.1622 21.8246 115.083 -9.46879e-07 43.0923 -74.6638
12.1591 21.8131 115.091 -9.46575e-07 43.0963 -74.5825
12.1561 21.8015 115.098 -9.46272e-07 43.1002 -74.5012
12.153 21.79 115.106 -9.45969e-07 43.1042 -74.4199
12.15 21.7784 115.113 -9.45665e-07 43.1082 -74.3387
12.147 21.7669 115.121 -9.45362e-07 43.1122 -74.2574
12.1439 21.7553 115.129 -9.45058e-07 43.1162 -74.1761
12.1409 21.7438 115.136 -9.44754e-07 43.1202 -74.0948
12.1378 21.7322 115.144 -9.4445e-07 43.1241 -74.0135
12.1348 21.7207 115.151 -9.44147e-07 43.1281 -73.9322
12.1317 21.7091 115.159 -9.43843e-07 43.1321 -73.8509
12.1287 21.6976 115.166 -9.43539e-07 43.1361 -73.7696
12.1256 21.686 115.174 -9.43235e-07 43.1401 -73.6883
12.1226 21.6745 115.181 -9.42931e-07 43.1441 -73.607
12.1195 21.6629 115.189 -9.42627e-07 43.1482 -73.5257
12.1165 21.6513 115.196 -9.42323e-07 43.1522 -73.4444
12.1134 21.6398 115.204 -9.42018e-07 43.1562 -73.3631
12.1104 21.6282 115.212 -9.41714e-07 43.1602 -73.2818
12.1073 21.6167 115.219 -9.4141e-07 43.1642 -73.2006
12.1043 21.6051 115.227 -9.41105e-07 43.1682 -73.1193
12.1012 21.5935 115.234 -9.40801e-07 43.1723 -73.038
12.0981 21.582 115.242 -9.40497e-07 43.1763 -72.9567
12.0951 21.5704 115.249 -9.40192e-07 43.1803 -72.8754
12.092 21.5589 115.257 -9.39887e-07 43.1843 -72.7941
12.089 21.5473 115.264 -9.39583e-07 43.1884 -72.7128
12.0859 21.5357 115.272 -9.39278e-07 43.1924 -72.6315
12.0829 21.5242 115.279 -9.38973e-07 43.1964 -72.5502
12.0798 21.5126 115.287 -9.38668e-07 43.2005 -72.4689
12.0767 21.501 115.294 -9.38363e-07 43.2045 -72.3876
12.0737 21.4895 115.302 -9.38059e-07 43.2086 -72.3063
12.0706 21.4779 115.309 -9.37754e-07 43.2126 -72.225
12.0675 21.4663 115.317 -9.37448e-07 43.2167 -72.1437
12.0645 21.4548 115.325 -9.37143e-07 43.2207 -72.0625
12.0614 21.4432 115.332 -9.36838e-07 43.2248 -71.9812
12.0583 21.4316 115.34 -9.36533e-07 43.2288 -71.8999
12.0553 21.4201 115.347 -9.36228e-07 43.2329 -71.8186
12.0522 21.4085 115.355 -9.35922e-07 43.237 -71.7373
12.0491 21.3969 115.362 -9.35617e-07 43.241 -71.656
12.0461 21.3853 115.37 -9.35311e-07 43.2451 -71.5747
12.043 21.3738 115.377 -9.35006e-07 43.2492 -71.4934
12.0399 21.3622 115.385 -9.347e-07 43.2532 -71.4121
12.0369 21.3506 115.392 -9.34395e-07 43.2573 -71.3308
12.0338 21.339 115.4 -9.34089e-07 43.2614 -71.2495
12.0307 21.3275 115.407 -9.33783e-07 43.2655 -71.1682
12.0276 21.3159 115.415 -9.33478e-07 43.2696 -71.0869
12.0246 21.3043 115.422 -9.33172e-07 43.2736 -71.0057
12.0215 21.2927 115.43 -9.32866e-07 43.2777 -70.9244
12.0184 21.2812 115.437 -9.3256e-07 43.2818 -70.8431
12.0153 21.2696 115.445 -9.32254e-07 43.2859 -70.7618
12.0123 21.258 115.452 -9.31948e-07 43.29 -70.6805
12.0092 21.2464 115.459 -9.31642e-07 43.2941 -70.5992
12.0061 21.2348 115.467 -9.31335e-07 43.2982 -70.5179
12.003 21.2233 115.474 -9.31029e-07 43.3023 -70.4366
11.9999 21.2117 115.482 -9.30723e-07 43.3064 -70.3553
11.9968 21.2001 115.489 -9.30416e-07 43.3105 -70.274
11.9938 21.1885 115.497 -9.3011e-07 43.3146 -70.1927
11.9907 21.1769 115.504 -9.29804e-07 43.3188 -70.1114
11.9876 21.1653 115.512 -9.29497e-07 43.3229 -70.0301
11.9845 21.1538 115.519 -9.2919e-07 43.327 -69.9488
11.9814 21.1422 115.527 -9.28884e-07 43.3311 -69.8676
11.9783 21.1306 115.534 -9.28577e-07 43.3352 -69.7863
11.9752 21.119 115.542 -9.2827e-07 43.3394 -69.705
11.9722 21.1074 115.549 -9.27964e-07 43.3435 -69.6237
11.9691 21.0958 115.557 -9.27657e-07 43.3476 -69.5424
11.966 21.0842 115.564 -9.2735e-07 43.3518 -69.4611
11.9629 21.0726 115.571 -9.27043e-07 43.3559 -69.3798
11.9598 21.061 115.579 -9.26736e-07 43.36 -69.2985
11.9567 21.0495 115.586 -9.26429e-07 43.3642 -69.2172
11.9536 21.0379 115.594 -9.26122e-07 43.3683 -69.1359
11.9505 21.0263 115.601 -9.25814e-07 43.3725 -69.0546
11.9474 21.0147 115.609 -9.25507e-07 43.3766 -68.9733
11.9443 21.0031 115.616 -9.252e-07 43.3808 -68.892
11.9412 20.9915 115.624 -9.24892e-07 43.3849 -68.8107
11.9381 20.9799 115.631 -9.24585e-07 43.3891 -68.7295
11.935 20.9683 115.638 -9.24278e-07 43.3932 -68.6482
11.9319 20.9567 115.646 -9.2397e-07 43.3974 -68.5669
11.9288 20.9451 115.653 -9.23662e-07 43.4016 -68.4856
11.9257 20.9335 115.661 -9.23355e-07 43.4057 -68.4043
11.9226 20.9219 115.668 -9.23047e-07 43.4099 -68.323
11.9195 20.9103 115.676 -9.22739e-07 43.4141 -68.2417
11.9164 20.8987 115.683 -9.22432e-07 43.4182 -68.1604
11.9133 20.8871 115.69 -9.22124e-07 43.4224 -68.0791
11.9102 20.8755 115.698 -9.21816e-07 43.4266 -67.9978
11.9071 20.8639 115.705 -9.21508e-07 43.4308 -67.9165
11.904 20.8523 115.713 -9.212e-07 43.435 -67.8352
11.9009 20.8407 115.72 -9.20892e-07 43.4391 -67.7539
11.8978 20.8291 115.728 -9.20584e-07 43.4433 -67.6727
11.8947 20.8175 115.735 -9.20275e-07 43.4475 -67.5914
11.8916 20.8059 115.742 -9.19967e-07 43.4517 -67.5101
11.8884 20.7943 115.75 -9.19659e-07 43.4559 -67.4288
11.8853 20.7827 115.757 -9.1935e-07 43.4601 -67.3475
11.8822 20.7711 115.765 -9.19042e-07 43.4643 -67.2662
11.8791 20.7595 115.772 -9.18734e-07 43.4685 -67.1849
11.876 20.7478 115.779 -9.18425e-07 43.4727 -67.1036
11.8729 20.7362 115.787 -9.18117e-07 43.4769 -67.0223
11.8698 20.7246 115.794 -9.17808e-07 43.4811 -66.941
11.8667 20.713 115.802 -9.17499e-07 43.4854 -66.8597
11.8635 20.7014 115.809 -9.1719e-07 43.4896 -66.7784
11.8604 20.6898 115.816 -9.16882e-07 43.4938 -66.6971
11.8573 20.6782 115.824 -9.16573e-07 43.498 -66.6158
11.8542 20.6666 115.831 -9.16264e-07 43.5022 -66.5346
11.8511 20.6549 115.839 -9.15955e-07 43.5065 -66.4533
11.8479 20.6433 115.846 -9.15646e-07 43.5107 -66.372
11.8448 20.6317 115.853 -9.15337e-07 43.5149 -66.2907
11.8417 20.6201 115.861 -9.15028e-07 43.5192 -66.2094
11.8386 20.6085 115.868 -9.14719e-07 43.5234 -66.1281
11.8354 20.5969 115.875 -9.14409e-07 43.5276 -66.0468
11.8323 20.5853 115.883 -9.141e-07 43.5319 -65.9655
11.8292 20.5736 115.89 -9.13791e-07 43.5361 -65.8842
11.8261 20.562 115.898 -9.13481e-07 43.5404 -65.8029
11.8229 20.5504 115.905 -9.13172e-07 43.5446 -65.7216
11.8198 20.5388 115.912 -9.12862e-07 43.5489 -65.6403
11.8167 20.5272 115.92 -9.12553e-07 43.5531 -65.559
11.8135 20.5155 115.927 -9.12243e-07 43.5574 -65.4778
11.8104 20.5039 115.934 -9.11934e-07 43.5617 -65.3965
11.8073 20.4923 115.942 -9.11624e-07 43.5659 -65.3152
11.8041 20.4807 115.949 -9.11314e-07 43.5702 -65.2339
11.801 20.469 115.957 -9.11004e-07 43.5745 -65.1526
11.7979 20.4574 115.964 -9.10694e-07 43.5787 -65.0713
11.7947 20.4458 115.971 -9.10384e-07 43.583 -64.99
11.7916 20.4342 115.979 -9.10074e-07 43.5873 -64.9087
11.7885 20.4225 115.986 -9.09764e-07 43.5915 -64.8274
11.7853 20.4109 115.993 -9.09454e-07 43.5958 -64.7461
11.7822 20.3993 116.001 -9.09144e-07 43.6001 -64.6648
11.7791 20.3876 116.008 -9.08834e-07 43.6044 -64.5835
11.7759 20.376 116.015 -9.08524e-07 43.6087 -64.5022
11.7728 20.3644 116.023 -9.08213e-07 43.613 -64.4209
11.7696 20.3528 116.03 -9.07903e-07 43.6173 -64.3397
11.7665 20.3411 116.037 -9.07593e-07 43.6216 -64.2584
11.7633 20.3295 116.045 -9.07282e-07 43.6259 -64.1771
11.7602 20.3179 116.052 -9.06972e-07 43.6302 -64.0958
11.7571 20.3062 116.059 -9.06661e-07 43.6345 -64.0145
11.7539 20.2946 116.067 -9.0635e-07 43.6388 -63.9332
11.7508 20.283 116.074 -9.0604e-07 43.6431 -63.8519
11.7476 20.2713 116.081 -9.05729e-07 43.6474 -63.7706
11.7445 20.2597 116.089 -9.05418e-07 43.6517 -63.6893
11.7413 20.2481 116.096 -9.05107e-07 43.656 -63.608
11.7382 20.2364 116.103 -9.04796e-07 43.6603 -63.5267
11.735 20.2248 116.111 -9.04485e-07 43.6647 -63.4454
11.7319 20.2131 116.118 -9.04174e-07 43.669 -63.3641
11.7287 20.2015 116.125 -9.03863e-07 43.6733 -63.2828
11.7256 20.1899 116.133 -9.03552e-07 43.6776 -63.2016
11.7224 20.1782 116.14 -9.03241e-07 43.682 -63.1203
11.7193 20.1666 116.147 -9.0293e-07 43.6863 -63.039
11.7161 20.1549 116.154 -9.02619e-07 43.6906 -62.9577
11.7129 20.1433 116.162 -9.02307e-07 43.695 -62.8764
11.7098 20.1316 116.169 -9.01996e-07 43.6993 -62.7951
11.7066 20.12 116.176 -9.01684e-07 43.7037 -62.7138
11.7035 20.1084 116.184 -9.01373e-07 43.708 -62.6325
11.7003 20.0967 116.191 -9.01061e-07 43.7124 -62.5512
11.6971 20.0851 116.198 -9.0075e-07 43.7167 -62.4699
11.694 20.0734 116.206 -9.00438e-07 43.7211 -62.3886
11.6908 20.0618 116.213 -9.00126e-07 43.7254 -62.3073
11.6877 20.0501 116.22 -8.99815e-07 43.7298 -62.226
11.6845 20.0385 116.227 -8.99503e-07 43.7341 -62.1448
11.6813 20.0268 116.235 -8.99191e-07 43.7385 -62.0635
11.6782 20.0152 116.242 -8.98879e-07 43.7429 -61.9822
11.675 20.0035 116.249 -8.98567e-07 43.7472 -61.9009
11.6718 19.9919 116.257 -8.98255e-07 43.7516 -61.8196
11.6687 19.9802 116.264 -8.97943e-07 43.756 -61.7383
11.6655 19.9686 116.271 -8.97631e-07 43.7604 -61.657
11.6623 19.9569 116.278 -8.97319e-07 43.7648 -61.5757
11.6591 19.9453 116.286 -8.97007e-07 43.7691 -61.4944
11.656 19.9336 116.293 -8.96694e-07 43.7735 -61.4131
11.6528 19.922 116.3 -8.96382e-07 43.7779 -61.3318
11.6496 19.9103 116.307 -8.9607e-07 43.7823 -61.2505
11.6465 19.8986 116.315 -8.95757e-07 43.7867 -61.1692
11.6433 19.887 116.322 -8.95445e-07 43.7911 -61.0879
11.6401 19.8753 116.329 -8.95132e-07 43.7955 -61.0067
11.6369 19.8637 116.336 -8.94819e-07 43.7999 -60.9254
11.6337 19.852 116.344 -8.94507e-07 43.8043 -60.8441
11.6306 19.8403 116.351 -8.94194e-07 43.8087 -60.7628
11.6274 19.8287 116.358 -8.93881e-07 43.8131 -60.6815
11.6242 19.817 116.365 -8.93569e-07 43.8175 -60.6002
11.621 19.8054 116.373 -8.93256e-07 43.8219 -60.5189
11.6178 19.7937 116.38 -8.92943e-07 43.8263 -60.4376
11.6147 19.782 116.387 -8.9263e-07 43.8308 -60.3563
11.6115 19.7704 116.394 -8.92317e-07 43.8352 -60.275
11.6083 19.7587 116.402 -8.92004e-07 43.8396 -60.1937
11.6051 19.747 116.409 -8.91691e-07 43.844 -60.1124
11.6019 19.7354 116.416 -8.91378e-07 43.8484 -60.0311
11.5987 19.7237 116.423 -8.91064e-07 43.8529 -59.9498
11.5956 19.712 116.431 -8.90751e-07 43.8573 -59.8686
11.5924 19.7004 116.438 -8.90438e-07 43.8617 -59.7873
11.5892 19.6887 116.445 -8.90124e-07 43.8662 -59.706
11.586 19.677 116.452 -8.89811e-07 43.8706 -59.6247
11.5828 19.6654 116.46 -8.89497e-07 43.8751 -59.5434
11.5796 19.6537 116.467 -8.89184e-07 43.8795 -59.4621
11.5764 19.642 116.474 -8.8887e-07 43.884 -59.3808
11.5732 19.6304 116.481 -8.88557e-07 43.8884 -59.2995
11.57 19.6187 116.488 -8.88243e-07 43.8929 -59.2182
11.5668 19.607 116.496 -8.87929e-07 43.8973 -59.1369
11.5636 19.5953 116.503 -8.87615e-07 43.9018 -59.0556
11.5604 19.5837 116.51 -8.87302e-07 43.9062 -58.9743
11.5572 19.572 116.517 -8.86988e-07 43.9107 -58.893
11.554 19.5603 116.525 -8.86674e-07 43.9152 -58.8118
11.5508 19.5486 116.532 -8.8636e-07 43.9196 -58.7305
11.5476 19.537 116.539 -8.86046e-07 43.9241 -58.6492
11.5444 19.5253 116.546 -8.85732e-07 43.9286 -58.5679
11.5412 19.5136 116.553 -8.85417e-07 43.9331 -58.4866
11.538 19.5019 116.561 -8.85103e-07 43.9375 -58.4053
11.5348 19.4902 116.568 -8.84789e-07 43.942 -58.324
11.5316 19.4786 116.575 -8.84475e-07 43.9465 -58.2427
11.5284 19.4669 116.582 -8.8416e-07 43.951 -58.1614
11.5252 19.4552 116.589 -8.83846e-07 43.9555 -58.0801
11.522 19.4435 116.596 -8.83531e-07 43.96 -57.9988
11.5188 19.4318 116.604 -8.83217e-07 43.9645 -57.9175
11.5156 19.4202 116.611 -8.82902e-07 43.969 -57.8362
11.5124 19.4085 116.618 -8.82588e-07 43.9735 -57.7549
11.5092 19.3968 116.625 -8.82273e-07 43.978 -57.6737
11.506 19.3851 116.632 -8.81958e-07 43.9825 -57.5924
11.5027 19.3734 116.64 -8.81644e-07 43.987 -57.5111
11.4995 19.3617 116.647 -8.81329e-07 43.9915 -57.4298
11.4963 19.35 116.654 -8.81014e-07 43.996 -57.3485
11.4931 19.3383 116.661 -8.80699e-07 44.0005 -57.2672
11.4899 19.3267 116.668 -8.80384e-07 44.005 -57.1859
11.4867 19.315 116.675 -8.80069e-07 44.0096 -57.1046
11.4835 19.3033 116.683 -8.79754e-07 44.0141 -57.0233
11.4802 19.2916 116.69 -8.79439e-07 44.0186 -56.942
11.477 19.2799 116.697 -8.79124e-07 44.0231 -56.8607
11.4738 19.2682 116.704 -8.78808e-07 44.0277 -56.7794
11.4706 19.2565 116.711 -8.78493e-07 44.0322 -56.6981
11.4674 19.2448 116.718 -8.78178e-07 44.0367 -56.6168
11.4641 19.2331 116.726 -8.77862e-07 44.0413 -56.5356
11.4609 19.2214 116.733 -8.77547e-07 44.0458 -56.4543
11.4577 19.2097 116.74 -8.77232e-07 44.0504 -56.373
11.4545 19.198 116.747 -8.76916e-07 44.0549 -56.2917
11.4512 19.1863 116.754 -8.766e-07 44.0595 -56.2104
11.448 19.1746 116.761 -8.76285e-07 44.064 -56.1291
11.4448 19.1629 116.768 -8.75969e-07 44.0686 -56.0478
11.4415 19.1513 116.776 -8.75653e-07 44.0731 -55.9665
11.4383 19.1396 116.783 -8.75338e-07 44.0777 -55.8852
11.4351 19.1279 116.79 -8.75022e-07 44.0822 -55.8039
11.4319 19.1162 116.797 -8.74706e-07 44.0868 -55.7226
11.4286 19.1045 116.804 -8.7439e-07 44.0914 -55.6413
11.4254 19.0927 116.811 -8.74074e-07 44.0959 -55.56
11.4222 19.081 116.818 -8.73758e-07 44.1005 -55.4788
11.4189 19.0693 116.826 -8.73442e-07 44.1051 -55.3975
11.4157 19.0576 116.833 -8.73126e-07 44.1097 -55.3162
11.4125 19.0459 116.84 -8.7281e-07 44.1142 -55.2349
11.4092 19.0342 116.847 -8.72493e-07 44.1188 -55.1536
11.406 19.0225 116.854 -8.72177e-07 44.1234 -55.0723
11.4027 19.0108 116.861 -8.71861e-07 44.128 -54.991
11.3995 18.9991 116.868 -8.71544e-07 44.1326 -54.9097
11.3963 18.9874 116.875 -8.71228e-07 44.1372 -54.8284
11.393 18.9757 116.883 -8.70911e-07 44.1418 -54.7471
11.3898 18.964 116.89 -8.70595e-07 44.1464 -54.6658
11.3865 18.9523 116.897 -8.70278e-07 44.151 -54.5845
11.3833 18.9406 116.904 -8.69962e-07 44.1556 -54.5032
11.38 18.9289 116.911 -8.69645e-07 44.1602 -54.4219
11.3768 18.9171 116.918 -8.69328e-07 44.1648 -54.3407
11.3736 18.9054 116.925 -8.69011e-07 44.1694 -54.2594
11.3703 18.8937 116.932 -8.68695e-07 44.174 -54.1781
11.3671 18.882 116.939 -8.68378e-07 44.1786 -54.0968
11.3638 18.8703 116.946 -8.68061e-07 44.1832 -54.0155
11.3606 18.8586 116.954 -8.67744e-07 44.1878 -53.9342
11.3573 18.8469 116.961 -8.67427e-07 44.1925 -53.8529
11.3541 18.8351 116.968 -8.6711e-07 44.1971 -53.7716
11.3508 18.8234 116.975 -8.66793e-07 44.2017 -53.6903
11.3476 18.8117 116.982 -8.66475e-07 44.2063 -53.609
11.3443 18.8 116.989 -8.66158e-07 44.211 -53.5277
11.341 18.7883 116.996 -8.65841e-07 44.2156 -53.4464
11.3378 18.7766 117.003 -8.65524e-07 44.2203 -53.3651
11.3345 18.7648 117.01 -8.65206e-07 44.2249 -53.2839
11.3313 18.7531 117.017 -8.64889e-07 44.2295 -53.2026
11.328 18.7414 117.024 -8.64571e-07 44.2342 -53.1213
11.3248 18.7297 117.032 -8.64254e-07 44.2388 -53.04
11.3215 18.7179 117.039 -8.63936e-07 44.2435 -52.9587
11.3182 18.7062 117.046 -8.63618e-07 44.2481 -52.8774
11.315 18.6945 117.053 -8.63301e-07 44.2528 -52.7961
11.3117 18.6828 117.06 -8.62983e-07 44.2575 -52.7148
11.3084 18.671 117.067 -8.62665e-07 44.2621 -52.6335
11.3052 18.6593 117.074 -8.62347e-07 44.2668 -52.5522
11.3019 18.6476 117.081 -8.6203e-07 44.2714 -52.4709
11.2986 18.6359 117.088 -8.61712e-07 44.2761 -52.3896
11.2954 18.6241 117.095 -8.61394e-07 44.2808 -52.3083
11.2921 18.6124 117.102 -8.61076e-07 44.2855 -52.227
11.2888 18.6007 117.109 -8.60758e-07 44.2901 -52.1458
11.2856 18.589 117.116 -8.6044e-07 44.2948 -52.0645
11.2823 18.5772 117.123 -8.60121e-07 44.2995 -51.9832
11.279 18.5655 117.13 -8.59803e-07 44.3042 -51.9019
11.2758 18.5538 117.137 -8.59485e-07 44.3089 -51.8206
11.2725 18.542 117.144 -8.59167e-07 44.3136 -51.7393
11.2692 18.5303 117.151 -8.58848e-07 44.3182 -51.658
11.2659 18.5186 117.159 -8.5853e-07 44.3229 -51.5767
11.2627 18.5068 117.166 -8.58211e-07 44.3276 -51.4954
11.2594 18.4951 117.173 -8.57893e-07 44.3323 -51.4141
11.2561 18.4834 117.18 -8.57574e-07 44.337 -51.3328
11.2528 18.4716 117.187 -8.57256e-07 44.3417 -51.2515
11.2495 18.4599 117.194 -8.56937e-07 44.3465 -51.1702
11.2463 18.4481 117.201 -8.56618e-07 44.3512 -51.0889
11.243 18.4364 117.208 -8.563e-07 44.3559 -51.0077
11.2397 18.4247 117.215 -8.55981e-07 44.3606 -50.9264
11.2364 18.4129 117.222 -8.55662e-07 44.3653 -50.8451
11.2331 18.4012 117.229 -8.55343e-07 44.37 -50.7638
11.2299 18.3894 117.236 -8.55024e-07 44.3747 -50.6825
11.2266 18.3777 117.243 -8.54705e-07 44.3795 -50.6012
11.2233 18.366 117.25 -8.54386e-07 44.3842 -50.5199
11.22 18.3542 117.257 -8.54067e-07 44.3889 -50.4386
11.2167 18.3425 117.264 -8.53748e-07 44.3937 -50.3573
11.2134 18.3307 117.271 -8.53429e-07 44.3984 -50.276
11.2101 18.319 117.278 -8.53109e-07 44.4031 -50.1947
11.2068 18.3072 117.285 -8.5279e-07 44.4079 -50.1134
11.2035 18.2955 117.292 -8.52471e-07 44.4126 -50.0321
11.2002 18.2837 117.299 -8.52151e-07 44.4174 -49.9509
11.197 18.272 117.306 -8.51832e-07 44.4221 -49.8696
11.1937 18.2603 117.313 -8.51512e-07 44.4269 -49.7883
11.1904 18.2485 117.32 -8.51193e-07 44.4316 -49.707
11.1871 18.2368 117.327 -8.50873e-07 44.4364 -49.6257
11.1838 18.225 117.334 -8.50554e-07 44.4411 -49.5444
11.1805 18.2133 117.341 -8.50234e-07 44.4459 -49.4631
11.1772 18.2015 117.348 -8.49914e-07 44.4507 -49.3818
11.1739 18.1897 117.355 -8.49595e-07 44.4554 -49.3005
11.1706 18.178 117.362 -8.49275e-07 44.4602 -49.2192
11.1673 18.1662 117.369 -8.48955e-07 44.465 -49.1379
11.164 18.1545 117.376 -8.48635e-07 44.4697 -49.0566
11.1607 18.1427 117.383 -8.48315e-07 44.4745 -48.9753
11.1574 18.131 117.39 -8.47995e-07 44.4793 -48.894
11.1541 18.1192 117.397 -8.47675e-07 44.4841 -48.8128
11.1508 18.1075 117.404 -8.47355e-07 44.4889 -48.7315
11.1474 18.0957 117.411 -8.47035e-07 44.4937 -48.6502
11.1441 18.084 117.418 -8.46715e-07 44.4984 -48.5689
11.1408 18.0722 117.425 -8.46394e-07 44.5032 -48.4876
11.1375 18.0604 117.432 -8.46074e-07 44.508 -48.4063
11.1342 18.0487 117.438 -8.45754e-07 44.5128 -48.325
11.1309 18.0369 117.445 -8.45433e-07 44.5176 -48.2437
11.1276 18.0252 117.452 -8.45113e-07 44.5224 -48.1624
11.1243 18.0134 117.459 -8.44792e-07 44.5272 -48.0811
11.121 18.0016 117.466 -8.44472e-07 44.532 -47.9998
11.1176 17.9899 117.473 -8.44151e-07 44.5369 -47.9185
11.1143 17.9781 117.48 -8.43831e-07 44.5417 -47.8372
11.111 17.9663 117.487 -8.4351e-07 44.5465 -47.7559
11.1077 17.9546 117.494 -8.43189e-07 44.5513 -47.6747
11.1044 17.9428 117.501 -8.42868e-07 44.5561 -47.5934
11.1011 17.931 117.508 -8.42548e-07 44.5609 -47.5121
11.0977 17.9193 117.515 -8.42227e-07 44.5657 -47.4308
11.0944 17.9076 117.522 -8.41909e-07 44.5704 -47.3495
11.0911 17.8961 117.529 -8.41592e-07 44.575 -47.2682
11.0878 17.8846 117.536 -8.41277e-07 44.5794 -47.1869
11.0844 17.8733 117.543 -8.40965e-07 44.5836 -47.1056
11.0811 17.8621 117.55 -8.40654e-07 44.5878 -47.0243
11.0778 17.8509 117.557 -8.40345e-07 44.5918 -46.943
11.0745 17.8399 117.564 -8.40039e-07 44.5956 -46.8617
11.0711 17.8289 117.572 -8.39734e-07 44.5994 -46.7804
11.0678 17.8181 117.579 -8.39431e-07 44.603 -46.6991
11.0645 17.8074 117.586 -8.39131e-07 44.6064 -46.6179
11.0612 17.7967 117.594 -8.38832e-07 44.6098 -46.5366
11.0578 17.7862 117.601 -8.38535e-07 44.613 -46.4553
11.0545 17.7758 117.608 -8.3824e-07 44.616 -46.374
11.0512 17.7654 117.616 -8.37947e-07 44.6189 -46.2927
11.0478 17.7552 117.623 -8.37656e-07 44.6217 -46.2114
11.0445 17.7451 117.631 -8.37367e-07 44.6244 -46.1301
11.0412 17.7351 117.638 -8.3708e-07 44.6269 -46.0488
11.0378 17.7251 117.646 -8.36795e-07 44.6293 -45.9675
11.0345 17.7153 117.653 -8.36512e-07 44.6315 -45.8862
11.0311 17.7056 117.661 -8.36231e-07 44.6337 -45.8049
11.0278 17.696 117.668 -8.35951e-07 44.6356 -45.7236
11.0245 17.6865 117.676 -8.35674e-07 44.6375 -45.6423
11.0211 17.677 117.684 -8.35399e-07 44.6392 -45.561
11.0178 17.6677 117.692 -8.35125e-07 44.6408 -45.4798
11.0144 17.6585 117.699 -8.34854e-07 44.6422 -45.3985
11.0111 17.6494 117.707 -8.34584e-07 44.6435 -45.3172
11.0078 17.6404 117.715 -8.34317e-07 44.6447 -45.2359
11.0044 17.6315 117.723 -8.34051e-07 44.6457 -45.1546
11.0011 17.6227 117.731 -8.33787e-07 44.6466 -45.0733
10.9977 17.614 117.739 -8.33526e-07 44.6474 -44.992
10.9944 17.6054 117.747 -8.33266e-07 44.648 -44.9107
10.991 17.5969 117.755 -8.33008e-07 44.6485 -44.8294
10.9877 17.5885 117.763 -8.32752e-07 44.6489 -44.7481
10.9843 17.5802 117.771 -8.32498e-07 44.6491 -44.6668
10.981 17.572 117.779 -8.32246e-07 44.6492 -44.5855
10.9776 17.5639 117.787 -8.31995e-07 44.6491 -44.5042
10.9743 17.5559 117.795 -8.31747e-07 44.6489 -44.4229
10.9709 17.548 117.803 -8.31501e-07 44.6486 -44.3417
10.9676 17.5402 117.812 -8.31256e-07 44.6481 -44.2604
10.9642 17.5326 117.82 -8.31014e-07 44.6475 -44.1791
10.9608 17.525 117.828 -8.30773e-07 44.6468 -44.0978
10.9575 17.5175 117.837 -8.30535e-07 44.6459 -44.0165
10.9541 17.5101 117.845 -8.30298e-07 44.6449 -43.9352
10.9508 17.5028 117.853 -8.30063e-07 44.6438 -43.8539
10.9474 17.4957 117.862 -8.2983e-07 44.6425 -43.7726
10.944 17.4886 117.87 -8.29599e-07 44.6411 -43.6913
10.9407 17.4816 117.879 -8.2937e-07 44.6396 -43.61
10.9373 17.4748 117.887 -8.29143e-07 44.6379 -43.5287
10.934 17.468 117.896 -8.28918e-07 44.6361 -43.4474
10.9306 17.4613 117.905 -8.28694e-07 44.6341 -43.3661
10.9272 17.4548 117.913 -8.28473e-07 44.632 -43.2849
10.9239 17.4483 117.922 -8.28253e-07 44.6298 -43.2036
10.9205 17.442 117.931 -8.28036e-07 44.6274 -43.1223
10.9171 17.4357 117.939 -8.2782e-07 44.6249 -43.041
10.9138 17.4296 117.948 -8.27606e-07 44.6223 -42.9597
10.9104 17.4235 117.957 -8.27395e-07 44.6195 -42.8784
10.907 17.4176 117.966 -8.27185e-07 44.6166 -42.7971
10.9036 17.4117 117.975 -8.26977e-07 44.6135 -42.7158
10.9003 17.406 117.984 -8.2677e-07 44.6103 -42.6345
10.8969 17.4004 117.993 -8.26566e-07 44.607 -42.5532
10.8935 17.3948 118.002 -8.26364e-07 44.6035 -42.4719
10.8901 17.3894 118.011 -8.26164e-07 44.5999 -42.3906
10.8868 17.3841 118.02 -8.25965e-07 44.5962 -42.3093
10.8834 17.3788 118.029 -8.25769e-07 44.5923 -42.228
10.88 17.3737 118.038 -8.25574e-07 44.5883 -42.1468
10.8766 17.3687 118.047 -8.25381e-07 44.5842 -42.0655
10.8732 17.3638 118.056 -8.2519e-07 44.5799 -41.9842
10.8699 17.359 118.066 -8.25002e-07 44.5755 -41.9029
10.8665 17.3543 118.075 -8.24814e-07 44.5709 -41.8216
10.8631 17.3497 118.084 -8.24629e-07 44.5662 -41.7403
10.8597 17.3452 118.093 -8.24446e-07 44.5614 -41.659
10.8563 17.3408 118.103 -8.24265e-07 44.5564 -41.5777
10.8529 17.3365 118.112 -8.24086e-07 44.5513 -41.4964
10.8496 17.3323 118.122 -8.23908e-07 44.546 -41.4151
10.8462 17.3282 118.131 -8.23733e-07 44.5407 -41.3338
10.8428 17.3242 118.141 -8.23559e-07 44.5351 -41.2525
10.8394 17.3203 118.15 -8.23387e-07 44.5295 -41.1712
10.836 17.3165 118.16 -8.23218e-07 44.5237 -41.09
10.8326 17.3129 118.169 -8.2305e-07 44.5177 -41.0087
10.8292 17.3093 118.179 -8.22884e-07 44.5117 -40.9274
10.8258 17.3058 118.189 -8.2272e-07 44.5054 -40.8461
10.8224 17.3025 118.198 -8.22558e-07 44.4991 -40.7648
10.819 17.2992 118.208 -8.22397e-07 44.4926 -40.6835
10.8156 17.296 118.218 -8.22239e-07 44.486 -40.6022
10.8122 17.293 118.228 -8.22083e-07 44.4792 -40.5209
10.8088 17.29 118.238 -8.21928e-07 44.4723 -40.4396
10.8054 17.2872 118.248 -8.21776e-07 44.4653 -40.3583
10.802 17.2844 118.257 -8.21625e-07 44.4581 -40.277
10.7986 17.2818 118.267 -8.21477e-07 44.4508 -40.1963
10.7952 17.2793 118.277 -8.2133e-07 44.4433 -40.1166
10.7918 17.2769 118.287 -8.21185e-07 44.4357 -40.0379
10.7884 17.2745 118.297 -8.21042e-07 44.428 -39.9602
10.785 17.2723 118.308 -8.20901e-07 44.4201 -39.8835
10.7816 17.2702 118.318 -8.20762e-07 44.4121 -39.8078
10.7782 17.2682 118.328 -8.20625e-07 44.404 -39.733
10.7748 17.2663 118.338 -8.2049e-07 44.3957 -39.6593
10.7714 17.2644 118.348 -8.20359e-07 44.3872 -39.5866
10.768 17.2624 118.359 -8.20225e-07 44.3785 -39.5149
10.7644 17.2605 118.37 -8.20086e-07 44.3697 -39.4442
10.7607 17.2586 118.381 -8.19942e-07 44.3606 -39.3745
10.757 17.2566 118.392 -8.19794e-07 44.3514 -39.3058
10.7532 17.2547 118.403 -8.19648e-07 44.342 -39.2381
10.7494 17.2528 118.415 -8.19505e-07 44.3324 -39.1714
10.7457 17.251 118.426 -8.19364e-07 44.3227 -39.1056
10.7419 17.2493 118.438 -8.19225e-07 44.3129 -39.0409
10.7382 17.2477 118.449 -8.19087e-07 44.3029 -38.9772
10.7344 17.2463 118.461 -8.18952e-07 44.2928 -38.9145
10.7306 17.2449 118.473 -8.18819e-07 44.2825 -38.8528
10.7269 17.2436 118.484 -8.18687e-07 44.2721 -38.7921
10.7231 17.2425 118.496 -8.18558e-07 44.2616 -38.7322
10.7193 17.2414 118.508 -8.1843e-07 44.2509 -38.6723
10.7156 17.2405 118.519 -8.18304e-07 44.2401 -38.6125
10.7118 17.2397 118.531 -8.18181e-07 44.2291 -38.5527
10.708 17.2389 118.543 -8.18059e-07 44.218 -38.4928
10.7043 17.2383 118.555 -8.17939e-07 44.2068 -38.433
10.7005 17.2378 118.567 -8.17821e-07 44.1954 -38.3732
10.6967 17.2374 118.579 -8.17705e-07 44.1839 -38.3133
10.6929 17.2371 118.591 -8.17591e-07 44.1722 -38.2535
10.6892 17.2369 118.603 -8.17479e-07 44.1605 -38.1936
10.6854 17.2368 118.615 -8.17369e-07 44.1485 -38.1338
10.6816 17.2369 118.627 -8.17261e-07 44.1364 -38.074
10.6778 17.237 118.639 -8.17154e-07 44.1242 -38.0141
10.6741 17.2372 118.651 -8.1705e-07 44.1119 -37.9543
10.6703 17.2376 118.663 -8.16948e-07 44.0994 -37.8945
10.6665 17.238 118.675 -8.16847e-07 44.0867 -37.8346
10.6627 17.2386 118.687 -8.16749e-07 44.074 -37.7748
10.6589 17.2392 118.7 -8.16653e-07 44.0611 -37.7149
10.6551 17.24 118.712 -8.16558e-07 44.048 -37.6551
10.6513 17.2409 118.724 -8.16466e-07 44.0348 -37.5953
10.6476 17.2419 118.737 -8.16375e-07 44.0215 -37.5354
10.6438 17.243 118.749 -8.16287e-07 44.008 -37.4756
10.64 17.2442 118.761 -8.162e-07 43.9944 -37.4158
10.6362 17.2455 118.774 -8.16116e-07 43.9806 -37.3559
10.6324 17.2469 118.786 -8.16033e-07 43.9667 -37.2961
10.6286 17.2485 118.799 -8.15952e-07 43.9527 -37.2363
10.6248 17.2501 118.811 -8.15874e-07 43.9385 -37.1764
10.621 17.2519 118.824 -8.15797e-07 43.9242 -37.1166
10.6172 17.2537 118.837 -8.15723e-07 43.9097 -37.0567
10.6134 17.2557 118.849 -8.1565e-07 43.8951 -36.9969
10.6096 17.2578 118.862 -8.1558e-07 43.8804 -36.9371
10.6058 17.26 118.875 -8.15511e-07 43.8655 -36.8772
10.602 17.2623 118.887 -8.15444e-07 43.8505 -36.8174
10.5982 17.2647 118.9 -8.1538e-07 43.8353 -36.7576
10.5944 17.2672 118.913 -8.15317e-07 43.82 -36.6977
10.5906 17.2698 118.926 -8.15257e-07 43.8046 -36.6379
10.5868 17.2725 118.938 -8.15198e-07 43.789 -36.5781
10.583 17.2754 118.951 -8.15142e-07 43.7733 -36.5182
10.5792 17.2783 118.964 -8.15088e-07 43.7574 -36.4584
10.5754 17.2814 118.977 -8.15035e-07 43.7414 -36.3985
10.5715 17.2846 118.99 -8.14985e-07 43.7252 -36.3387
10.5677 17.2879 119.003 -8.14937e-07 43.7089 -36.2789
10.5639 17.2913 119.016 -8.1489e-07 43.6925 -36.219
10.5601 17.2948 119.029 -8.14846e-07 43.6759 -36.1592
10.5563 17.2984 119.042 -8.14804e-07 43.6592 -36.0994
10.5525 17.3021 119.056 -8.14764e-07 43.6424 -36.0395
10.5487 17.306 119.069 -8.14726e-07 43.6254 -35.9797
10.5448 17.3099 119.082 -8.1469e-07 43.6082 -35.9198
10.541 17.314 119.095 -8.14656e-07 43.5909 -35.86
10.5372 17.3182 119.108 -8.14624e-07 43.5735 -35.8002
10.5334 17.3225 119.122 -8.14595e-07 43.5559 -35.7403
10.5295 17.3269 119.135 -8.14567e-07 43.5382 -35.6805
10.5257 17.3314 119.148 -8.14542e-07 43.5204 -35.6207
10.5219 17.336 119.162 -8.14518e-07 43.5024 -35.5608
10.5181 17.3407 119.175 -8.14497e-07 43.4843 -35.501
10.5142 17.3456 119.188 -8.14478e-07 43.466 -35.4412
10.5104 17.3505 119.202 -8.1446e-07 43.4476 -35.3813
10.5066 17.3556 119.215 -8.14445e-07 43.429 -35.3215
10.5027 17.3608 119.229 -8.14432e-07 43.4103 -35.2616
10.4989 17.3661 119.242 -8.14422e-07 43.3915 -35.2018
10.4951 17.3715 119.256 -8.14413e-07 43.3725 -35.142
10.4912 17.377 119.27 -8.14407e-07 43.3534 -35.0821
10.4874 17.3827 119.283 -8.14402e-07 43.3341 -35.0223
10.4836 17.3884 119.297 -8.144e-07 43.3147 -34.9625
10.4797 17.3943 119.311 -8.144e-07 43.2951 -34.9026
10.4759 17.4003 119.324 -8.14402e-07 43.2754 -34.8428
10.472 17.4064 119.338 -8.14406e-07 43.2556 -34.7829
10.4682 17.4126 119.352 -8.14412e-07 43.2356 -34.7231
10.4644 17.4189 119.366 -8.14421e-07 43.2155 -34.6633
10.4605 17.4253 119.379 -8.14432e-07 43.1952 -34.6034
10.4567 17.4319 119.393 -8.14444e-07 43.1748 -34.5436
10.4528 17.4386 119.407 -8.14459e-07 43.1543 -34.4838
10.449 17.4453 119.421 -8.14477e-07 43.1336 -34.4239
10.4451 17.4522 119.435 -8.14496e-07 43.1128 -34.3641
10.4413 17.4593 119.449 -8.14518e-07 43.0918 -34.3043
10.4374 17.4664 119.463 -8.14542e-07 43.0707 -34.2444
10.4336 17.4736 119.477 -8.14568e-07 43.0494 -34.1846
10.4297 17.481 119.491 -8.14596e-07 43.028 -34.1247
10.4258 17.4885 119.505 -8.14626e-07 43.0064 -34.0649
10.422 17.496 119.519 -8.14659e-07 42.9847 -34.0051
10.4181 17.5038 119.533 -8.14694e-07 42.9629 -33.9452
10.4143 17.5116 119.547 -8.14731e-07 42.9409 -33.8854
10.4104 17.5195 119.562 -8.1477e-07 42.9188 -33.8256
10.4065 17.5276 119.576 -8.14812e-07 42.8965 -33.7657
10.4027 17.5357 119.59 -8.14856e-07 42.8741 -33.7059
10.3988 17.544 119.604 -8.14902e-07 42.8516 -33.6461
10.395 17.5524 119.619 -8.14951e-07 42.8289 -33.5862
10.3911 17.561 119.633 -8.15001e-07 42.8061 -33.5264
10.3872 17.5696 119.647 -8.15054e-07 42.7831 -33.4665
10.3834 17.5783 119.662 -8.15108e-07 42.76 -33.4067
10.3795 17.587 119.676 -8.15162e-07 42.737 -33.3469
10.3756 17.5957 119.69 -8.15217e-07 42.7139 -33.287
10.3717 17.6045 119.705 -8.15271e-07 42.6909 -33.2272
10.3679 17.6132 119.719 -8.15326e-07 42.6678 -33.1674
10.364 17.6219 119.733 -8.15381e-07 42.6447 -33.1075
10.3601 17.6307 119.748 -8.15436e-07 42.6217 -33.0477
10.3562 17.6395 119.762 -8.15491e-07 42.5986 -32.9878
10.3524 17.6483 119.776 -8.15546e-07 42.5755 -32.928
10.3485 17.657 119.79 -8.15601e-07 42.5525 -32.8682
10.3446 17.6658 119.805 -8.15656e-07 42.5294 -32.8083
10.3407 17.6747 119.819 -8.15712e-07 42.5063 -32.7485
10.3368 17.6835 119.833 -8.15768e-07 42.4832 -32.6887
10.3329 17.6923 119.848 -8.15824e-07 42.4601 -32.6288
10.3291 17.7011 119.862 -8.1588e-07 42.437 -32.569
10.3252 17.71 119.876 -8.15936e-07 42.4139 -32.5092
10.3213 17.7189 119.89 -8.15992e-07 42.3908 -32.4493
10.3174 17.7277 119.905 -8.16049e-07 42.3677 -32.3895
10.3135 17.7366 119.919 -8.16105e-07 42.3446 -32.3296
10.3096 17.7455 119.933 -8.16162e-07 42.3215 -32.2698
10.3057 17.7544 119.947 -8.16219e-07 42.2984 -32.21
10.3018 17.7633 119.961 -8.16276e-07 42.2752 -32.1501
10.2979 17.7722 119.976 -8.16333e-07 42.2521 -32.0903
10.294 17.7812 119.99 -8.1639e-07 42.229 -32.0305
10.2901 17.7901 120.004 -8.16448e-07 42.2058 -31.9706
10.2862 17.7991 120.018 -8.16505e-07 42.1827 -31.9108
10.2823 17.808 120.032 -8.16563e-07 42.1596 -31.8509
10.2784 17.817 120.047 -8.16621e-07 42.1364 -31.7911
10.2745 17.826 120.061 -8.16679e-07 42.1133 -31.7313
10.2706 17.835 120.075 -8.16737e-07 42.0901 -31.6714
10.2667 17.844 120.089 -8.16796e-07 42.067 -31.6116
10.2628 17.853 120.103 -8.16854e-07 42.0438 -31.5518
10.2589 17.862 120.117 -8.16913e-07 42.0206 -31.4919
10.255 17.871 120.131 -8.16971e-07 41.9975 -31.4321
10.2511 17.8801 120.146 -8.1703e-07 41.9743 -31.3723
10.2472 17.8891 120.16 -8.17089e-07 41.9511 -31.3124
10.2433 17.8982 120.174 -8.17149e-07 41.928 -31.2526
10.2394 17.9073 120.188 -8.17208e-07 41.9048 -31.1927
10.2354 17.9164 120.202 -8.17268e-07 41.8816 -31.1329
10.2315 17.9255 120.216 -8.17327e-07 41.8584 -31.0731
10.2276 17.9346 120.23 -8.17387e-07 41.8352 -31.0132
10.2237 17.9437 120.244 -8.17447e-07 41.812 -30.9534
10.2198 17.9528 120.258 -8.17507e-07 41.7888 -30.8936
10.2159 17.9619 120.272 -8.17567e-07 41.7656 -30.8337
10.2119 17.9711 120.287 -8.17628e-07 41.7424 -30.7739
10.208 17.9802 120.301 -8.17688e-07 41.7192 -30.7141
10.2041 17.9894 120.315 -8.17749e-07 41.696 -30.6542
10.2002 17.9986 120.329 -8.1781e-07 41.6728 -30.5944
10.1962 18.0078 120.343 -8.17871e-07 41.6495 -30.5345
10.1923 18.017 120.357 -8.17932e-07 41.6263 -30.4747
10.1884 18.0262 120.371 -8.17993e-07 41.6031 -30.4149
10.1844 18.0354 120.385 -8.18054e-07 41.5799 -30.355
10.1805 18.0446 120.399 -8.18116e-07 41.5566 -30.2952
10.1766 18.0539 120.413 -8.18178e-07 41.5334 -30.2354
10.1726 18.0631 120.427 -8.1824e-07 41.5101 -30.1755
10.1687 18.0724 120.441 -8.18302e-07 41.4869 -30.1157
10.1648 18.0816 120.455 -8.18364e-07 41.4636 -30.0558
10.1608 18.0909 120.469 -8.18426e-07 41.4404 -29.996
10.1569 18.1002 120.483 -8.18489e-07 41.4171 -29.9362
10.153 18.1095 120.497 -8.18551e-07 41.3939 -29.8763
10.149 18.1188 120.511 -8.18614e-07 41.3706 -29.8165
10.1451 18.1281 120.525 -8.18677e-07 41.3473 -29.7567
10.1411 18.1375 120.538 -8.1874e-07 41.324 -29.6968
10.1372 18.1468 120.552 -8.18803e-07 41.3008 -29.637
10.1332 18.1562 120.566 -8.18867e-07 41.2775 -29.5772
10.1293 18.1655 120.58 -8.1893e-07 41.2542 -29.5173
10.1253 18.1749 120.594 -8.18994e-07 41.2309 -29.4575
10.1214 18.1843 120.608 -8.19058e-07 41.2076 -29.3976
10.1174 18.1937 120.622 -8.19122e-07 41.1843 -29.3378
10.1135 18.2031 120.636 -8.19186e-07 41.161 -29.278
10.1095 18.2125 120.65 -8.1925e-07 41.1377 -29.2181
10.1056 18.2219 120.664 -8.19315e-07 41.1144 -29.1583
10.1016 18.2313 120.678 -8.1938e-07 41.0911 -29.0985
10.0977 18.2408 120.691 -8.19444e-07 41.0678 -29.0386
10.0937 18.2502 120.705 -8.19509e-07 41.0445 -28.9788
10.0898 18.2597 120.719 -8.19574e-07 41.0211 -28.9189
10.0858 18.2692 120.733 -8.1964e-07 40.9978 -28.8591
10.0818 18.2787 120.747 -8.19705e-07 40.9745 -28.7993
10.0779 18.2882 120.761 -8.19771e-07 40.9512 -28.7394
10.0739 18.2977 120.775 -8.19836e-07 40.9278 -28.6796
10.0699 18.3072 120.788 -8.19902e-07 40.9045 -28.6198
10.066 18.3167 120.802 -8.19968e-07 40.8811 -28.5599
10.062 18.3262 120.816 -8.20034e-07 40.8578 -28.5001
10.058 18.3358 120.83 -8.20101e-07 40.8344 -28.4403
10.0541 18.3454 120.844 -8.20167e-07 40.8111 -28.3804
10.0501 18.3549 120.857 -8.20234e-07 40.7877 -28.3206
10.0461 18.3645 120.871 -8.20301e-07 40.7644 -28.2607
10.0421 18.3741 120.885 -8.20368e-07 40.741 -28.2009
10.0382 18.3837 120.899 -8.20435e-07 40.7176 -28.1411
10.0342 18.3933 120.912 -8.20502e-07 40.6942 -28.0812
10.0302 18.4029 120.926 -8.2057e-07 40.6709 -28.0214
10.0262 18.4125 120.94 -8.20637e-07 40.6475 -27.9616
10.0223 18.4222 120.954 -8.20705e-07 40.6241 -27.9017
10.0183 18.4318 120.967 -8.20773e-07 40.6007 -27.8419
10.0143 18.4415 120.981 -8.20841e-07 40.5773 -27.7821
10.0103 18.4512 120.995 -8.20909e-07 40.5539 -27.7222
10.0063 18.4609 121.009 -8.20978e-07 40.5305 -27.6624
10.0023 18.4705 121.022 -8.21046e-07 40.5071 -27.6025
9.99834 18.4802 121.036 -8.21115e-07 40.4837 -27.5427
9.99435 18.49 121.05 -8.21184e-07 40.4603 -27.4829
9.99036 18.4997 121.063 -8.21253e-07 40.4369 -27.423
9.98637 18.5094 121.077 -8.21322e-07 40.4135 -27.3632
9.98238 18.5192 121.091 -8.21391e-07 40.39 -27.3034
9.97838 18.5289 121.104 -8.21461e-07 40.3666 -27.2435
9.97439 18.5387 121.118 -8.21531e-07 40.3432 -27.1837
9.97039 18.5485 121.132 -8.21601e-07 40.3197 -27.1238
9.96639 18.5582 121.145 -8.21671e-07 40.2963 -27.064
9.96239 18.568 121.159 -8.21741e-07 40.2729 -27.0042
9.95839 18.5778 121.173 -8.21811e-07 40.2494 -26.9443
9.95439 18.5877 121.186 -8.21882e-07 40.226 -26.8845
9.95039 18.5975 121.2 -8.21952e-07 40.2025 -26.8247
9.94639 18.6073 121.214 -8.22023e-07 40.1791 -26.7648
9.94238 18.6172 121.227 -8.22094e-07 40.1556 -26.705
9.93837 18.627 121.241 -8.22165e-07 40.1321 -26.6452
9.93437 18.6369 121.254 -8.22237e-07 40.1087 -26.5853
9.93036 18.6468 121.268 -8.22308e-07 40.0852 -26.5255
9.92635 18.6567 121.282 -8.2238e-07 40.0617 -26.4656
9.92234 18.6666 121.295 -8.22452e-07 40.0382 -26.4058
9.91832 18.6765 121.309 -8.22524e-07 40.0148 -26.346
9.91431 18.6864 121.322 -8.22596e-07 39.9913 -26.2861
9.91029 18.6963 121.336 -8.22668e-07 39.9678 -26.2263
9.90628 18.7063 121.349 -8.22741e-07 39.9443 -26.1665
9.90226 18.7162 121.363 -8.22813e-07 39.9208 -26.1066
9.89824 18.7262 121.377 -8.22886e-07 39.8973 -26.0468
9.89422 18.7362 121.39 -8.22959e-07 39.8738 -25.987
9.8902 18.7461 121.404 -8.23032e-07 39.8503 -25.9271
9.88617 18.7561 121.417 -8.23106e-07 39.8268 -25.8673
9.88215 18.7661 121.431 -8.23179e-07 39.8032 -25.8074
9.87813 18.7762 121.444 -8.23253e-07 39.7797 -25.7476
9.8741 18.7862 121.458 -8.23327e-07 39.7562 -25.6878
9.87007 18.7962 121.471 -8.23401e-07 39.7327 -25.6279
9.86604 18.8063 121.485 -8.23475e-07 39.7091 -25.5681
9.86201 18.8163 121.498 -8.23549e-07 39.6856 -25.5083
9.85798 18.8264 121.512 -8.23624e-07 39.6621 -25.4484
9.85395 18.8365 121.525 -8.23698e-07 39.6385 -25.3886
9.84991 18.8466 121.538 -8.23773e-07 39.615 -25.3287
9.84588 18.8567 121.552 -8.23848e-07 39.5914 -25.2689
9.84184 18.8668 121.565 -8.23923e-07 39.5679 -25.2091
9.8378 18.8769 121.579 -8.23999e-07 39.5443 -25.1492
9.83376 18.887 121.592 -8.24074e-07 39.5207 -25.0894
9.82972 18.8972 121.606 -8.2415e-07 39.4972 -25.0296
9.82568 18.9073 121.619 -8.24226e-07 39.4736 -24.9697
9.82164 18.9175 121.632 -8.24302e-07 39.45 -24.9099
9.81759 18.9276 121.646 -8.24378e-07 39.4265 -24.8501
9.81355 18.9378 121.659 -8.24455e-07 39.4029 -24.7902
9.8095 18.948 121.673 -8.24531e-07 39.3793 -24.7304
9.80545 18.9582 121.686 -8.24608e-07 39.3557 -24.6705
9.80141 18.9684 121.699 -8.24685e-07 39.3321 -24.6107
9.79735 18.9787 121.713 -8.24762e-07 39.3085 -24.5509
9.7933 18.9889 121.726 -8.24839e-07 39.2849 -24.491
9.78925 18.9991 121.74 -8.24917e-07 39.2613 -24.4312
9.7852 19.0094 121.753 -8.24994e-07 39.2377 -24.3714
9.78114 19.0197 121.766 -8.25072e-07 39.2141 -24.3115
9.77708 19.0299 121.78 -8.2515e-07 39.1905 -24.2517
9.77303 19.0402 121.793 -8.25228e-07 39.1669 -24.1918
9.76897 19.0505 121.806 -8.25306e-07 39.1432 -24.132
9.76491 19.0608 121.82 -8.25385e-07 39.1196 -24.0722
9.76084 19.0712 121.833 -8.25464e-07 39.096 -24.0123
9.75678 19.0815 121.846 -8.25542e-07 39.0724 -23.9525
9.75272 19.0918 121.859 -8.25621e-07 39.0487 -23.8927
9.74865 19.1022 121.873 -8.25701e-07 39.0251 -23.8328
9.74458 19.1125 121.886 -8.2578e-07 39.0014 -23.773
9.74051 19.1229 121.899 -8.2586e-07 38.9778 -23.7132
9.73644 19.1333 121.913 -8.25939e-07 38.9541 -23.6533
9.73237 19.1437 121.926 -8.26019e-07 38.9305 -23.5935
9.7283 19.1541 121.939 -8.26099e-07 38.9068 -23.5336
9.72423 19.1645 121.952 -8.26179e-07 38.8832 -23.4738
9.72015 19.1749 121.966 -8.2626e-07 38.8595 -23.414
9.71608 19.1854 121.979 -8.26341e-07 38.8358 -23.3541
9.712 19.1958 121.992 -8.26421e-07 38.8122 -23.2943
9.70792 19.2063 122.005 -8.26502e-07 38.7885 -23.2345
9.70384 19.2167 122.018 -8.26583e-07 38.7648 -23.1746
9.69976 19.2272 122.032 -8.26665e-07 38.7411 -23.1148
9.69568 19.2377 122.045 -8.26746e-07 38.7174 -23.055
9.6916 19.2482 122.058 -8.26828e-07 38.6937 -22.9951
9.68751 19.2587 122.071 -8.2691e-07 38.67 -22.9353
9.68342 19.2692 122.084 -8.26992e-07 38.6463 -22.8754
9.67934 19.2797 122.098 -8.27074e-07 38.6226 -22.8156
9.67525 19.2903 122.111 -8.27157e-07 38.5989 -22.7558
9.67116 19.3008 122.124 -8.27239e-07 38.5752 -22.6959
9.66707 19.3114 122.137 -8.27322e-07 38.5515 -22.6361
9.66297 19.322 122.15 -8.27405e-07 38.5278 -22.5763
9.65888 19.3326 122.163 -8.27488e-07 38.504 -22.5164
9.65479 19.3431 122.177 -8.27572e-07 38.4803 -22.4566
9.65069 19.3538 122.19 -8.27655e-07 38.4566 -22.3967
9.64659 19.3644 122.203 -8.27739e-07 38.4329 -22.3369
9.64249 19.375 122.216 -8.27823e-07 38.4091 -22.2771
9.63839 19.3856 122.229 -8.27907e-07 38.3854 -22.2172
9.63429 19.3963 122.242 -8.27991e-07 38.3616 -22.1574
9.63019 19.4069 122.255 -8.28075e-07 38.3379 -22.0976
9.62608 19.4176 122.268 -8.2816e-07 38.3141 -22.0377
9.62198 19.4283 122.281 -8.28245e-07 38.2904 -21.9779
9.61787 19.439 122.294 -8.2833e-07 38.2666 -21.9181
9.61376 19.4497 122.307 -8.28415e-07 38.2428 -21.8582
9.60965 19.4604 122.321 -8.285e-07 38.2191 -21.7984
9.60554 19.4711 122.334 -8.28586e-07 38.1953 -21.7385
9.60143 19.4818 122.347 -8.28672e-07 38.1715 -21.6787
9.59732 19.4926 122.36 -8.28758e-07 38.1477 -21.6189
9.5932 19.5033 122.373 -8.28844e-07 38.124 -21.559
9.58909 19.5141 122.386 -8.2893e-07 38.1002 -21.4992
9.58497 19.5249 122.399 -8.29017e-07 38.0764 -21.4394
9.58085 19.5356 122.412 -8.29103e-07 38.0526 -21.3795
9.57673 19.5464 122.425 -8.2919e-07 38.0288 -21.3197
9.57261 19.5572 122.438 -8.29277e-07 38.005 -21.2598
9.56849 19.5681 122.451 -8.29365e-07 37.9812 -21.2
9.56437 19.5789 122.464 -8.29452e-07 37.9574 -21.1402
9.56024 19.5897 122.477 -8.2954e-07 37.9336 -21.0803
9.55611 19.6006 122.49 -8.29627e-07 37.9097 -21.0205
9.55199 19.6114 122.503 -8.29716e-07 37.8859 -20.9607
9.54786 19.6223 122.516 -8.29804e-07 37.8621 -20.9008
9.54373 19.6332 122.529 -8.29892e-07 37.8383 -20.841
9.5396 19.6441 122.541 -8.29981e-07 37.8144 -20.7812
9.53546 19.655 122.554 -8.3007e-07 37.7906 -20.7213
9.53133 19.6659 122.567 -8.30159e-07 37.7668 -20.6615
9.52719 19.6768 122.58 -8.30248e-07 37.7429 -20.6016
9.52306 19.6877 122.593 -8.30337e-07 37.7191 -20.5418
9.51892 19.6987 122.606 -8.30427e-07 37.6952 -20.482
9.51478 19.7096 122.619 -8.30516e-07 37.6714 -20.4221
9.51064 19.7206 122.632 -8.30606e-07 37.6475 -20.3623
9.5065 19.7316 122.645 -8.30696e-07 37.6236 -20.3025
9.50236 19.7426 122.658 -8.30787e-07 37.5998 -20.2426
9.49821 19.7536 122.671 -8.30877e-07 37.5759 -20.1828
9.49406 19.7646 122.683 -8.30968e-07 37.552 -20.123
9.48992 19.7756 122.696 -8.31059e-07 37.5282 -20.0631
9.48577 19.7866 122.709 -8.3115e-07 37.5043 -20.0033
9.48162 19.7977 122.722 -8.31241e-07 37.4804 -19.9434
9.47747 19.8087 122.735 -8.31333e-07 37.4565 -19.8836
9.47332 19.8198 122.748 -8.31425e-07 37.4326 -19.8238
9.46916 19.8308 122.76 -8.31517e-07 37.4087 -19.7639
9.46501 19.8419 122.773 -8.31609e-07 37.3848 -19.7041
9.46085 19.853 122.786 -8.31701e-07 37.3609 -19.6443
9.45669 19.8641 122.799 -8.31794e-07 37.337 -19.5844
9.45254 19.8752 122.812 -8.31886e-07 37.3131 -19.5246
9.44838 19.8864 122.824 -8.31979e-07 37.2892 -19.4647
9.44421 19.8975 122.837 -8.32072e-07 37.2653 -19.4049
9.44005 19.9086 122.85 -8.32166e-07 37.2413 -19.3451
9.43589 19.9198 122.863 -8.32259e-07 37.2174 -19.2852
9.43172 19.931 122.876 -8.32353e-07 37.1935 -19.2254
9.42755 19.9421 122.888 -8.32447e-07 37.1696 -19.1656
9.42339 19.9533 122.901 -8.32541e-07 37.1456 -19.1057
9.41922 19.9645 122.914 -8.32635e-07 37.1217 -19.0459
9.41505 19.9757 122.927 -8.3273e-07 37.0977 -18.9861
9.41087 19.987 122.939 -8.32824e-07 37.0738 -18.9262
9.4067 19.9982 122.952 -8.32919e-07 37.0498 -18.8664
9.40253 20.0094 122.965 -8.33014e-07 37.0259 -18.8065
9.39835 20.0207 122.977 -8.3311e-07 37.0019 -18.7467
9.39417 20.032 122.99 -8.33205e-07 36.978 -18.6869
9.38999 20.0432 123.003 -8.33301e-07 36.954 -18.627
9.38581 20.0545 123.015 -8.33397e-07 36.93 -18.5672
9.38163 20.0658 123.028 -8.33493e-07 36.906 -18.5074
9.37745 20.0771 123.041 -8.33589e-07 36.8821 -18.4475
9.37327 20.0884 123.053 -8.33686e-07 36.8581 -18.3877
9.36908 20.0998 123.066 -8.33783e-07 36.8341 -18.3278
9.3649 20.1111 123.079 -8.3388e-07 36.8101 -18.268
9.36071 20.1225 123.091 -8.33977e-07 36.7861 -18.2082
9.35652 20.1338 123.104 -8.34074e-07 36.7621 -18.1483
9.35233 20.1452 123.117 -8.34172e-07 36.7381 -18.0885
9.34814 20.1566 123.129 -8.34269e-07 36.7141 -18.0287
9.34394 20.168 123.142 -8.34367e-07 36.6901 -17.9688
9.33975 20.1794 123.155 -8.34466e-07 36.6661 -17.909
9.33555 20.1908 123.167 -8.34564e-07 36.6421 -17.8492
9.33136 20.2022 123.18 -8.34663e-07 36.6181 -17.7893
9.32716 20.2136 123.192 -8.34761e-07 36.594 -17.7295
9.32296 20.2251 123.205 -8.3486e-07 36.57 -17.6696
9.31876 20.2366 123.217 -8.3496e-07 36.546 -17.6098
9.31455 20.248 123.23 -8.35059e-07 36.5219 -17.55
9.31035 20.2595 123.243 -8.35159e-07 36.4979 -17.4901
9.30614 20.271 123.255 -8.35259e-07 36.4739 -17.4303
9.30194 20.2825 123.268 -8.35359e-07 36.4498 -17.3705
9.29773 20.294 123.28 -8.35459e-07 36.4258 -17.3106
9.29352 20.3055 123.293 -8.3556e-07 36.4017 -17.2508
9.28931 20.3171 123.305 -8.3566e-07 36.3776 -17.191
9.2851 20.3286 123.318 -8.35761e-07 36.3536 -17.1311
9.28089 20.3402 123.33 -8.35862e-07 36.3295 -17.0713
9.27667 20.3517 123.343 -8.35964e-07 36.3055 -17.0114
9.27245 20.3632 123.355 -8.36063e-07 36.2815 -16.9516
9.26824 20.3746 123.368 -8.3616e-07 36.2577 -16.8918
9.26402 20.3858 123.38 -8.36254e-07 36.234 -16.8319
9.2598 20.397 123.393 -8.36346e-07 36.2104 -16.7721
9.25558 20.408 123.405 -8.36435e-07 36.187 -16.7123
9.25136 20.4189 123.417 -8.36521e-07 36.1638 -16.6524
9.24713 20.4297 123.43 -8.36604e-07 36.1406 -16.5926
9.24291 20.4404 123.442 -8.36685e-07 36.1176 -16.5327
9.23868 20.451 123.454 -8.36763e-07 36.0948 -16.4729
9.23445 20.4615 123.466 -8.36839e-07 36.0721 -16.4131
9.23022 20.4718 123.479 -8.36911e-07 36.0495 -16.3532
9.22599 20.4821 123.491 -8.36981e-07 36.0271 -16.2934
9.22176 20.4922 123.503 -8.37049e-07 36.0048 -16.2336
9.21753 20.5022 123.515 -8.37113e-07 35.9826 -16.1737
9.21329 20.5121 123.527 -8.37175e-07 35.9606 -16.1139
9.20906 20.5219 123.539 -8.37234e-07 35.9387 -16.0541
9.20482 20.5316 123.551 -8.3729e-07 35.917 -15.9942
9.20058 20.5411 123.563 -8.37344e-07 35.8954 -15.9344
9.19634 20.5506 123.575 -8.37395e-07 35.8739 -15.8745
9.1921 20.5599 123.587 -8.37443e-07 35.8526 -15.8147
9.18786 20.5691 123.599 -8.37488e-07 35.8315 -15.7549
9.18361 20.5782 123.611 -8.3753e-07 35.8104 -15.695
9.17937 20.5872 123.623 -8.3757e-07 35.7895 -15.6352
9.17512 20.5961 123.635 -8.37607e-07 35.7688 -15.5754
9.17087 20.6048 123.647 -8.37641e-07 35.7481 -15.5155
9.16662 20.6134 123.659 -8.37672e-07 35.7277 -15.4557
9.16237 20.6219 123.671 -8.377e-07 35.7073 -15.3959
9.15812 20.6303 123.683 -8.37725e-07 35.6871 -15.336
9.15386 20.6386 123.694 -8.37748e-07 35.6671 -15.2762
9.14961 20.6468 123.706 -8.37768e-07 35.6472 -15.2163
9.14535 20.6548 123.718 -8.37785e-07 35.6274 -15.1565
9.1411 20.6628 123.729 -8.37798e-07 35.6078 -15.0967
9.13684 20.6706 123.741 -8.3781e-07 35.5883 -15.0368
9.13258 20.6783 123.753 -8.37818e-07 35.5689 -14.977
9.12831 20.6859 123.764 -8.37823e-07 35.5497 -14.9172
9.12405 20.6933 123.776 -8.37826e-07 35.5306 -14.8573
9.11979 20.7007 123.788 -8.37825e-07 35.5117 -14.7975
9.11552 20.7079 123.799 -8.37822e-07 35.4929 -14.7376
9.11125 20.715 123.811 -8.37815e-07 35.4742 -14.6778
9.10699 20.722 123.822 -8.37806e-07 35.4557 -14.618
9.10272 20.7289 123.834 -8.37794e-07 35.4373 -14.5581
9.09844 20.7356 123.845 -8.37779e-07 35.4191 -14.4983
9.09417 20.7423 123.857 -8.37761e-07 35.401 -14.4385
9.0899 20.7488 123.868 -8.37739e-07 35.3831 -14.3786
9.08562 20.7552 123.88 -8.37715e-07 35.3653 -14.3188
9.08135 20.7615 123.891 -8.37688e-07 35.3476 -14.259
9.07707 20.7677 123.902 -8.37658e-07 35.3301 -14.1991
9.07279 20.7737 123.914 -8.37626e-07 35.3127 -14.1393
9.06851 20.7796 123.925 -8.3759e-07 35.2954 -14.0794
9.06423 20.7854 123.936 -8.37551e-07 35.2783 -14.0196
9.05994 20.7911 123.948 -8.37509e-07 35.2614 -13.9598
9.05566 20.7967 123.959 -8.37464e-07 35.2445 -13.8999
9.05137 20.8021 123.97 -8.37416e-07 35.2278 -13.8401
9.04708 20.8075 123.981 -8.37365e-07 35.2113 -13.7803
9.04279 20.8127 123.992 -8.37311e-07 35.1949 -13.7204
9.0385 20.8178 124.004 -8.37254e-07 35.1786 -13.6606
9.03421 20.8227 124.015 -8.37194e-07 35.1625 -13.6007
9.02992 20.8276 124.026 -8.37131e-07 35.1465 -13.5409
9.02562 20.8323 124.037 -8.37064e-07 35.1307 -13.4811
9.02133 20.8369 124.048 -8.36995e-07 35.115 -13.4212
9.01703 20.8414 124.059 -8.36923e-07 35.0995 -13.3614
9.01273 20.8458 124.07 -8.36848e-07 35.084 -13.3016
9.00843 20.85 124.081 -8.36769e-07 35.0688 -13.2417
9.00413 20.8541 124.092 -8.36688e-07 35.0536 -13.1819
8.99983 20.8581 124.103 -8.36603e-07 35.0387 -13.1221
8.99552 20.862 124.114 -8.36516e-07 35.0238 -13.0622
8.99122 20.8658 124.125 -8.36425e-07 35.0091 -13.0024
8.98691 20.8694 124.136 -8.36331e-07 34.9945 -12.9425
8.9826 20.8729 124.147 -8.36234e-07 34.9801 -12.8827
8.97829 20.8763 124.158 -8.36134e-07 34.9658 -12.8229
8.97398 20.8796 124.169 -8.36031e-07 34.9517 -12.763
8.96967 20.8828 124.18 -8.35925e-07 34.9377 -12.7032
8.96536 20.8858 124.19 -8.35815e-07 34.9238 -12.6434
8.96104 20.8887 124.201 -8.35703e-07 34.9101 -12.5835
8.95672 20.8915 124.212 -8.35587e-07 34.8966 -12.5237
8.95241 20.8942 124.223 -8.35468e-07 34.8831 -12.4639
8.94809 20.8967 124.233 -8.35346e-07 34.8698 -12.404
8.94377 20.8991 124.244 -8.35221e-07 34.8567 -12.3442
8.93944 20.9014 124.255 -8.35093e-07 34.8437 -12.2843
8.93512 20.9036 124.266 -8.34962e-07 34.8308 -12.2245
8.9308 20.9056 124.276 -8.34827e-07 34.8181 -12.1647
8.92647 20.9076 124.287 -8.3469e-07 34.8055 -12.1048
8.92213 20.9094 124.297 -8.34547e-07 34.7931 -12.045
8.91777 20.9112 124.308 -8.34399e-07 34.7809 -11.9853
8.91339 20.913 124.318 -8.34244e-07 34.7689 -11.9265
8.90898 20.9147 124.328 -8.34083e-07 34.7571 -11.8687
8.90456 20.9164 124.338 -8.33915e-07 34.7455 -11.8119
8.90011 20.9181 124.348 -8.33742e-07 34.734 -11.7561
8.89563 20.9197 124.357 -8.33562e-07 34.7228 -11.7013
8.89114 20.9213 124.367 -8.33375e-07 34.7118 -11.6475
8.88662 20.9229 124.376 -8.33183e-07 34.7009 -11.5947
8.88208 20.9244 124.385 -8.32984e-07 34.6903 -11.543
8.87752 20.9258 124.394 -8.32778e-07 34.6799 -11.4922
8.87293 20.9273 124.403 -8.32567e-07 34.6696 -11.4424
8.86832 20.9287 124.412 -8.32349e-07 34.6596 -11.3936
8.86369 20.93 124.42 -8.32125e-07 34.6497 -11.3458
8.85904 20.9314 124.429 -8.31894e-07 34.6401 -11.299
8.85436 20.9326 124.437 -8.31657e-07 34.6306 -11.2532
8.84967 20.9339 124.445 -8.31414e-07 34.6214 -11.2084
8.84495 20.9351 124.453 -8.31164e-07 34.6123 -11.1646
8.84021 20.9363 124.46 -8.30908e-07 34.6035 -11.1218
8.83545 20.9374 124.468 -8.30646e-07 34.5948 -11.08
8.83076 20.9385 124.475 -8.30387e-07 34.5864 -11.0392
8.82619 20.9396 124.482 -8.30134e-07 34.5781 -10.9994
8.82173 20.9406 124.489 -8.29887e-07 34.5701 -10.9606
8.81738 20.9417 124.496 -8.29646e-07 34.5622 -10.9228
8.81315 20.9427 124.503 -8.29411e-07 34.5546 -10.886
8.80904 20.9436 124.509 -8.29183e-07 34.5472 -10.8502
8.80504 20.9446 124.515 -8.28961e-07 34.54 -10.8155
8.80115 20.9455 124.522 -8.28745e-07 34.533 -10.7817
8.79738 20.9464 124.527 -8.28536e-07 34.5262 -10.7489
8.79372 20.9473 124.533 -8.28332e-07 34.5196 -10.7171
8.79017 20.9481 124.539 -8.28135e-07 34.5132 -10.6863
8.78674 20.9489 124.544 -8.27944e-07 34.507 -10.6565
8.78343 20.9497 124.549 -8.2776e-07 34.501 -10.6277
8.78023 20.9505 124.554 -8.27582e-07 34.4953 -10.5999
8.77714 20.9512 124.559 -8.2741e-07 34.4897 -10.5731
8.77417 20.9519 124.564 -8.27245e-07 34.4843 -10.5473
8.77131 20.9526 124.568 -8.27086e-07 34.4792 -10.5225
8.76857 20.9533 124.572 -8.26933e-07 34.4743 -10.4987
8.76595 20.9539 124.577 -8.26787e-07 34.4695 -10.4759
8.76343 20.9545 124.58 -8.26647e-07 34.465 -10.4541
8.76104 20.9551 124.584 -8.26513e-07 34.4607 -10.4333
8.75876 20.9556 124.588 -8.26386e-07 34.4566 -10.4135
8.75659 20.9562 124.591 -8.26265e-07 34.4527 -10.3947
8.75454 20.9567 124.594 -8.2615e-07 34.449 -10.377
8.7526 20.9571 124.597 -8.26042e-07 34.4455 -10.3602
8.75078 20.9576 124.6 -8.25941e-07 34.4422 -10.3444
8.74907 20.958 124.603 -8.25845e-07 34.4392 -10.3296
8.74748 20.9584 124.605 -8.25757e-07 34.4363 -10.3158
8.74601 20.9587 124.608 -8.25674e-07 34.4336 -10.303
8.74465 20.959 124.61 -8.25598e-07 34.4312 -10.2912
8.7434 20.9593 124.612 -8.25529e-07 34.429 -10.2804
8.74227 20.9596 124.613 -8.25466e-07 34.4269 -10.2706
8.74126 20.9599 124.615 -8.25409e-07 34.4251 -10.2618
8.74036 20.9601 124.616 -8.25359e-07 34.4235 -10.254
8.73957 20.9603 124.618 -8.25315e-07 34.4221 -10.2472
8.73891 20.9604 124.619 -8.25277e-07 34.4209 -10.2414
8.73835 20.9606 124.62 -8.25247e-07 34.4199 -10.2366
8.73791 20.9607 124.62 -8.25222e-07 34.4191 -10.2328
8.73759 20.9607 124.621 -8.25204e-07 34.4185 -10.23
8.73738 20.9608 124.621 -8.25192e-07 34.4181 -10.2282
