410.51	63.0903	456	0	180	-10.2274
410.51	63.0908	456.001	0	180	-10.2279
410.512	63.0923	456.002	0	180	-10.2294
410.514	63.0948	456.005	0	180	-10.2319
410.518	63.0983	456.008	0	180	-10.2354
410.523	63.1028	456.013	0	180	-10.2399
410.528	63.1083	456.018	0	180	-10.2454
410.534	63.1148	456.024	0	180	-10.2519
410.542	63.1223	456.032	0	180	-10.2594
410.55	63.1308	456.041	0	180	-10.2679
410.56	63.1403	456.05	0	180	-10.2774
410.57	63.1508	456.061	0	180	-10.2879
410.582	63.1623	456.072	0	180	-10.2994
410.594	63.1748	456.084	0	180	-10.3119
410.608	63.1883	456.098	0	180	-10.3254
410.623	63.2028	456.113	0	180	-10.3399
410.638	63.2183	456.128	0	180	-10.3554
410.654	63.2348	456.144	0	180	-10.3719
410.672	63.2523	456.162	0	180	-10.3894
410.69	63.2708	456.18	0	180	-10.4079
410.71	63.2903	456.2	0	180	-10.427
410.731	63.3108	456.221	0	180	-10.446
410.752	63.3322	456.242	0	180	-10.465
410.774	63.3539	456.264	0	180	-10.4841
410.798	63.3756	456.288	0	180	-10.5031
410.822	63.3972	456.312	0	180	-10.5222
410.848	63.4189	456.338	0	180	-10.5412
410.874	63.4405	456.365	0	180	-10.5603
410.902	63.4622	456.392	0	180	-10.5793
410.93	63.4838	456.421	0	180	-10.5983
410.96	63.5055	456.45	0	180	-10.6174
410.99	63.5271	456.481	0	180	-10.6364
411.022	63.5488	456.512	0	180	-10.6555
411.054	63.5705	456.545	0	180	-10.6745
411.088	63.5921	456.578	0	180	-10.6936
411.123	63.6138	456.613	0	180	-10.7126
411.158	63.6354	456.648	0	180	-10.7317
411.194	63.6571	456.685	0	180	-10.7507
411.232	63.6787	456.722	0	180	-10.7697
411.27	63.7004	456.761	0	180	-10.7888
411.308	63.7221	456.8	0	180	-10.8078
411.346	63.7437	456.841	0	180	-10.8269
411.384	63.7654	456.882	0	180	-10.8459
411.423	63.787	456.925	0	180	-10.865
411.461	63.8087	456.968	0	180	-10.884
411.499	63.8303	457.013	0	180	-10.903
411.537	63.852	457.058	0	180	-10.9221
411.575	63.8736	457.105	0	180	-10.9411
411.613	63.8953	457.152	0	180	-10.9602
411.651	63.917	457.201	0	180	-10.9792
411.689	63.9386	457.25	0	180	-10.9983
411.727	63.9603	457.3	0	180	-11.0173
411.766	63.9819	457.352	0	180	-11.0364
411.804	64.0036	457.404	0	180	-11.0554
411.842	64.0252	457.458	0	180	-11.0744
411.88	64.0469	457.512	0	180	-11.0935
411.918	64.0686	457.568	0	180	-11.1125
411.956	64.0902	457.625	0	180	-11.1316
411.994	64.1119	457.682	0	180	-11.1506
412.032	64.1335	457.74	0	180	-11.1697
412.071	64.1552	457.8	0	180	-11.1887
412.109	64.1768	457.861	0	180	-11.2077
412.147	64.1985	457.922	0	180	-11.2268
412.185	64.2201	457.985	0	180	-11.2458
412.223	64.2418	458.048	0	180	-11.2649
412.261	64.2635	458.113	0	180	-11.2839
412.299	64.2851	458.178	0	180	-11.303
412.337	64.3068	458.245	0	180	-11.322
412.375	64.3284	458.312	0	180	-11.341
412.414	64.3501	458.381	0	180	-11.3601
412.452	64.3717	458.45	0	180	-11.3791
412.49	64.3934	458.52	0	180	-11.3982
412.528	64.4151	458.592	0	180	-11.4172
412.566	64.4367	458.663	0	180	-11.4363
412.604	64.4584	458.734	0	180	-11.4553
412.642	64.48	458.805	0	180	-11.4744
412.68	64.5017	458.876	0	180	-11.4934
412.718	64.5233	458.947	0	180	-11.5124
412.757	64.545	459.018	0	180	-11.5315
412.795	64.5666	459.089	0	180	-11.5505
412.833	64.5883	459.16	0	180	-11.5696
412.871	64.61	459.231	0	180	-11.5886
412.909	64.6316	459.302	0	180	-11.6077
412.947	64.6533	459.373	0	180	-11.6267
412.985	64.6749	459.444	0	180	-11.6457
413.023	64.6966	459.516	0	180	-11.6648
413.061	64.7182	459.587	0	180	-11.6838
413.1	64.7399	459.658	0	180	-11.7029
413.138	64.7616	459.729	0	180	-11.7219
413.176	64.7832	459.8	0	180	-11.741
413.214	64.8049	459.871	0	180	-11.76
413.252	64.8265	459.942	0	180	-11.7791
413.29	64.8482	460.013	0	180	-11.7981
413.328	64.8698	460.084	0	180	-11.8171
413.366	64.8915	460.155	0	180	-11.8362
413.405	64.9131	460.226	0	180	-11.8552
413.443	64.9348	460.297	0	180	-11.8743
413.481	64.9565	460.368	0	180	-11.8933
413.519	64.9781	460.439	0	180	-11.9124
413.557	64.9998	460.511	0	180	-11.9314
413.595	65.0214	460.582	0	180	-11.9504
413.633	65.0431	460.653	0	180	-11.9695
413.671	65.0647	460.724	0	180	-11.9885
413.709	65.0864	460.795	0	180	-12.0076
413.748	65.1081	460.866	0	180	-12.0266
413.786	65.1297	460.937	0	180	-12.0457
413.824	65.1514	461.008	0	180	-12.0647
413.862	65.173	461.079	0	180	-12.0838
413.9	65.1947	461.15	0	180	-12.1028
413.938	65.2163	461.221	0	180	-12.1218
413.976	65.238	461.292	0	180	-12.1409
414.014	65.2596	461.363	0	180	-12.1599
414.052	65.2813	461.435	0	180	-12.179
414.091	65.303	461.506	0	180	-12.198
414.129	65.3246	461.577	0	180	-12.2171
414.167	65.3463	461.648	0	180	-12.2361
414.205	65.3679	461.719	0	180	-12.2551
414.243	65.3896	461.79	0	180	-12.2742
414.281	65.4112	461.861	0	180	-12.2932
414.319	65.4329	461.932	0	180	-12.3123
414.357	65.4546	462.003	0	180	-12.3313
414.396	65.4762	462.074	0	180	-12.3504
414.434	65.4979	462.145	0	180	-12.3694
414.472	65.5195	462.216	0	180	-12.3885
414.51	65.5412	462.287	0	180	-12.4075
414.548	65.5628	462.358	0	180	-12.4265
414.586	65.5845	462.43	0	180	-12.4456
414.624	65.6061	462.501	0	180	-12.4646
414.662	65.6278	462.572	0	180	-12.4837
414.7	65.6495	462.643	0	180	-12.5027
414.739	65.6711	462.714	0	180	-12.5218
414.777	65.6928	462.785	0	180	-12.5408
414.815	65.7144	462.856	0	180	-12.5598
414.853	65.7361	462.927	0	180	-12.5789
414.891	65.7577	462.998	0	180	-12.5979
414.929	65.7794	463.069	0	180	-12.617
414.967	65.8011	463.14	0	180	-12.636
415.005	65.8227	463.211	0	180	-12.6551
415.043	65.8444	463.282	0	180	-12.6741
415.082	65.866	463.354	0	180	-12.6932
415.12	65.8877	463.425	0	180	-12.7122
415.158	65.9093	463.496	0	180	-12.7312
415.196	65.931	463.567	0	180	-12.7503
415.234	65.9526	463.638	0	180	-12.7693
415.272	65.9743	463.709	0	180	-12.7884
415.31	65.996	463.78	0	180	-12.8074
415.348	66.0176	463.851	0	180	-12.8265
415.386	66.0393	463.922	0	180	-12.8455
415.425	66.0609	463.993	0	180	-12.8645
415.463	66.0826	464.064	0	180	-12.8836
415.501	66.1042	464.135	0	180	-12.9026
415.539	66.1259	464.206	0	180	-12.9217
415.577	66.1476	464.277	0	180	-12.9407
415.615	66.1692	464.349	0	180	-12.9598
415.653	66.1909	464.42	0	180	-12.9788
415.691	66.2125	464.491	0	180	-12.9979
415.73	66.2342	464.562	0	180	-13.0169
415.768	66.2558	464.633	0	180	-13.0359
415.806	66.2775	464.704	0	180	-13.055
415.844	66.2991	464.775	0	180	-13.074
415.882	66.3208	464.846	0	180	-13.0931
415.92	66.3425	464.917	0	180	-13.1121
415.958	66.3641	464.988	0	180	-13.1312
415.996	66.3858	465.059	0	180	-13.1502
416.034	66.4074	465.13	0	180	-13.1692
416.073	66.4291	465.201	0	180	-13.1883
416.111	66.4507	465.273	0	180	-13.2073
416.149	66.4724	465.344	0	180	-13.2264
416.187	66.494	465.415	0	180	-13.2454
416.225	66.5157	465.486	0	180	-13.2645
416.263	66.5374	465.557	0	180	-13.2835
416.301	66.559	465.628	0	180	-13.3026
416.339	66.5807	465.699	0	180	-13.3216
416.377	66.6023	465.77	0	180	-13.3406
416.416	66.624	465.841	0	180	-13.3597
416.454	66.6456	465.912	0	180	-13.3787
416.492	66.6673	465.983	0	180	-13.3978
416.53	66.689	466.054	0	180	-13.4168
416.568	66.7106	466.125	0	180	-13.4359
416.606	66.7323	466.196	0	180	-13.4549
416.644	66.7539	466.268	0	180	-13.4739
416.682	66.7756	466.339	0	180	-13.493
416.72	66.7972	466.41	0	180	-13.512
416.759	66.8189	466.481	0	180	-13.5311
416.797	66.8405	466.552	0	180	-13.5501
416.835	66.8622	466.623	0	180	-13.5692
416.873	66.8839	466.694	0	180	-13.5882
416.911	66.9055	466.765	0	180	-13.6073
416.949	66.9272	466.836	0	180	-13.6263
416.987	66.9488	466.907	0	180	-13.6453
417.025	66.9705	466.978	0	180	-13.6644
417.064	66.9921	467.049	0	180	-13.6834
417.102	67.0138	467.12	0	180	-13.7025
417.14	67.0355	467.191	0	180	-13.7215
417.178	67.0571	467.263	0	180	-13.7406
417.216	67.0788	467.334	0	180	-13.7596
417.254	67.1004	467.405	0	180	-13.7786
417.292	67.1221	467.476	0	180	-13.7977
417.33	67.1437	467.547	0	180	-13.8167
417.368	67.1654	467.618	0	180	-13.8358
417.407	67.187	467.689	0	180	-13.8548
417.445	67.2087	467.76	0	180	-13.8739
417.483	67.2304	467.831	0	180	-13.8929
417.521	67.252	467.902	0	180	-13.912
417.559	67.2737	467.973	0	180	-13.931
417.597	67.2953	468.044	0	180	-13.95
417.635	67.317	468.115	0	180	-13.9691
417.673	67.3386	468.187	0	180	-13.9881
417.711	67.3603	468.258	0	180	-14.0072
417.75	67.382	468.329	0	180	-14.0262
417.788	67.4036	468.4	0	180	-14.0453
417.826	67.4253	468.471	0	180	-14.0643
417.864	67.4469	468.542	0	180	-14.0833
417.902	67.4686	468.613	0	180	-14.1024
417.94	67.4902	468.684	0	180	-14.1214
417.978	67.5119	468.755	0	180	-14.1405
418.016	67.5335	468.826	0	180	-14.1595
418.055	67.5552	468.897	0	180	-14.1786
418.093	67.5769	468.968	0	180	-14.1976
418.131	67.5985	469.039	0	180	-14.2167
418.169	67.6202	469.11	0	180	-14.2357
418.207	67.6418	469.182	0	180	-14.2547
418.245	67.6635	469.253	0	180	-14.2738
418.283	67.6851	469.324	0	180	-14.2928
418.321	67.7068	469.395	0	180	-14.3119
418.359	67.7285	469.466	0	180	-14.3309
418.398	67.7501	469.537	0	180	-14.35
418.436	67.7718	469.608	0	180	-14.369
418.474	67.7934	469.679	0	180	-14.388
418.512	67.8151	469.75	0	180	-14.4071
418.55	67.8367	469.821	0	180	-14.4261
418.588	67.8584	469.892	0	180	-14.4452
418.626	67.88	469.963	0	180	-14.4642
418.664	67.9017	470.034	0	180	-14.4833
418.702	67.9234	470.106	0	180	-14.5023
418.741	67.945	470.177	0	180	-14.5214
418.779	67.9667	470.248	0	180	-14.5404
418.817	67.9883	470.319	0	180	-14.5594
418.855	68.01	470.39	0	180	-14.5785
418.893	68.0316	470.461	0	180	-14.5975
418.931	68.0533	470.532	0	180	-14.6166
418.969	68.075	470.603	0	180	-14.6356
419.007	68.0966	470.674	0	180	-14.6547
419.045	68.1183	470.745	0	180	-14.6737
419.084	68.1399	470.816	0	180	-14.6927
419.122	68.1616	470.887	0	180	-14.7118
419.16	68.1832	470.958	0	180	-14.7308
419.198	68.2049	471.029	0	180	-14.7499
419.236	68.2265	471.101	0	180	-14.7689
419.274	68.2482	471.172	0	180	-14.788
419.312	68.2699	471.243	0	180	-14.807
419.35	68.2915	471.314	0	180	-14.8261
419.389	68.3132	471.385	0	180	-14.8451
419.427	68.3348	471.456	0	180	-14.8641
419.465	68.3565	471.527	0	180	-14.8832
419.503	68.3781	471.598	0	180	-14.9022
419.541	68.3998	471.669	0	180	-14.9213
419.579	68.4215	471.74	0	180	-14.9403
419.617	68.4431	471.811	0	180	-14.9594
419.655	68.4648	471.882	0	180	-14.9784
419.693	68.4864	471.953	0	180	-14.9974
419.732	68.5081	472.025	0	180	-15.0165
419.77	68.5297	472.096	0	180	-15.0355
419.808	68.5514	472.167	0	180	-15.0546
419.846	68.573	472.238	0	180	-15.0736
419.884	68.5947	472.309	0	180	-15.0927
419.922	68.6164	472.38	0	180	-15.1117
419.96	68.638	472.451	0	180	-15.1308
419.998	68.6597	472.522	0	180	-15.1498
420.036	68.6813	472.593	0	180	-15.1688
420.075	68.703	472.664	0	180	-15.1879
420.113	68.7246	472.735	0	180	-15.2069
420.151	68.7463	472.806	0	180	-15.226
420.189	68.768	472.877	0	180	-15.245
420.227	68.7896	472.948	0	180	-15.2641
420.265	68.8113	473.02	0	180	-15.2831
420.303	68.8329	473.091	0	180	-15.3021
420.341	68.8546	473.162	0	180	-15.3212
420.379	68.8762	473.233	0	180	-15.3402
420.418	68.8979	473.304	0	180	-15.3593
420.456	68.9195	473.375	0	180	-15.3783
420.494	68.9412	473.446	0	180	-15.3974
420.532	68.9629	473.517	0	180	-15.4164
420.57	68.9845	473.588	0	180	-15.4355
420.608	69.0062	473.659	0	180	-15.4545
420.646	69.0278	473.73	0	180	-15.4735
420.684	69.0495	473.801	0	180	-15.4926
420.723	69.0711	473.872	0	180	-15.5116
420.761	69.0928	473.943	0	180	-15.5307
420.799	69.1145	474.015	0	180	-15.5497
420.837	69.1361	474.086	0	180	-15.5688
420.875	69.1578	474.157	0	180	-15.5878
420.913	69.1794	474.228	0	180	-15.6068
420.951	69.2011	474.299	0	180	-15.6259
420.989	69.2227	474.37	0	180	-15.6449
421.027	69.2444	474.441	0	180	-15.664
421.066	69.266	474.512	0	180	-15.683
421.104	69.2877	474.583	0	180	-15.7021
421.142	69.3094	474.654	0	180	-15.7211
421.18	69.331	474.725	0	180	-15.7402
421.218	69.3527	474.796	0	180	-15.7592
421.256	69.3743	474.867	0	180	-15.7782
421.294	69.396	474.939	0	180	-15.7973
421.332	69.4176	475.01	0	180	-15.8163
421.37	69.4393	475.081	0	180	-15.8354
421.409	69.461	475.152	0	180	-15.8544
421.447	69.4826	475.223	0	180	-15.8735
421.485	69.5043	475.294	0	180	-15.8925
421.523	69.5259	475.365	0	180	-15.9115
421.561	69.5476	475.436	0	180	-15.9306
421.599	69.5692	475.507	0	180	-15.9496
421.637	69.5909	475.578	0	180	-15.9687
421.675	69.6125	475.649	0	180	-15.9877
421.714	69.6342	475.72	0	180	-16.0068
421.752	69.6559	475.791	0	180	-16.0258
421.79	69.6775	475.862	0	180	-16.0449
421.828	69.6992	475.934	0	180	-16.0639
421.866	69.7208	476.005	0	180	-16.0829
421.904	69.7425	476.076	0	180	-16.102
421.942	69.7641	476.147	0	180	-16.121
421.98	69.7858	476.218	0	180	-16.1401
422.018	69.8075	476.289	0	180	-16.1591
422.057	69.8291	476.36	0	180	-16.1782
422.095	69.8508	476.431	0	180	-16.1972
422.133	69.8724	476.502	0	180	-16.2162
422.171	69.8941	476.573	0	180	-16.2353
422.209	69.9157	476.644	0	180	-16.2543
422.247	69.9374	476.715	0	180	-16.2734
422.285	69.959	476.786	0	180	-16.2924
422.323	69.9807	476.858	0	180	-16.3115
422.361	70.0024	476.929	0	180	-16.3305
422.4	70.024	477	0	180	-16.3496
422.438	70.0457	477.071	0	180	-16.3686
422.476	70.0673	477.142	0	180	-16.3876
422.514	70.089	477.213	0	180	-16.4067
422.552	70.1106	477.284	0	180	-16.4257
422.59	70.1323	477.355	0	180	-16.4448
422.628	70.154	477.426	0	180	-16.4638
422.666	70.1756	477.497	0	180	-16.4829
422.704	70.1973	477.568	0	180	-16.5019
422.743	70.2189	477.639	0	180	-16.5209
422.781	70.2406	477.71	0	180	-16.54
422.819	70.2622	477.781	0	180	-16.559
422.857	70.2839	477.853	0	180	-16.5781
422.895	70.3055	477.924	0	180	-16.5971
422.933	70.3272	477.995	0	180	-16.6162
422.971	70.3489	478.066	0	180	-16.6352
423.009	70.3705	478.137	0	180	-16.6543
423.048	70.3922	478.208	0	180	-16.6733
423.086	70.4138	478.279	0	180	-16.6923
423.124	70.4355	478.35	0	180	-16.7114
423.162	70.4571	478.421	0	180	-16.7304
423.2	70.4788	478.492	0	180	-16.7495
423.238	70.5005	478.563	0	180	-16.7685
423.276	70.5221	478.634	0	180	-16.7876
423.314	70.5438	478.705	0	180	-16.8066
423.352	70.5654	478.777	0	180	-16.8256
423.391	70.5871	478.848	0	180	-16.8447
423.429	70.6087	478.919	0	180	-16.8637
423.467	70.6304	478.99	0	180	-16.8828
423.505	70.652	479.061	0	180	-16.9018
423.543	70.6737	479.132	0	180	-16.9209
423.581	70.6954	479.203	0	180	-16.9399
423.619	70.717	479.274	0	180	-16.959
423.657	70.7387	479.345	0	180	-16.978
423.695	70.7603	479.416	0	180	-16.997
423.734	70.782	479.487	0	180	-17.0161
423.772	70.8036	479.558	0	180	-17.0351
423.81	70.8253	479.629	0	180	-17.0542
423.848	70.847	479.7	0	180	-17.0732
423.886	70.8686	479.772	0	180	-17.0923
423.924	70.8903	479.843	0	180	-17.1113
423.962	70.9119	479.914	0	180	-17.1303
424	70.9336	479.985	0	180	-17.1494
424.039	70.9552	480.056	0	180	-17.1684
424.077	70.9769	480.127	0	180	-17.1875
424.115	70.9985	480.198	0	180	-17.2065
424.153	71.0202	480.269	0	180	-17.2256
424.191	71.0419	480.34	0	180	-17.2446
424.229	71.0635	480.411	0	180	-17.2637
424.267	71.0852	480.482	0	180	-17.2827
424.305	71.1068	480.553	0	180	-17.3017
424.343	71.1285	480.624	0	180	-17.3208
424.382	71.1501	480.695	0	180	-17.3398
424.42	71.1718	480.767	0	180	-17.3589
424.458	71.1935	480.838	0	180	-17.3779
424.496	71.2151	480.909	0	180	-17.397
424.534	71.2368	480.98	0	180	-17.416
424.572	71.2584	481.051	0	180	-17.435
424.61	71.2801	481.122	0	180	-17.4541
424.648	71.3017	481.193	0	180	-17.4731
424.686	71.3234	481.264	0	180	-17.4922
424.725	71.345	481.335	0	180	-17.5112
424.763	71.3667	481.406	0	180	-17.5303
424.801	71.3884	481.477	0	180	-17.5493
424.839	71.41	481.548	0	180	-17.5683
424.877	71.4317	481.619	0	180	-17.5874
424.915	71.4533	481.691	0	180	-17.6064
424.953	71.475	481.762	0	180	-17.6255
424.991	71.4966	481.833	0	180	-17.6445
425.029	71.5183	481.904	0	180	-17.6636
425.068	71.5399	481.975	0	180	-17.6826
425.106	71.5616	482.046	0	180	-17.7017
425.144	71.5833	482.117	0	180	-17.7207
425.182	71.6049	482.188	0	180	-17.7397
425.22	71.6266	482.259	0	180	-17.7588
425.258	71.6482	482.33	0	180	-17.7778
425.296	71.6699	482.401	0	180	-17.7969
425.334	71.6915	482.472	0	180	-17.8159
425.373	71.7132	482.543	0	180	-17.835
425.411	71.7349	482.614	0	180	-17.854
425.449	71.7565	482.686	0	180	-17.873
425.487	71.7782	482.757	0	180	-17.8921
425.525	71.7998	482.828	0	180	-17.9111
425.563	71.8215	482.899	0	180	-17.9302
425.601	71.8431	482.97	0	180	-17.9492
425.639	71.8648	483.041	0	180	-17.9683
425.677	71.8864	483.112	0	180	-17.9873
425.716	71.9081	483.183	0	180	-18.0064
425.754	71.9298	483.254	0	180	-18.0254
425.792	71.9514	483.325	0	180	-18.0444
425.83	71.9731	483.396	0	180	-18.0635
425.868	71.9947	483.467	0	180	-18.0825
425.906	72.0164	483.538	0	180	-18.1016
425.944	72.038	483.61	0	180	-18.1206
425.982	72.0597	483.681	0	180	-18.1397
426.02	72.0814	483.752	0	180	-18.1587
426.059	72.103	483.823	0	180	-18.1777
426.097	72.1247	483.894	0	180	-18.1968
426.135	72.1463	483.965	0	180	-18.2158
426.173	72.168	484.036	0	180	-18.2349
426.211	72.1896	484.107	0	180	-18.2539
426.249	72.2113	484.178	0	180	-18.273
426.287	72.2329	484.249	0	180	-18.292
426.325	72.2546	484.32	0	180	-18.3111
426.363	72.2763	484.391	0	180	-18.3301
426.402	72.2979	484.462	0	180	-18.3491
426.44	72.3196	484.533	0	180	-18.3682
426.478	72.3412	484.605	0	180	-18.3872
426.516	72.3629	484.676	0	180	-18.4063
426.554	72.3845	484.747	0	180	-18.4253
426.592	72.4062	484.818	0	180	-18.4444
426.63	72.4279	484.889	0	180	-18.4634
426.668	72.4495	484.96	0	180	-18.4824
426.707	72.4712	485.031	0	180	-18.5015
426.745	72.4928	485.102	0	180	-18.5205
426.783	72.5145	485.173	0	180	-18.5396
426.821	72.5361	485.244	0	180	-18.5586
426.859	72.5578	485.315	0	180	-18.5777
426.897	72.5794	485.386	0	180	-18.5967
426.935	72.6011	485.457	0	180	-18.6158
426.973	72.6228	485.529	0	180	-18.6348
427.011	72.6444	485.6	0	180	-18.6538
427.05	72.6661	485.671	0	180	-18.6729
427.088	72.6877	485.742	0	180	-18.6919
427.126	72.7094	485.813	0	180	-18.711
427.164	72.731	485.884	0	180	-18.73
427.202	72.7527	485.955	0	180	-18.7491
427.24	72.7744	486.026	0	180	-18.7681
427.278	72.796	486.097	0	180	-18.7871
427.316	72.8177	486.168	0	180	-18.8062
427.354	72.8393	486.239	0	180	-18.8252
427.393	72.861	486.31	0	180	-18.8443
427.431	72.8826	486.381	0	180	-18.8633
427.469	72.9043	486.452	0	180	-18.8824
427.507	72.9259	486.524	0	180	-18.9014
427.545	72.9476	486.595	0	180	-18.9205
427.583	72.9693	486.666	0	180	-18.9395
427.621	72.9909	486.737	0	180	-18.9585
427.659	73.0126	486.808	0	180	-18.9776
427.698	73.0342	486.879	0	180	-18.9966
427.736	73.0559	486.95	0	180	-19.0157
427.774	73.0775	487.021	0	180	-19.0347
427.812	73.0992	487.092	0	180	-19.0538
427.85	73.1209	487.163	0	180	-19.0728
427.888	73.1425	487.234	0	180	-19.0918
427.926	73.1642	487.305	0	180	-19.1109
427.964	73.1858	487.376	0	180	-19.1299
428.002	73.2075	487.448	0	180	-19.149
428.041	73.2291	487.519	0	180	-19.168
428.079	73.2508	487.59	0	180	-19.1871
428.117	73.2724	487.661	0	180	-19.2061
428.155	73.2941	487.732	0	180	-19.2252
428.193	73.3158	487.803	0	180	-19.2442
428.231	73.3374	487.874	0	180	-19.2632
428.269	73.3591	487.945	0	180	-19.2823
428.307	73.3807	488.016	0	180	-19.3013
428.345	73.4024	488.087	0	180	-19.3204
428.384	73.424	488.158	0	180	-19.3394
428.422	73.4457	488.229	0	180	-19.3585
428.46	73.4674	488.3	0	180	-19.3775
428.498	73.489	488.371	0	180	-19.3965
428.536	73.5107	488.443	0	180	-19.4156
428.574	73.5323	488.514	0	180	-19.4346
428.612	73.554	488.585	0	180	-19.4537
428.65	73.5756	488.656	0	180	-19.4727
428.688	73.5973	488.727	0	180	-19.4918
428.727	73.6189	488.798	0	180	-19.5108
428.765	73.6406	488.869	0	180	-19.5299
428.803	73.6623	488.94	0	180	-19.5489
428.841	73.6839	489.011	0	180	-19.5679
428.879	73.7056	489.082	0	180	-19.587
428.917	73.7272	489.153	0	180	-19.606
428.955	73.7489	489.224	0	180	-19.6251
428.993	73.7705	489.295	0	180	-19.6441
429.032	73.7922	489.366	0	180	-19.6632
429.07	73.8139	489.438	0	180	-19.6822
429.108	73.8355	489.509	0	180	-19.7012
429.146	73.8572	489.58	0	180	-19.7203
429.184	73.8788	489.651	0	180	-19.7393
429.222	73.9005	489.722	0	180	-19.7584
429.26	73.9221	489.793	0	180	-19.7774
429.298	73.9438	489.864	0	180	-19.7965
429.336	73.9654	489.935	0	180	-19.8155
429.375	73.9871	490.006	0	180	-19.8346
429.413	74.0088	490.077	0	180	-19.8536
429.451	74.0304	490.148	0	180	-19.8726
429.489	74.0521	490.219	0	180	-19.8917
429.527	74.0737	490.29	0	180	-19.9107
429.565	74.0954	490.362	0	180	-19.9298
429.603	74.117	490.433	0	180	-19.9488
429.641	74.1387	490.504	0	180	-19.9679
429.679	74.1604	490.575	0	180	-19.9869
429.718	74.182	490.646	0	180	-20.0059
429.756	74.2037	490.717	0	180	-20.025
429.794	74.2253	490.788	0	180	-20.044
429.832	74.247	490.859	0	180	-20.0631
429.87	74.2686	490.93	0	180	-20.0821
429.908	74.2903	491.001	0	180	-20.1012
429.946	74.3119	491.072	0	180	-20.1202
429.984	74.3336	491.143	0	180	-20.1393
430.022	74.3553	491.214	0	180	-20.1583
430.061	74.3769	491.285	0	180	-20.1773
430.099	74.3986	491.357	0	180	-20.1964
430.137	74.4202	491.428	0	180	-20.2154
430.175	74.4419	491.499	0	180	-20.2345
430.213	74.4635	491.57	0	180	-20.2535
430.251	74.4852	491.641	0	180	-20.2726
430.289	74.5069	491.712	0	180	-20.2916
430.327	74.5285	491.783	0	180	-20.3106
430.366	74.5502	491.854	0	180	-20.3297
430.404	74.5718	491.925	0	180	-20.3487
430.442	74.5935	491.996	0	180	-20.3678
430.48	74.6151	492.067	0	180	-20.3868
430.518	74.6368	492.138	0	180	-20.4059
430.556	74.6584	492.209	0	180	-20.4249
430.594	74.6801	492.281	0	180	-20.444
430.632	74.7018	492.352	0	180	-20.463
430.67	74.7234	492.423	0	180	-20.482
430.709	74.7451	492.494	0	180	-20.5011
430.747	74.7667	492.565	0	180	-20.5201
430.785	74.7884	492.636	0	180	-20.5392
430.823	74.81	492.707	0	180	-20.5582
430.861	74.8317	492.778	0	180	-20.5773
430.899	74.8534	492.849	0	180	-20.5963
430.937	74.875	492.92	0	180	-20.6153
430.975	74.8967	492.991	0	180	-20.6344
431.013	74.9183	493.062	0	180	-20.6534
431.052	74.94	493.133	0	180	-20.6725
431.09	74.9616	493.204	0	180	-20.6915
431.128	74.9833	493.276	0	180	-20.7106
431.166	75.0049	493.347	0	180	-20.7296
431.204	75.0266	493.418	0	180	-20.7487
431.242	75.0483	493.489	0	180	-20.7677
431.28	75.0699	493.56	0	180	-20.7867
431.318	75.0916	493.631	0	180	-20.8058
431.357	75.1132	493.702	0	180	-20.8248
431.395	75.1349	493.773	0	180	-20.8439
431.433	75.1565	493.844	0	180	-20.8629
431.471	75.1782	493.915	0	180	-20.882
431.509	75.1999	493.986	0	180	-20.901
431.547	75.2215	494.057	0	180	-20.92
431.585	75.2432	494.128	0	180	-20.9391
431.623	75.2648	494.2	0	180	-20.9581
431.661	75.2865	494.271	0	180	-20.9772
431.7	75.3081	494.342	0	180	-20.9962
431.738	75.3298	494.413	0	180	-21.0153
431.776	75.3514	494.484	0	180	-21.0343
431.814	75.3731	494.555	0	180	-21.0534
431.852	75.3948	494.626	0	180	-21.0724
431.89	75.4164	494.697	0	180	-21.0914
431.928	75.4381	494.768	0	180	-21.1105
431.966	75.4597	494.839	0	180	-21.1295
432.004	75.4814	494.91	0	180	-21.1486
432.043	75.503	494.981	0	180	-21.1676
432.081	75.5247	495.052	0	180	-21.1867
432.119	75.5464	495.123	0	180	-21.2057
432.157	75.568	495.195	0	180	-21.2247
432.195	75.5897	495.266	0	180	-21.2438
432.233	75.6113	495.337	0	180	-21.2628
432.271	75.633	495.408	0	180	-21.2819
432.309	75.6546	495.479	0	180	-21.3009
432.347	75.6763	495.55	0	180	-21.32
432.386	75.6979	495.621	0	180	-21.339
432.424	75.7196	495.692	0	180	-21.3581
432.462	75.7413	495.763	0	180	-21.3771
432.5	75.7629	495.834	0	180	-21.3961
432.538	75.7846	495.905	0	180	-21.4152
432.576	75.8062	495.976	0	180	-21.4342
432.614	75.8279	496.047	0	180	-21.4533
432.652	75.8495	496.118	0	180	-21.4723
432.691	75.8712	496.19	0	180	-21.4914
432.729	75.8929	496.261	0	180	-21.5104
432.767	75.9145	496.332	0	180	-21.5294
432.805	75.9362	496.403	0	180	-21.5485
432.843	75.9578	496.474	0	180	-21.5675
432.881	75.9795	496.545	0	180	-21.5866
432.919	76.0011	496.616	0	180	-21.6056
432.957	76.0228	496.687	0	180	-21.6247
432.995	76.0444	496.758	0	180	-21.6437
433.034	76.0661	496.829	0	180	-21.6628
433.072	76.0878	496.9	0	180	-21.6818
433.11	76.1094	496.971	0	180	-21.7008
433.148	76.1311	497.042	0	180	-21.7199
433.186	76.1527	497.114	0	180	-21.7389
433.224	76.1744	497.185	0	180	-21.758
433.262	76.196	497.256	0	180	-21.777
433.3	76.2177	497.327	0	180	-21.7961
433.338	76.2394	497.398	0	180	-21.8151
433.377	76.261	497.469	0	180	-21.8341
433.415	76.2827	497.54	0	180	-21.8532
433.453	76.3043	497.611	0	180	-21.8722
433.491	76.326	497.682	0	180	-21.8913
433.529	76.3476	497.753	0	180	-21.9103
433.567	76.3693	497.824	0	180	-21.9294
433.605	76.3909	497.895	0	180	-21.9484
433.643	76.4126	497.966	0	180	-21.9675
433.681	76.4343	498.037	0	180	-21.9865
433.72	76.4559	498.109	0	180	-22.0055
433.758	76.4776	498.18	0	180	-22.0246
433.796	76.4992	498.251	0	180	-22.0436
433.834	76.5209	498.322	0	180	-22.0627
433.872	76.5425	498.393	0	180	-22.0817
433.91	76.5642	498.464	0	180	-22.1008
433.948	76.5858	498.535	0	180	-22.1198
433.986	76.6075	498.606	0	180	-22.1388
434.025	76.6292	498.677	0	180	-22.1579
434.063	76.6508	498.748	0	180	-22.1769
434.101	76.6725	498.819	0	180	-22.196
434.139	76.6941	498.89	0	180	-22.215
434.177	76.7158	498.961	0	180	-22.2341
434.215	76.7374	499.033	0	180	-22.2531
434.253	76.7591	499.104	0	180	-22.2722
434.291	76.7808	499.175	0	180	-22.2912
434.329	76.8024	499.246	0	180	-22.3102
434.368	76.8241	499.317	0	180	-22.3293
434.406	76.8457	499.388	0	180	-22.3483
434.444	76.8674	499.459	0	180	-22.3674
434.482	76.889	499.53	0	180	-22.3864
434.52	76.9107	499.601	0	180	-22.4055
434.558	76.9323	499.672	0	180	-22.4245
434.596	76.954	499.743	0	180	-22.4435
434.634	76.9757	499.814	0	180	-22.4626
434.672	76.9973	499.885	0	180	-22.4816
434.711	77.019	499.956	0	180	-22.5007
434.749	77.0406	500.028	0	180	-22.5197
434.787	77.0623	500.099	0	180	-22.5388
434.825	77.0839	500.17	0	180	-22.5578
434.863	77.1056	500.241	0	180	-22.5769
434.901	77.1273	500.312	0	180	-22.5959
434.939	77.1489	500.383	0	180	-22.6149
434.977	77.1706	500.454	0	180	-22.634
435.016	77.1922	500.525	0	180	-22.653
435.054	77.2139	500.596	0	180	-22.6721
435.092	77.2355	500.667	0	180	-22.6911
435.13	77.2572	500.738	0	180	-22.7102
435.168	77.2788	500.809	0	180	-22.7292
435.206	77.3005	500.88	0	180	-22.7482
435.244	77.3222	500.952	0	180	-22.7673
435.282	77.3438	501.023	0	180	-22.7863
435.32	77.3655	501.094	0	180	-22.8054
435.359	77.3871	501.165	0	180	-22.8244
435.397	77.4088	501.236	0	180	-22.8435
435.435	77.4304	501.307	0	180	-22.8625
435.473	77.4521	501.378	0	180	-22.8816
435.511	77.4738	501.449	0	180	-22.9006
435.549	77.4954	501.52	0	180	-22.9196
435.587	77.5171	501.591	0	180	-22.9387
435.625	77.5387	501.662	0	180	-22.9577
435.663	77.5604	501.733	0	180	-22.9768
435.702	77.582	501.804	0	180	-22.9958
435.74	77.6037	501.875	0	180	-23.0149
435.778	77.6253	501.947	0	180	-23.0339
435.816	77.647	502.018	0	180	-23.0529
435.854	77.6687	502.089	0	180	-23.072
435.892	77.6903	502.16	0	180	-23.091
435.93	77.712	502.231	0	180	-23.1101
435.968	77.7336	502.302	0	180	-23.1291
436.006	77.7553	502.373	0	180	-23.1482
436.045	77.7769	502.444	0	180	-23.1672
436.083	77.7986	502.515	0	180	-23.1863
436.121	77.8203	502.586	0	180	-23.2053
436.159	77.8419	502.657	0	180	-23.2243
436.197	77.8636	502.728	0	180	-23.2434
436.235	77.8852	502.799	0	180	-23.2624
436.273	77.9069	502.87	0	180	-23.2815
436.311	77.9285	502.942	0	180	-23.3005
436.35	77.9502	503.013	0	180	-23.3196
436.388	77.9718	503.084	0	180	-23.3386
436.426	77.9935	503.155	0	180	-23.3576
436.464	78.0152	503.226	0	180	-23.3767
436.502	78.0368	503.297	0	180	-23.3957
436.54	78.0585	503.368	0	180	-23.4148
436.578	78.0801	503.439	0	180	-23.4338
436.616	78.1018	503.51	0	180	-23.4529
436.654	78.1234	503.581	0	180	-23.4719
436.693	78.1451	503.652	0	180	-23.4909
436.731	78.1668	503.723	0	180	-23.51
436.769	78.1884	503.794	0	180	-23.529
436.807	78.2101	503.866	0	180	-23.5481
436.845	78.2317	503.937	0	180	-23.5671
436.883	78.2534	504.008	0	180	-23.5862
436.921	78.275	504.079	0	180	-23.6052
436.959	78.2967	504.15	0	180	-23.6243
436.997	78.3183	504.221	0	180	-23.6433
437.036	78.34	504.292	0	180	-23.6623
437.074	78.3617	504.363	0	180	-23.6814
437.112	78.3833	504.434	0	180	-23.7004
437.15	78.405	504.505	0	180	-23.7195
437.188	78.4266	504.576	0	180	-23.7385
437.226	78.4483	504.647	0	180	-23.7576
437.264	78.4699	504.718	0	180	-23.7766
437.302	78.4916	504.789	0	180	-23.7956
437.34	78.5133	504.861	0	180	-23.8147
437.379	78.5349	504.932	0	180	-23.8337
437.417	78.5566	505.003	0	180	-23.8528
437.455	78.5782	505.074	0	180	-23.8718
437.493	78.5999	505.145	0	180	-23.8909
437.531	78.6215	505.216	0	180	-23.9099
437.569	78.6432	505.287	0	180	-23.929
437.607	78.6648	505.358	0	180	-23.948
437.645	78.6865	505.429	0	180	-23.967
437.684	78.7082	505.5	0	180	-23.9861
437.722	78.7298	505.571	0	180	-24.0051
437.76	78.7515	505.642	0	180	-24.0242
437.798	78.7731	505.713	0	180	-24.0432
437.836	78.7948	505.785	0	180	-24.0623
437.874	78.8164	505.856	0	180	-24.0813
437.912	78.8381	505.927	0	180	-24.1003
437.95	78.8598	505.998	0	180	-24.1194
437.988	78.8814	506.069	0	180	-24.1384
438.027	78.9031	506.14	0	180	-24.1575
438.065	78.9247	506.211	0	180	-24.1765
438.103	78.9464	506.282	0	180	-24.1956
438.141	78.968	506.353	0	180	-24.2146
438.179	78.9897	506.424	0	180	-24.2337
438.217	79.0113	506.495	0	180	-24.2527
438.255	79.033	506.566	0	180	-24.2717
438.293	79.0547	506.637	0	180	-24.2908
438.331	79.0763	506.708	0	180	-24.3098
438.37	79.098	506.78	0	180	-24.3289
438.408	79.1196	506.851	0	180	-24.3479
438.446	79.1413	506.922	0	180	-24.367
438.484	79.1629	506.993	0	180	-24.386
438.522	79.1846	507.064	0	180	-24.405
438.56	79.2063	507.135	0	180	-24.4241
438.598	79.2279	507.206	0	180	-24.4431
438.636	79.2496	507.277	0	180	-24.4622
438.675	79.2712	507.348	0	180	-24.4812
438.713	79.2929	507.419	0	180	-24.5003
438.751	79.3145	507.49	0	180	-24.5193
438.789	79.3362	507.561	0	180	-24.5384
438.827	79.3578	507.632	0	180	-24.5574
438.865	79.3795	507.704	0	180	-24.5764
438.903	79.4012	507.775	0	180	-24.5955
438.941	79.4228	507.846	0	180	-24.6145
438.979	79.4445	507.917	0	180	-24.6336
439.018	79.4661	507.988	0	180	-24.6526
439.056	79.4878	508.059	0	180	-24.6717
439.094	79.5094	508.13	0	180	-24.6907
439.132	79.5311	508.201	0	180	-24.7097
439.17	79.5528	508.272	0	180	-24.7288
439.208	79.5744	508.343	0	180	-24.7478
439.246	79.5961	508.414	0	180	-24.7669
439.284	79.6177	508.485	0	180	-24.7859
439.322	79.6394	508.556	0	180	-24.805
439.361	79.661	508.627	0	180	-24.824
439.399	79.6827	508.699	0	180	-24.8431
439.437	79.7043	508.77	0	180	-24.8621
439.475	79.726	508.841	0	180	-24.8811
439.513	79.7477	508.912	0	180	-24.9002
439.551	79.7693	508.983	0	180	-24.9192
439.589	79.791	509.054	0	180	-24.9383
439.627	79.8126	509.125	0	180	-24.9573
439.665	79.8343	509.196	0	180	-24.9764
439.704	79.8559	509.267	0	180	-24.9954
439.742	79.8776	509.338	0	180	-25.0144
439.78	79.8993	509.409	0	180	-25.0335
439.818	79.9209	509.48	0	180	-25.0525
439.856	79.9426	509.551	0	180	-25.0716
439.894	79.9642	509.623	0	180	-25.0906
439.932	79.9859	509.694	0	180	-25.1097
439.97	80.0075	509.765	0	180	-25.1287
440.009	80.0292	509.836	0	180	-25.1478
440.047	80.0508	509.907	0	180	-25.1668
440.085	80.0725	509.978	0	180	-25.1858
440.123	80.0942	510.049	0	180	-25.2049
440.161	80.1158	510.12	0	180	-25.2239
440.199	80.1375	510.191	0	180	-25.243
440.237	80.1591	510.262	0	180	-25.262
440.275	80.1808	510.333	0	180	-25.2811
440.313	80.2024	510.404	0	180	-25.3001
440.352	80.2241	510.475	0	180	-25.3191
440.39	80.2458	510.546	0	180	-25.3382
440.428	80.2674	510.618	0	180	-25.3572
440.466	80.2891	510.689	0	180	-25.3763
440.504	80.3107	510.76	0	180	-25.3953
440.542	80.3324	510.831	0	180	-25.4144
440.58	80.354	510.902	0	180	-25.4334
440.618	80.3757	510.973	0	180	-25.4525
440.656	80.3973	511.044	0	180	-25.4715
440.695	80.419	511.115	0	180	-25.4905
440.733	80.4407	511.186	0	180	-25.5096
440.771	80.4623	511.257	0	180	-25.5286
440.809	80.484	511.328	0	180	-25.5477
440.847	80.5056	511.399	0	180	-25.5667
440.885	80.5273	511.47	0	180	-25.5858
440.923	80.5489	511.541	0	180	-25.6048
440.961	80.5706	511.613	0	180	-25.6238
441	80.5923	511.684	0	180	-25.6429
441.038	80.6139	511.755	0	180	-25.6619
441.076	80.6356	511.826	0	180	-25.681
441.114	80.6572	511.897	0	180	-25.7
441.152	80.6789	511.968	0	180	-25.7191
441.19	80.7005	512.039	0	180	-25.7381
441.228	80.7222	512.11	0	180	-25.7572
441.266	80.7438	512.181	0	180	-25.7762
441.304	80.7655	512.252	0	180	-25.7952
441.343	80.7872	512.323	0	180	-25.8143
441.381	80.8088	512.394	0	180	-25.8333
441.419	80.8305	512.465	0	180	-25.8524
441.457	80.8521	512.537	0	180	-25.8714
441.495	80.8738	512.608	0	180	-25.8905
441.533	80.8954	512.679	0	180	-25.9095
441.571	80.9171	512.75	0	180	-25.9285
441.609	80.9388	512.821	0	180	-25.9476
441.647	80.9604	512.892	0	180	-25.9666
441.686	80.9821	512.963	0	180	-25.9857
441.724	81.0037	513.034	0	180	-26.0047
441.762	81.0254	513.105	0	180	-26.0238
441.8	81.047	513.176	0	180	-26.0428
441.838	81.0687	513.247	0	180	-26.0619
441.876	81.0903	513.318	0	180	-26.0809
441.914	81.112	513.389	0	180	-26.0999
441.952	81.1337	513.46	0	180	-26.119
441.99	81.1553	513.532	0	180	-26.138
442.029	81.177	513.603	0	180	-26.1571
442.067	81.1986	513.674	0	180	-26.1761
442.105	81.2203	513.745	0	180	-26.1952
442.143	81.2419	513.816	0	180	-26.2142
442.181	81.2636	513.887	0	180	-26.2332
442.219	81.2853	513.958	0	180	-26.2523
442.257	81.3069	514.029	0	180	-26.2713
442.295	81.3286	514.1	0	180	-26.2904
442.334	81.3502	514.171	0	180	-26.3094
442.372	81.3719	514.242	0	180	-26.3285
442.41	81.3935	514.313	0	180	-26.3475
442.448	81.4152	514.384	0	180	-26.3666
442.486	81.4368	514.456	0	180	-26.3856
442.524	81.4585	514.527	0	180	-26.4046
442.562	81.4802	514.598	0	180	-26.4237
442.6	81.5018	514.669	0	180	-26.4427
442.638	81.5235	514.74	0	180	-26.4618
442.677	81.5451	514.811	0	180	-26.4808
442.715	81.5668	514.882	0	180	-26.4999
442.753	81.5884	514.953	0	180	-26.5189
442.791	81.6101	515.024	0	180	-26.5379
442.829	81.6318	515.095	0	180	-26.557
442.867	81.6534	515.166	0	180	-26.576
442.905	81.6751	515.237	0	180	-26.5951
442.943	81.6967	515.308	0	180	-26.6141
442.981	81.7184	515.379	0	180	-26.6332
443.02	81.74	515.451	0	180	-26.6522
443.058	81.7617	515.522	0	180	-26.6713
443.096	81.7833	515.593	0	180	-26.6903
443.134	81.805	515.664	0	180	-26.7093
443.172	81.8267	515.735	0	180	-26.7284
443.21	81.8483	515.806	0	180	-26.7474
443.248	81.87	515.877	0	180	-26.7665
443.286	81.8916	515.948	0	180	-26.7855
443.324	81.9133	516.019	0	180	-26.8046
443.363	81.9349	516.09	0	180	-26.8236
443.401	81.9566	516.161	0	180	-26.8426
443.439	81.9782	516.232	0	180	-26.8617
443.477	81.9999	516.303	0	180	-26.8807
443.515	82.0216	516.375	0	180	-26.8998
443.553	82.0432	516.446	0	180	-26.9188
443.591	82.0649	516.517	0	180	-26.9379
443.629	82.0865	516.588	0	180	-26.9569
443.668	82.1082	516.659	0	180	-26.976
443.706	82.1298	516.73	0	180	-26.995
443.744	82.1515	516.801	0	180	-27.014
443.782	82.1732	516.872	0	180	-27.0331
443.82	82.1948	516.943	0	180	-27.0521
443.858	82.2165	517.014	0	180	-27.0712
443.896	82.2381	517.085	0	180	-27.0902
443.934	82.2598	517.156	0	180	-27.1093
443.972	82.2814	517.227	0	180	-27.1283
444.011	82.3031	517.298	0	180	-27.1473
444.049	82.3247	517.37	0	180	-27.1664
444.087	82.3464	517.441	0	180	-27.1854
444.125	82.3681	517.512	0	180	-27.2045
444.163	82.3897	517.583	0	180	-27.2235
444.201	82.4114	517.654	0	180	-27.2426
444.239	82.433	517.725	0	180	-27.2616
444.277	82.4547	517.796	0	180	-27.2807
444.315	82.4763	517.867	0	180	-27.2997
444.354	82.498	517.938	0	180	-27.3187
444.392	82.5197	518.009	0	180	-27.3378
444.43	82.5413	518.08	0	180	-27.3568
444.468	82.563	518.151	0	180	-27.3759
444.506	82.5846	518.222	0	180	-27.3949
444.544	82.6063	518.293	0	180	-27.414
444.582	82.6279	518.365	0	180	-27.433
444.62	82.6496	518.436	0	180	-27.452
444.659	82.6712	518.507	0	180	-27.4711
444.697	82.6929	518.578	0	180	-27.4901
444.735	82.7146	518.649	0	180	-27.5092
444.773	82.7362	518.72	0	180	-27.5282
444.811	82.7579	518.791	0	180	-27.5473
444.849	82.7795	518.862	0	180	-27.5663
444.887	82.8012	518.933	0	180	-27.5854
444.925	82.8228	519.004	0	180	-27.6044
444.963	82.8445	519.075	0	180	-27.6234
445.002	82.8662	519.146	0	180	-27.6425
445.04	82.8878	519.217	0	180	-27.6615
445.078	82.9095	519.289	0	180	-27.6806
445.116	82.9311	519.36	0	180	-27.6996
445.154	82.9528	519.431	0	180	-27.7187
445.192	82.9744	519.502	0	180	-27.7377
445.23	82.9961	519.573	0	180	-27.7567
445.268	83.0177	519.644	0	180	-27.7758
445.306	83.0394	519.715	0	180	-27.7948
445.345	83.0611	519.786	0	180	-27.8139
445.383	83.0827	519.857	0	180	-27.8329
445.421	83.1044	519.928	0	180	-27.852
445.459	83.126	519.999	0	180	-27.871
445.497	83.1477	520.07	0	180	-27.8901
445.535	83.1693	520.141	0	180	-27.9091
445.573	83.191	520.212	0	180	-27.9281
445.611	83.2127	520.284	0	180	-27.9472
445.649	83.2343	520.355	0	180	-27.9662
445.688	83.256	520.426	0	180	-27.9853
445.726	83.2776	520.497	0	180	-28.0043
445.764	83.2993	520.568	0	180	-28.0234
445.802	83.3209	520.639	0	180	-28.0424
445.84	83.3426	520.71	0	180	-28.0614
445.878	83.3642	520.781	0	180	-28.0805
445.916	83.3859	520.852	0	180	-28.0995
445.954	83.4076	520.923	0	180	-28.1186
445.993	83.4292	520.994	0	180	-28.1376
446.031	83.4509	521.065	0	180	-28.1567
446.069	83.4725	521.136	0	180	-28.1757
446.107	83.4942	521.208	0	180	-28.1948
446.145	83.5158	521.279	0	180	-28.2138
446.183	83.5375	521.35	0	180	-28.2328
446.221	83.5592	521.421	0	180	-28.2519
446.259	83.5808	521.492	0	180	-28.2709
446.297	83.6025	521.563	0	180	-28.29
446.336	83.6241	521.634	0	180	-28.309
446.374	83.6458	521.705	0	180	-28.3281
446.412	83.6674	521.776	0	180	-28.3471
446.45	83.6891	521.847	0	180	-28.3661
446.488	83.7107	521.918	0	180	-28.3852
446.526	83.7324	521.989	0	180	-28.4042
446.564	83.7541	522.06	0	180	-28.4233
446.602	83.7757	522.131	0	180	-28.4423
446.64	83.7974	522.203	0	180	-28.4614
446.679	83.819	522.274	0	180	-28.4804
446.717	83.8407	522.345	0	180	-28.4995
446.755	83.8623	522.416	0	180	-28.5185
446.793	83.884	522.487	0	180	-28.5375
446.831	83.9057	522.558	0	180	-28.5566
446.869	83.9273	522.629	0	180	-28.5756
446.907	83.949	522.7	0	180	-28.5947
446.945	83.9706	522.771	0	180	-28.6137
446.983	83.9923	522.842	0	180	-28.6328
447.022	84.0139	522.913	0	180	-28.6518
447.06	84.0356	522.984	0	180	-28.6708
447.098	84.0572	523.055	0	180	-28.6899
447.136	84.0789	523.127	0	180	-28.7089
447.174	84.1006	523.198	0	180	-28.728
447.212	84.1222	523.269	0	180	-28.747
447.25	84.1439	523.34	0	180	-28.7661
447.288	84.1655	523.411	0	180	-28.7851
447.327	84.1872	523.482	0	180	-28.8042
447.365	84.2088	523.553	0	180	-28.8232
447.403	84.2305	523.624	0	180	-28.8422
447.441	84.2522	523.695	0	180	-28.8613
447.479	84.2738	523.766	0	180	-28.8803
447.517	84.2955	523.837	0	180	-28.8994
447.555	84.3171	523.908	0	180	-28.9184
447.593	84.3388	523.979	0	180	-28.9375
447.631	84.3604	524.05	0	180	-28.9565
447.67	84.3821	524.122	0	180	-28.9755
447.708	84.4037	524.193	0	180	-28.9946
447.746	84.4254	524.264	0	180	-29.0136
447.784	84.4471	524.335	0	180	-29.0327
447.822	84.4687	524.406	0	180	-29.0517
447.86	84.4904	524.477	0	180	-29.0708
447.898	84.512	524.548	0	180	-29.0898
447.936	84.5337	524.619	0	180	-29.1089
447.974	84.5553	524.69	0	180	-29.1279
448.013	84.577	524.761	0	180	-29.1469
448.051	84.5987	524.832	0	180	-29.166
448.089	84.6203	524.903	0	180	-29.185
448.127	84.642	524.974	0	180	-29.2041
448.165	84.6636	525.045	0	180	-29.2231
448.203	84.6853	525.117	0	180	-29.2422
448.241	84.7069	525.188	0	180	-29.2612
448.279	84.7286	525.259	0	180	-29.2802
448.318	84.7502	525.33	0	180	-29.2993
448.356	84.7719	525.401	0	180	-29.3183
448.394	84.7936	525.472	0	180	-29.3374
448.432	84.8152	525.543	0	180	-29.3564
448.47	84.8369	525.614	0	180	-29.3755
448.508	84.8585	525.685	0	180	-29.3945
448.546	84.8802	525.756	0	180	-29.4136
448.584	84.9018	525.827	0	180	-29.4326
448.622	84.9235	525.898	0	180	-29.4516
448.661	84.9452	525.969	0	180	-29.4707
448.699	84.9668	526.041	0	180	-29.4897
448.737	84.9885	526.112	0	180	-29.5088
448.775	85.0101	526.183	0	180	-29.5278
448.813	85.0318	526.254	0	180	-29.5469
448.851	85.0534	526.325	0	180	-29.5659
448.889	85.0751	526.396	0	180	-29.5849
448.927	85.0967	526.467	0	180	-29.604
448.965	85.1184	526.538	0	180	-29.623
449.004	85.1401	526.609	0	180	-29.6421
449.042	85.1617	526.68	0	180	-29.6611
449.08	85.1834	526.751	0	180	-29.6802
449.118	85.205	526.822	0	180	-29.6992
449.156	85.2267	526.893	0	180	-29.7182
449.194	85.2483	526.964	0	180	-29.7373
449.232	85.27	527.036	0	180	-29.7563
449.27	85.2917	527.107	0	180	-29.7754
449.308	85.3133	527.178	0	180	-29.7944
449.347	85.335	527.249	0	180	-29.8135
449.385	85.3566	527.32	0	180	-29.8325
449.423	85.3783	527.391	0	180	-29.8516
449.461	85.3999	527.462	0	180	-29.8706
449.499	85.4216	527.533	0	180	-29.8896
449.537	85.4432	527.604	0	180	-29.9087
449.575	85.4649	527.675	0	180	-29.9277
449.613	85.4866	527.746	0	180	-29.9468
449.652	85.5082	527.817	0	180	-29.9658
449.69	85.5299	527.888	0	180	-29.9849
449.728	85.5515	527.96	0	180	-30.0039
449.766	85.5732	528.031	0	180	-30.0229
449.804	85.5948	528.102	0	180	-30.042
449.842	85.6165	528.172	0	180	-30.061
449.88	85.6382	528.241	0	180	-30.0801
449.918	85.6598	528.309	0	180	-30.0991
449.956	85.6815	528.377	0	180	-30.1182
449.995	85.7031	528.443	0	180	-30.1372
450.033	85.7248	528.508	0	180	-30.1563
450.071	85.7464	528.573	0	180	-30.1753
450.109	85.7681	528.636	0	180	-30.1943
450.147	85.7897	528.698	0	180	-30.2134
450.185	85.8114	528.759	0	180	-30.2324
450.223	85.8331	528.82	0	180	-30.2515
450.261	85.8547	528.879	0	180	-30.2705
450.299	85.8764	528.937	0	180	-30.2896
450.338	85.898	528.994	0	180	-30.3086
450.376	85.9197	529.051	0	180	-30.3276
450.414	85.9413	529.106	0	180	-30.3467
450.452	85.963	529.16	0	180	-30.3657
450.49	85.9847	529.213	0	180	-30.3848
450.528	86.0063	529.266	0	180	-30.4038
450.566	86.028	529.317	0	180	-30.4229
450.604	86.0496	529.367	0	180	-30.4419
450.642	86.0713	529.417	0	180	-30.461
450.681	86.0929	529.465	0	180	-30.48
450.719	86.1146	529.512	0	180	-30.499
450.757	86.1362	529.558	0	180	-30.5181
450.795	86.1579	529.604	0	180	-30.5371
450.833	86.1796	529.648	0	180	-30.5562
450.871	86.2012	529.691	0	180	-30.5752
450.909	86.2229	529.733	0	180	-30.5943
450.947	86.2445	529.775	0	180	-30.6133
450.986	86.2662	529.815	0	180	-30.6323
451.024	86.2878	529.854	0	180	-30.6514
451.062	86.3095	529.893	0	180	-30.6704
451.1	86.3312	529.93	0	180	-30.6895
451.138	86.3528	529.966	0	180	-30.7085
451.176	86.3745	530.001	0	180	-30.7276
451.214	86.3961	530.036	0	180	-30.7466
451.252	86.4178	530.069	0	180	-30.7657
451.29	86.4394	530.101	0	180	-30.7847
451.329	86.4611	530.132	0	180	-30.8037
451.367	86.4827	530.163	0	180	-30.8228
451.405	86.5044	530.192	0	180	-30.8418
451.443	86.5261	530.22	0	180	-30.8609
451.481	86.5477	530.247	0	180	-30.8799
451.519	86.5694	530.274	0	180	-30.899
451.557	86.591	530.299	0	180	-30.918
451.595	86.6127	530.323	0	180	-30.937
451.633	86.6343	530.347	0	180	-30.9561
451.672	86.656	530.369	0	180	-30.9751
451.71	86.6777	530.39	0	180	-30.9942
451.748	86.6993	530.41	0	180	-31.0132
451.786	86.721	530.43	0	180	-31.0323
451.824	86.7426	530.448	0	180	-31.0513
451.862	86.7643	530.465	0	180	-31.0704
451.9	86.7859	530.481	0	180	-31.0894
451.938	86.8076	530.497	0	180	-31.1084
451.977	86.8292	530.511	0	180	-31.1275
452.015	86.8509	530.524	0	180	-31.1465
452.053	86.8726	530.537	0	180	-31.1656
452.091	86.8942	530.548	0	180	-31.1846
452.129	86.9159	530.558	0	180	-31.2037
452.167	86.9375	530.567	0	180	-31.2227
452.205	86.9592	530.576	0	180	-31.2417
452.243	86.9808	530.583	0	180	-31.2608
452.281	87.0025	530.589	0	180	-31.2798
452.32	87.0241	530.594	0	180	-31.2989
452.358	87.0458	530.599	0	180	-31.3179
452.396	87.0675	530.602	0	180	-31.337
452.434	87.0891	530.604	0	180	-31.356
452.472	87.1108	530.606	0	180	-31.3751
452.51	87.1324	530.606	0	180	-31.3941
452.548	87.1541	530.605	0	180	-31.4131
452.586	87.1757	530.603	0	180	-31.4322
452.624	87.1974	530.601	0	180	-31.4512
452.663	87.2191	530.597	0	180	-31.4703
452.701	87.2407	530.592	0	180	-31.4893
452.739	87.2624	530.586	0	180	-31.5084
452.777	87.284	530.58	0	180	-31.5274
452.815	87.3057	530.572	0	180	-31.5464
452.853	87.3273	530.563	0	180	-31.5655
452.891	87.349	530.553	0	180	-31.5845
452.929	87.3706	530.543	0	180	-31.6036
452.967	87.3923	530.531	0	180	-31.6226
453.006	87.414	530.518	0	180	-31.6417
453.044	87.4356	530.505	0	180	-31.6607
453.082	87.4573	530.49	0	180	-31.6798
453.12	87.4789	530.474	0	180	-31.6988
453.158	87.5006	530.457	0	180	-31.7178
453.196	87.5222	530.44	0	180	-31.7369
453.234	87.5439	530.421	0	180	-31.7559
453.272	87.5656	530.401	0	180	-31.775
453.311	87.5872	530.38	0	180	-31.794
453.349	87.6089	530.359	0	180	-31.8131
453.387	87.6305	530.336	0	180	-31.8321
453.425	87.6522	530.312	0	180	-31.8508
453.463	87.6738	530.288	0	180	-31.8686
453.502	87.6957	530.262	0	180	-31.8854
453.542	87.7184	530.235	0	180	-31.9011
453.583	87.7414	530.207	0	180	-31.9159
453.623	87.7643	530.179	0	180	-31.9297
453.664	87.7873	530.149	0	180	-31.943
453.705	87.8103	530.118	0	180	-31.9564
453.746	87.8332	530.086	0	180	-31.9697
453.787	87.8562	530.054	0	180	-31.9831
453.827	87.8792	530.02	0	180	-31.9965
453.868	87.9022	529.985	0	180	-32.0098
453.909	87.9251	529.949	0	180	-32.0232
453.95	87.9481	529.913	0	180	-32.0366
453.991	87.9711	529.875	0	180	-32.0499
454.032	87.9941	529.836	0	180	-32.0633
454.072	88.017	529.797	0	180	-32.0766
454.113	88.04	529.756	0	180	-32.09
454.154	88.063	529.714	0	180	-32.1034
454.195	88.0859	529.671	0	180	-32.1167
454.236	88.1089	529.628	0	180	-32.1301
454.276	88.1319	529.583	0	180	-32.1435
454.317	88.1549	529.537	0	180	-32.1568
454.358	88.1778	529.49	0	180	-32.1702
454.399	88.2008	529.443	0	180	-32.1836
454.44	88.2238	529.394	0	180	-32.1969
454.481	88.2467	529.344	0	180	-32.2103
454.521	88.2697	529.294	0	180	-32.2236
454.562	88.2927	529.242	0	180	-32.237
454.603	88.3157	529.189	0	180	-32.2504
454.644	88.3386	529.135	0	180	-32.2637
454.685	88.3616	529.081	0	180	-32.2771
454.725	88.3846	529.025	0	180	-32.2905
454.766	88.4076	528.968	0	180	-32.3038
454.807	88.4305	528.91	0	180	-32.3172
454.848	88.4535	528.852	0	180	-32.3305
454.889	88.4765	528.792	0	180	-32.3439
454.93	88.4994	528.731	0	180	-32.3573
454.97	88.5224	528.669	0	180	-32.3706
455.011	88.5454	528.607	0	180	-32.384
455.052	88.5684	528.543	0	180	-32.3974
455.093	88.5913	528.478	0	180	-32.4107
455.134	88.6143	528.413	0	180	-32.4241
455.174	88.6373	528.346	0	180	-32.4374
455.215	88.6602	528.278	0	180	-32.4508
455.256	88.6832	528.209	0	180	-32.4642
455.297	88.7062	528.14	0	180	-32.4775
455.338	88.7292	528.069	0	180	-32.4909
455.379	88.7521	527.997	0	180	-32.5043
455.419	88.7751	527.924	0	180	-32.5176
455.46	88.7981	527.851	0	180	-32.531
455.501	88.821	527.776	0	180	-32.5443
455.542	88.844	527.7	0	180	-32.5577
455.583	88.867	527.624	0	180	-32.5711
455.623	88.89	527.546	0	180	-32.5844
455.664	88.9129	527.467	0	180	-32.5978
455.705	88.9359	527.387	0	180	-32.6112
455.746	88.9589	527.307	0	180	-32.6245
455.787	88.9819	527.225	0	180	-32.6379
455.828	89.0048	527.142	0	180	-32.6513
455.868	89.0278	527.058	0	180	-32.6646
455.909	89.0508	526.974	0	180	-32.678
455.95	89.0737	526.888	0	180	-32.6913
455.991	89.0967	526.801	0	180	-32.7047
456.032	89.1197	526.714	0	180	-32.7181
456.072	89.1427	526.625	0	180	-32.7314
456.113	89.1656	526.535	0	180	-32.7448
456.154	89.1886	526.444	0	180	-32.7582
456.195	89.2116	526.353	0	180	-32.7715
456.236	89.2345	526.26	0	180	-32.7849
456.277	89.2575	526.166	0	180	-32.7982
456.317	89.2805	526.071	0	180	-32.8116
456.358	89.3035	525.976	0	180	-32.825
456.399	89.3264	525.879	0	180	-32.8383
456.44	89.3494	525.781	0	180	-32.8517
456.481	89.3724	525.682	0	180	-32.8651
456.521	89.3954	525.583	0	180	-32.8784
456.562	89.4183	525.482	0	180	-32.8918
456.603	89.4413	525.38	0	180	-32.9051
456.644	89.4643	525.278	0	180	-32.9185
456.685	89.4872	525.174	0	180	-32.9319
456.726	89.5102	525.069	0	180	-32.9452
456.766	89.5332	524.963	0	180	-32.9586
456.807	89.5562	524.857	0	180	-32.972
456.848	89.5791	524.749	0	180	-32.9853
456.889	89.6021	524.64	0	180	-32.9987
456.93	89.6251	524.53	0	180	-33.012
456.97	89.648	524.42	0	180	-33.0254
457.011	89.671	524.308	0	180	-33.0388
457.052	89.694	524.195	0	180	-33.0521
457.093	89.717	524.082	0	180	-33.0655
457.134	89.7399	523.967	0	180	-33.0789
457.175	89.7629	523.851	0	180	-33.0922
457.215	89.7859	523.734	0	180	-33.1056
457.256	89.8088	523.617	0	180	-33.119
457.297	89.8318	523.498	0	180	-33.1323
457.338	89.8548	523.378	0	180	-33.1457
457.379	89.8778	523.257	0	180	-33.159
457.419	89.9007	523.136	0	180	-33.1724
457.46	89.9237	523.013	0	180	-33.1858
457.501	89.9467	522.889	0	180	-33.1991
457.542	89.9697	522.766	0	180	-33.2125
457.583	89.9926	522.642	0	180	-33.2259
457.624	90.0156	522.518	0	180	-33.2392
457.664	90.0386	522.395	0	180	-33.2526
457.705	90.0615	522.271	0	180	-33.2659
457.746	90.0845	522.147	0	180	-33.2793
457.787	90.1075	522.024	0	180	-33.2927
457.828	90.1305	521.9	0	180	-33.306
457.868	90.1534	521.777	0	180	-33.3194
457.909	90.1764	521.653	0	180	-33.3328
457.95	90.1994	521.529	0	180	-33.3461
457.991	90.2223	521.406	0	180	-33.3595
458.032	90.2453	521.282	0	180	-33.3728
458.073	90.2683	521.158	0	180	-33.3862
458.113	90.2913	521.035	0	180	-33.3996
458.154	90.3142	520.911	0	180	-33.4129
458.195	90.3372	520.787	0	180	-33.4263
458.236	90.3602	520.664	0	180	-33.4397
458.277	90.3832	520.54	0	180	-33.453
458.317	90.4061	520.416	0	180	-33.4664
458.358	90.4291	520.293	0	180	-33.4797
458.399	90.4521	520.169	0	180	-33.4931
458.44	90.475	520.045	0	180	-33.5065
458.481	90.498	519.922	0	180	-33.5198
458.522	90.521	519.798	0	180	-33.5332
458.562	90.544	519.674	0	180	-33.5466
458.603	90.5669	519.551	0	180	-33.5599
458.644	90.5899	519.427	0	180	-33.5733
458.685	90.6129	519.303	0	180	-33.5867
458.726	90.6358	519.18	0	180	-33.6
458.766	90.6588	519.056	0	180	-33.6134
458.807	90.6818	518.933	0	180	-33.6267
458.848	90.7048	518.809	0	180	-33.6401
458.889	90.7277	518.685	0	180	-33.6535
458.93	90.7507	518.562	0	180	-33.6668
458.971	90.7737	518.438	0	180	-33.6802
459.011	90.7966	518.314	0	180	-33.6936
459.052	90.8196	518.191	0	180	-33.7069
459.093	90.8426	518.067	0	180	-33.7203
459.134	90.8656	517.943	0	180	-33.7336
459.175	90.8885	517.82	0	180	-33.747
459.215	90.9115	517.696	0	180	-33.7604
459.256	90.9345	517.572	0	180	-33.7737
459.297	90.9575	517.449	0	180	-33.7871
459.338	90.9804	517.325	0	180	-33.8005
459.379	91.0034	517.201	0	180	-33.8138
459.42	91.0264	517.078	0	180	-33.8272
459.46	91.0493	516.954	0	180	-33.8405
459.501	91.0723	516.83	0	180	-33.8539
459.542	91.0953	516.707	0	180	-33.8673
459.583	91.1183	516.583	0	180	-33.8806
459.624	91.1412	516.459	0	180	-33.894
459.664	91.1642	516.336	0	180	-33.9074
459.705	91.1872	516.212	0	180	-33.9207
459.746	91.2101	516.089	0	180	-33.9341
459.787	91.2331	515.965	0	180	-33.9474
459.828	91.2561	515.841	0	180	-33.9608
459.869	91.2791	515.718	0	180	-33.9742
459.909	91.302	515.594	0	180	-33.9875
459.95	91.325	515.47	0	180	-34.0009
459.991	91.348	515.347	0	180	-34.0143
460.032	91.371	515.223	0	180	-34.0276
460.073	91.3939	515.099	0	180	-34.041
460.113	91.4169	514.976	0	180	-34.0544
460.154	91.4399	514.852	0	180	-34.0677
460.195	91.4628	514.728	0	180	-34.0811
460.236	91.4858	514.605	0	180	-34.0944
460.277	91.5088	514.481	0	180	-34.1078
460.317	91.5318	514.357	0	180	-34.1212
460.358	91.5547	514.234	0	180	-34.1345
460.399	91.5777	514.11	0	180	-34.1479
460.44	91.6007	513.986	0	180	-34.1613
460.481	91.6236	513.863	0	180	-34.1746
460.522	91.6466	513.739	0	180	-34.188
460.562	91.6696	513.615	0	180	-34.2013
460.603	91.6926	513.492	0	180	-34.2147
460.644	91.7155	513.368	0	180	-34.2281
460.685	91.7385	513.245	0	180	-34.2414
460.726	91.7615	513.121	0	180	-34.2548
460.766	91.7844	512.997	0	180	-34.2682
460.807	91.8074	512.874	0	180	-34.2815
460.848	91.8304	512.75	0	180	-34.2949
460.889	91.8534	512.626	0	180	-34.3082
460.93	91.8763	512.503	0	180	-34.3216
460.971	91.8993	512.379	0	180	-34.335
461.011	91.9223	512.255	0	180	-34.3483
461.052	91.9453	512.132	0	180	-34.3617
461.093	91.9682	512.008	0	180	-34.3751
461.134	91.9912	511.884	0	180	-34.3884
461.175	92.0142	511.761	0	180	-34.4018
461.215	92.0371	511.637	0	180	-34.4151
461.256	92.0601	511.513	0	180	-34.4285
461.297	92.0831	511.39	0	180	-34.4419
461.338	92.1061	511.266	0	180	-34.4552
461.379	92.129	511.142	0	180	-34.4686
461.42	92.152	511.019	0	180	-34.482
461.46	92.175	510.895	0	180	-34.4953
461.501	92.1979	510.771	0	180	-34.5087
461.542	92.2209	510.648	0	180	-34.5221
461.583	92.2439	510.524	0	180	-34.5354
461.624	92.2669	510.401	0	180	-34.5488
461.664	92.2898	510.277	0	180	-34.5621
461.705	92.3128	510.153	0	180	-34.5755
461.746	92.3358	510.03	0	180	-34.5889
461.787	92.3588	509.906	0	180	-34.6022
461.828	92.3817	509.782	0	180	-34.6156
461.869	92.4047	509.659	0	180	-34.629
461.909	92.4277	509.535	0	180	-34.6423
461.95	92.4506	509.411	0	180	-34.6557
461.991	92.4736	509.288	0	180	-34.669
462.032	92.4966	509.164	0	180	-34.6824
462.073	92.5196	509.04	0	180	-34.6958
462.113	92.5425	508.917	0	180	-34.7091
462.154	92.5655	508.793	0	180	-34.7225
462.195	92.5885	508.669	0	180	-34.7359
462.236	92.6114	508.546	0	180	-34.7492
462.277	92.6344	508.422	0	180	-34.7626
462.318	92.6574	508.298	0	180	-34.7759
462.358	92.6804	508.175	0	180	-34.7893
462.399	92.7033	508.051	0	180	-34.8027
462.44	92.7263	507.927	0	180	-34.816
462.481	92.7493	507.804	0	180	-34.8294
462.522	92.7723	507.68	0	180	-34.8428
462.562	92.7952	507.557	0	180	-34.8561
462.603	92.8182	507.433	0	180	-34.8695
462.644	92.8412	507.309	0	180	-34.8828
462.685	92.8641	507.186	0	180	-34.8962
462.726	92.8871	507.062	0	180	-34.9096
462.767	92.9101	506.938	0	180	-34.9229
462.807	92.9331	506.815	0	180	-34.9363
462.848	92.956	506.691	0	180	-34.9497
462.889	92.979	506.567	0	180	-34.963
462.93	93.002	506.444	0	180	-34.9764
462.971	93.0249	506.32	0	180	-34.9898
463.011	93.0479	506.196	0	180	-35.0031
463.052	93.0709	506.073	0	180	-35.0165
463.093	93.0939	505.949	0	180	-35.0298
463.134	93.1168	505.825	0	180	-35.0432
463.175	93.1398	505.702	0	180	-35.0566
463.216	93.1628	505.578	0	180	-35.0699
463.256	93.1857	505.454	0	180	-35.0833
463.297	93.2087	505.331	0	180	-35.0967
463.338	93.2317	505.207	0	180	-35.11
463.379	93.2547	505.083	0	180	-35.1234
463.42	93.2776	504.96	0	180	-35.1367
463.46	93.3006	504.836	0	180	-35.1501
463.501	93.3236	504.713	0	180	-35.1635
463.542	93.3466	504.589	0	180	-35.1768
463.583	93.3695	504.465	0	180	-35.1902
463.624	93.3925	504.342	0	180	-35.2036
463.665	93.4155	504.218	0	180	-35.2169
463.705	93.4384	504.094	0	180	-35.2303
463.746	93.4614	503.971	0	180	-35.2436
463.787	93.4844	503.847	0	180	-35.257
463.828	93.5074	503.723	0	180	-35.2704
463.869	93.5303	503.6	0	180	-35.2837
463.909	93.5533	503.476	0	180	-35.2971
463.95	93.5763	503.352	0	180	-35.3105
463.991	93.5992	503.229	0	180	-35.3238
464.032	93.6222	503.105	0	180	-35.3372
464.073	93.6452	502.981	0	180	-35.3505
464.114	93.6682	502.858	0	180	-35.3639
464.154	93.6911	502.734	0	180	-35.3773
464.195	93.7141	502.61	0	180	-35.3906
464.236	93.7371	502.487	0	180	-35.404
464.277	93.7601	502.363	0	180	-35.4174
464.318	93.783	502.239	0	180	-35.4307
464.358	93.806	502.116	0	180	-35.4441
464.399	93.829	501.992	0	180	-35.4575
464.44	93.8519	501.869	0	180	-35.4708
464.481	93.8749	501.745	0	180	-35.4842
464.522	93.8979	501.621	0	180	-35.4975
464.563	93.9209	501.498	0	180	-35.5109
464.603	93.9438	501.374	0	180	-35.5243
464.644	93.9668	501.25	0	180	-35.5376
464.685	93.9898	501.127	0	180	-35.551
464.726	94.0127	501.003	0	180	-35.5644
464.767	94.0357	500.879	0	180	-35.5777
464.807	94.0587	500.756	0	180	-35.5911
464.848	94.0817	500.632	0	180	-35.6044
464.889	94.1046	500.508	0	180	-35.6178
464.93	94.1276	500.385	0	180	-35.6312
464.971	94.1506	500.261	0	180	-35.6445
465.012	94.1735	500.137	0	180	-35.6579
465.052	94.1965	500.014	0	180	-35.6713
465.093	94.2195	499.89	0	180	-35.6846
465.134	94.2425	499.766	0	180	-35.698
465.175	94.2654	499.643	0	180	-35.7113
465.216	94.2884	499.519	0	180	-35.7247
465.256	94.3114	499.396	0	180	-35.7381
465.297	94.3344	499.272	0	180	-35.7514
465.338	94.3573	499.148	0	180	-35.7648
465.379	94.3803	499.025	0	180	-35.7782
465.42	94.4033	498.901	0	180	-35.7915
465.461	94.4262	498.777	0	180	-35.8049
465.501	94.4492	498.654	0	180	-35.8182
465.542	94.4722	498.53	0	180	-35.8316
465.583	94.4952	498.406	0	180	-35.845
465.624	94.5181	498.283	0	180	-35.8583
465.665	94.5411	498.159	0	180	-35.8717
465.705	94.5641	498.035	0	180	-35.8851
465.746	94.587	497.912	0	180	-35.8984
465.787	94.61	497.788	0	180	-35.9118
465.828	94.633	497.664	0	180	-35.9252
465.869	94.656	497.541	0	180	-35.9385
465.91	94.6789	497.417	0	180	-35.9519
465.95	94.7019	497.293	0	180	-35.9652
465.991	94.7249	497.17	0	180	-35.9786
466.032	94.7479	497.046	0	180	-35.992
466.073	94.7708	496.922	0	180	-36.0053
466.114	94.7938	496.799	0	180	-36.0187
466.154	94.8168	496.675	0	180	-36.0321
466.195	94.8397	496.552	0	180	-36.0454
466.236	94.8627	496.428	0	180	-36.0588
466.277	94.8857	496.304	0	180	-36.0721
466.318	94.9087	496.181	0	180	-36.0855
466.359	94.9316	496.057	0	180	-36.0989
466.399	94.9546	495.933	0	180	-36.1122
466.44	94.9776	495.81	0	180	-36.1256
466.481	95.0005	495.686	0	180	-36.139
466.522	95.0235	495.562	0	180	-36.1523
466.563	95.0465	495.439	0	180	-36.1657
466.603	95.0695	495.315	0	180	-36.179
466.644	95.0924	495.191	0	180	-36.1924
466.685	95.1154	495.068	0	180	-36.2058
466.726	95.1384	494.944	0	180	-36.2191
466.767	95.1613	494.82	0	180	-36.2325
466.808	95.1843	494.697	0	180	-36.2459
466.848	95.2073	494.573	0	180	-36.2592
466.889	95.2303	494.449	0	180	-36.2726
466.93	95.2532	494.326	0	180	-36.2859
466.971	95.2762	494.202	0	180	-36.2993
467.012	95.2992	494.078	0	180	-36.3127
467.052	95.3222	493.955	0	180	-36.326
467.093	95.3451	493.831	0	180	-36.3394
467.134	95.3681	493.708	0	180	-36.3528
467.175	95.3911	493.584	0	180	-36.3661
467.216	95.414	493.46	0	180	-36.3795
467.257	95.437	493.337	0	180	-36.3928
467.297	95.46	493.213	0	180	-36.4062
467.338	95.483	493.089	0	180	-36.4196
467.379	95.5059	492.966	0	180	-36.4329
467.42	95.5289	492.842	0	180	-36.4463
467.461	95.5519	492.718	0	180	-36.4597
467.501	95.5748	492.595	0	180	-36.473
467.542	95.5978	492.471	0	180	-36.4864
467.583	95.6208	492.347	0	180	-36.4998
467.624	95.6438	492.224	0	180	-36.5131
467.665	95.6667	492.1	0	180	-36.5265
467.706	95.6897	491.976	0	180	-36.5398
467.746	95.7127	491.853	0	180	-36.5532
467.787	95.7357	491.729	0	180	-36.5666
467.828	95.7586	491.605	0	180	-36.5799
467.869	95.7816	491.482	0	180	-36.5933
467.91	95.8046	491.358	0	180	-36.6067
467.95	95.8275	491.234	0	180	-36.62
467.991	95.8505	491.111	0	180	-36.6334
468.032	95.8735	490.987	0	180	-36.6467
468.073	95.8965	490.864	0	180	-36.6601
468.114	95.9194	490.74	0	180	-36.6735
468.155	95.9424	490.616	0	180	-36.6868
468.195	95.9654	490.493	0	180	-36.7002
468.236	95.9883	490.369	0	180	-36.7136
468.277	96.0113	490.245	0	180	-36.7269
468.318	96.0343	490.122	0	180	-36.7403
468.359	96.0573	489.998	0	180	-36.7536
468.399	96.0802	489.874	0	180	-36.767
468.44	96.1032	489.751	0	180	-36.7804
468.481	96.1262	489.627	0	180	-36.7937
468.522	96.1491	489.503	0	180	-36.8071
468.563	96.1721	489.38	0	180	-36.8205
468.604	96.1951	489.256	0	180	-36.8338
468.644	96.2181	489.132	0	180	-36.8472
468.685	96.241	489.009	0	180	-36.8605
468.726	96.264	488.885	0	180	-36.8739
468.767	96.287	488.761	0	180	-36.8873
468.808	96.31	488.638	0	180	-36.9006
468.848	96.3329	488.514	0	180	-36.914
468.889	96.3559	488.39	0	180	-36.9274
468.93	96.3789	488.267	0	180	-36.9407
468.971	96.4018	488.143	0	180	-36.9541
469.012	96.4248	488.02	0	180	-36.9675
469.052	96.4478	487.896	0	180	-36.9808
469.093	96.4708	487.772	0	180	-36.9942
469.134	96.4937	487.649	0	180	-37.0075
469.175	96.5167	487.525	0	180	-37.0209
469.216	96.5397	487.401	0	180	-37.0343
469.257	96.5626	487.278	0	180	-37.0476
469.297	96.5856	487.154	0	180	-37.061
469.338	96.6086	487.03	0	180	-37.0744
469.379	96.6316	486.907	0	180	-37.0877
469.42	96.6545	486.783	0	180	-37.1011
469.461	96.6775	486.659	0	180	-37.1144
469.501	96.7005	486.536	0	180	-37.1278
469.542	96.7235	486.412	0	180	-37.1412
469.583	96.7464	486.288	0	180	-37.1545
469.624	96.7694	486.165	0	180	-37.1679
469.665	96.7924	486.041	0	180	-37.1813
469.706	96.8153	485.917	0	180	-37.1946
469.746	96.8383	485.794	0	180	-37.208
469.787	96.8613	485.67	0	180	-37.2213
469.828	96.8843	485.546	0	180	-37.2347
469.869	96.9072	485.423	0	180	-37.2481
469.91	96.9302	485.299	0	180	-37.2614
469.95	96.9532	485.176	0	180	-37.2748
469.991	96.9761	485.052	0	180	-37.2882
470.032	96.9991	484.928	0	180	-37.3015
470.073	97.0221	484.805	0	180	-37.3149
470.114	97.0451	484.681	0	180	-37.3282
470.155	97.068	484.557	0	180	-37.3416
470.195	97.091	484.434	0	180	-37.355
470.236	97.114	484.31	0	180	-37.3683
470.277	97.137	484.186	0	180	-37.3817
470.318	97.1599	484.063	0	180	-37.3951
470.359	97.1829	483.939	0	180	-37.4084
470.399	97.2059	483.815	0	180	-37.4218
470.44	97.2288	483.692	0	180	-37.4352
470.481	97.2518	483.568	0	180	-37.4485
470.522	97.2748	483.444	0	180	-37.4619
470.563	97.2978	483.321	0	180	-37.4752
470.604	97.3207	483.197	0	180	-37.4886
470.644	97.3437	483.073	0	180	-37.502
470.685	97.3667	482.95	0	180	-37.5153
470.726	97.3896	482.826	0	180	-37.5287
470.767	97.4126	482.702	0	180	-37.5421
470.808	97.4356	482.579	0	180	-37.5554
470.848	97.4586	482.456	0	180	-37.5688
470.889	97.4815	482.335	0	180	-37.5821
470.93	97.5045	482.214	0	180	-37.5955
470.971	97.5275	482.095	0	180	-37.6089
471.012	97.5504	481.976	0	180	-37.6222
471.053	97.5734	481.858	0	180	-37.6356
471.093	97.5964	481.742	0	180	-37.649
471.134	97.6194	481.626	0	180	-37.6623
471.175	97.6423	481.511	0	180	-37.6757
471.216	97.6653	481.398	0	180	-37.689
471.257	97.6883	481.285	0	180	-37.7024
471.297	97.7113	481.174	0	180	-37.7158
471.338	97.7342	481.063	0	180	-37.7291
471.379	97.7572	480.953	0	180	-37.7425
471.42	97.7802	480.845	0	180	-37.7559
471.461	97.8031	480.737	0	180	-37.7692
471.502	97.8261	480.63	0	180	-37.7826
471.542	97.8491	480.525	0	180	-37.7959
471.583	97.8721	480.42	0	180	-37.8093
471.624	97.895	480.317	0	180	-37.8227
471.665	97.918	480.214	0	180	-37.836
471.706	97.941	480.112	0	180	-37.8494
471.746	97.9639	480.012	0	180	-37.8628
471.787	97.9869	479.912	0	180	-37.8761
471.828	98.0099	479.814	0	180	-37.8895
471.869	98.0329	479.716	0	180	-37.9029
471.91	98.0558	479.619	0	180	-37.9162
471.951	98.0788	479.524	0	180	-37.9296
471.991	98.1018	479.429	0	180	-37.9429
472.032	98.1248	479.335	0	180	-37.9563
472.073	98.1477	479.243	0	180	-37.9697
472.114	98.1707	479.151	0	180	-37.983
472.155	98.1937	479.061	0	180	-37.9964
472.195	98.2166	478.971	0	180	-38.0098
472.236	98.2396	478.882	0	180	-38.0231
472.277	98.2626	478.795	0	180	-38.0365
472.318	98.2856	478.708	0	180	-38.0498
472.359	98.3085	478.623	0	180	-38.0632
472.4	98.3315	478.538	0	180	-38.0766
472.44	98.3545	478.454	0	180	-38.0899
472.481	98.3774	478.372	0	180	-38.1033
472.522	98.4004	478.29	0	180	-38.1167
472.563	98.4234	478.209	0	180	-38.13
472.604	98.4464	478.13	0	180	-38.1434
472.644	98.4693	478.051	0	180	-38.1567
472.685	98.4923	477.974	0	180	-38.1701
472.726	98.5153	477.897	0	180	-38.1835
472.767	98.5382	477.821	0	180	-38.1968
472.808	98.5612	477.747	0	180	-38.2102
472.849	98.5842	477.673	0	180	-38.2236
472.889	98.6072	477.6	0	180	-38.2369
472.93	98.6301	477.529	0	180	-38.2503
472.971	98.6531	477.458	0	180	-38.2636
473.012	98.6761	477.389	0	180	-38.277
473.053	98.6991	477.32	0	180	-38.2904
473.093	98.722	477.252	0	180	-38.3037
473.134	98.745	477.186	0	180	-38.3171
473.175	98.768	477.12	0	180	-38.3305
473.216	98.7909	477.056	0	180	-38.3438
473.257	98.8139	476.992	0	180	-38.3572
473.298	98.8369	476.929	0	180	-38.3706
473.338	98.8599	476.868	0	180	-38.3839
473.379	98.8828	476.807	0	180	-38.3973
473.42	98.9058	476.747	0	180	-38.4106
473.461	98.9288	476.689	0	180	-38.424
473.502	98.9517	476.631	0	180	-38.4374
473.542	98.9747	476.575	0	180	-38.4507
473.583	98.9977	476.519	0	180	-38.4641
473.624	99.0207	476.464	0	180	-38.4775
473.665	99.0436	476.411	0	180	-38.4908
473.706	99.0666	476.358	0	180	-38.5042
473.747	99.0896	476.307	0	180	-38.5175
473.787	99.1126	476.256	0	180	-38.5309
473.828	99.1355	476.206	0	180	-38.5443
473.869	99.1585	476.158	0	180	-38.5576
473.91	99.1815	476.11	0	180	-38.571
473.951	99.2044	476.063	0	180	-38.5844
473.991	99.2274	476.018	0	180	-38.5977
474.032	99.2504	475.973	0	180	-38.6111
474.073	99.2734	475.93	0	180	-38.6244
474.114	99.2963	475.887	0	180	-38.6378
474.155	99.3193	475.845	0	180	-38.6512
474.195	99.3423	475.805	0	180	-38.6645
474.235	99.3652	475.765	0	180	-38.6779
474.274	99.3882	475.726	0	180	-38.6913
474.311	99.4112	475.689	0	180	-38.7046
474.348	99.4342	475.652	0	180	-38.718
474.383	99.4571	475.617	0	180	-38.7313
474.418	99.4801	475.582	0	180	-38.7447
474.452	99.5031	475.548	0	180	-38.7581
474.484	99.526	475.516	0	180	-38.7714
474.516	99.549	475.484	0	180	-38.7848
474.546	99.572	475.454	0	180	-38.7982
474.576	99.595	475.424	0	180	-38.8115
474.605	99.6179	475.395	0	180	-38.8249
474.632	99.6409	475.368	0	180	-38.8383
474.659	99.6639	475.341	0	180	-38.8516
474.685	99.6869	475.315	0	180	-38.865
474.709	99.7098	475.291	0	180	-38.8783
474.733	99.7328	475.267	0	180	-38.8917
474.755	99.7554	475.245	0	180	-38.9051
474.777	99.777	475.223	0	180	-38.9184
474.798	99.7976	475.202	0	180	-38.9318
474.817	99.8173	475.183	0	180	-38.9452
474.836	99.8359	475.164	0	180	-38.9585
474.853	99.8535	475.147	0	180	-38.9719
474.87	99.8701	475.13	0	180	-38.9852
474.886	99.8857	475.114	0	180	-38.9986
474.9	99.9003	475.1	0	180	-39.012
474.914	99.914	475.086	0	180	-39.0253
474.927	99.9266	475.073	0	180	-39.0379
474.938	99.9382	475.062	0	180	-39.0495
474.949	99.9488	475.051	0	180	-39.0602
474.958	99.9584	475.042	0	180	-39.0698
474.967	99.9671	475.033	0	180	-39.0784
474.975	99.9747	475.025	0	180	-39.086
474.981	99.9813	475.019	0	180	-39.0926
474.987	99.9869	475.013	0	180	-39.0982
474.992	99.9915	475.008	0	180	-39.1029
474.995	99.9951	475.005	0	180	-39.1065
474.998	99.9978	475.002	0	180	-39.1091
474.999	99.9994	475.001	0	180	-39.1107
475	100	475	0	180	-39.1113
