8.73735 20.9608 124.621 -8.2519e-07 34.4181 -10.2279
8.73752 20.9608 124.621 -8.252e-07 34.4184 -10.2294
8.73781 20.9607 124.62 -8.25216e-07 34.4189 -10.2319
8.73821 20.9606 124.62 -8.25239e-07 34.4196 -10.2354
8.73873 20.9605 124.619 -8.25268e-07 34.4206 -10.2399
8.73937 20.9603 124.618 -8.25303e-07 34.4217 -10.2454
8.74012 20.9601 124.617 -8.25345e-07 34.423 -10.2519
8.74098 20.9599 124.615 -8.25393e-07 34.4246 -10.2594
8.74196 20.9597 124.614 -8.25448e-07 34.4264 -10.2679
8.74306 20.9594 124.612 -8.25509e-07 34.4283 -10.2774
8.74427 20.9591 124.61 -8.25577e-07 34.4305 -10.2879
8.7456 20.9588 124.608 -8.25651e-07 34.4329 -10.2994
8.74704 20.9585 124.606 -8.25732e-07 34.4355 -10.3119
8.74859 20.9581 124.604 -8.25819e-07 34.4383 -10.3254
8.75027 20.9577 124.601 -8.25912e-07 34.4413 -10.3399
8.75205 20.9573 124.598 -8.26012e-07 34.4445 -10.3554
8.75396 20.9568 124.595 -8.26118e-07 34.448 -10.3719
8.75597 20.9563 124.592 -8.26231e-07 34.4516 -10.3894
8.75811 20.9558 124.589 -8.2635e-07 34.4554 -10.4079
8.76035 20.9553 124.585 -8.26475e-07 34.4595 -10.427
8.76272 20.9547 124.582 -8.26607e-07 34.4637 -10.446
8.76519 20.9541 124.578 -8.26744e-07 34.4682 -10.465
8.76767 20.9535 124.574 -8.26878e-07 34.4728 -10.4841
8.77012 20.9528 124.57 -8.27006e-07 34.4777 -10.5031
8.77256 20.9521 124.565 -8.27127e-07 34.4828 -10.5222
8.77497 20.9513 124.561 -8.27242e-07 34.488 -10.5412
8.77736 20.9505 124.556 -8.27351e-07 34.4935 -10.5603
8.77973 20.9497 124.551 -8.27454e-07 34.4991 -10.5793
8.78208 20.9488 124.546 -8.27551e-07 34.505 -10.5983
8.78441 20.9479 124.541 -8.27642e-07 34.511 -10.6174
8.78672 20.9469 124.536 -8.27726e-07 34.5173 -10.6364
8.78901 20.946 124.53 -8.27804e-07 34.5237 -10.6555
8.79127 20.9449 124.525 -8.27876e-07 34.5304 -10.6745
8.79351 20.9438 124.519 -8.27942e-07 34.5372 -10.6936
8.79573 20.9427 124.513 -8.28001e-07 34.5443 -10.7126
8.79793 20.9416 124.507 -8.28055e-07 34.5515 -10.7317
8.80011 20.9404 124.501 -8.28102e-07 34.559 -10.7507
8.80227 20.9391 124.494 -8.28143e-07 34.5666 -10.7697
8.80441 20.9378 124.488 -8.28179e-07 34.5744 -10.7888
8.80655 20.9364 124.481 -8.28212e-07 34.5824 -10.8078
8.8087 20.9349 124.475 -8.28242e-07 34.5905 -10.8269
8.81084 20.9332 124.468 -8.28269e-07 34.5987 -10.8459
8.81298 20.9314 124.462 -8.28293e-07 34.6071 -10.865
8.81512 20.9294 124.455 -8.28314e-07 34.6157 -10.884
8.81726 20.9274 124.448 -8.28332e-07 34.6243 -10.903
8.8194 20.9252 124.442 -8.28346e-07 34.6332 -10.9221
8.82154 20.9229 124.435 -8.28358e-07 34.6421 -10.9411
8.82368 20.9204 124.428 -8.28367e-07 34.6512 -10.9602
8.82582 20.9179 124.422 -8.28373e-07 34.6605 -10.9792
8.82796 20.9152 124.415 -8.28375e-07 34.6699 -10.9983
8.8301 20.9124 124.408 -8.28375e-07 34.6794 -11.0173
8.83224 20.9094 124.401 -8.28372e-07 34.6891 -11.0364
8.83437 20.9064 124.395 -8.28365e-07 34.6989 -11.0554
8.83651 20.9032 124.388 -8.28356e-07 34.7089 -11.0744
8.83865 20.8999 124.381 -8.28344e-07 34.719 -11.0935
8.84078 20.8965 124.374 -8.28328e-07 34.7293 -11.1125
8.84292 20.8929 124.367 -8.2831e-07 34.7397 -11.1316
8.84506 20.8892 124.361 -8.28289e-07 34.7502 -11.1506
8.84719 20.8854 124.354 -8.28264e-07 34.7609 -11.1697
8.84932 20.8815 124.347 -8.28237e-07 34.7717 -11.1887
8.85146 20.8774 124.34 -8.28207e-07 34.7827 -11.2077
8.85359 20.8732 124.333 -8.28174e-07 34.7938 -11.2268
8.85573 20.8689 124.326 -8.28138e-07 34.805 -11.2458
8.85786 20.8645 124.319 -8.28098e-07 34.8164 -11.2649
8.85999 20.8599 124.312 -8.28056e-07 34.828 -11.2839
8.86212 20.8553 124.305 -8.28011e-07 34.8397 -11.303
8.86425 20.8505 124.298 -8.27963e-07 34.8515 -11.322
8.86639 20.8455 124.291 -8.27912e-07 34.8635 -11.341
8.86852 20.8405 124.284 -8.27859e-07 34.8756 -11.3601
8.87065 20.8353 124.277 -8.27802e-07 34.8878 -11.3791
8.87278 20.83 124.27 -8.27742e-07 34.9002 -11.3982
8.87491 20.8247 124.263 -8.27681e-07 34.9127 -11.4172
8.87704 20.8193 124.256 -8.2762e-07 34.9252 -11.4363
8.87916 20.8139 124.248 -8.27558e-07 34.9377 -11.4553
8.88129 20.8086 124.241 -8.27497e-07 34.9502 -11.4744
8.88342 20.8032 124.234 -8.27436e-07 34.9626 -11.4934
8.88555 20.7979 124.227 -8.27375e-07 34.9751 -11.5124
8.88767 20.7925 124.22 -8.27314e-07 34.9876 -11.5315
8.8898 20.7872 124.213 -8.27253e-07 35 -11.5505
8.89193 20.7818 124.206 -8.27192e-07 35.0125 -11.5696
8.89405 20.7765 124.199 -8.27132e-07 35.025 -11.5886
8.89618 20.7712 124.191 -8.27071e-07 35.0375 -11.6077
8.8983 20.7658 124.184 -8.2701e-07 35.0499 -11.6267
8.90043 20.7605 124.177 -8.2695e-07 35.0624 -11.6457
8.90255 20.7552 124.17 -8.26889e-07 35.0749 -11.6648
8.90468 20.7499 124.163 -8.26829e-07 35.0873 -11.6838
8.9068 20.7445 124.156 -8.26768e-07 35.0998 -11.7029
8.90892 20.7392 124.149 -8.26708e-07 35.1122 -11.7219
8.91104 20.7339 124.141 -8.26648e-07 35.1247 -11.741
8.91317 20.7286 124.134 -8.26587e-07 35.1372 -11.76
8.91529 20.7233 124.127 -8.26527e-07 35.1496 -11.7791
8.91741 20.718 124.12 -8.26467e-07 35.1621 -11.7981
8.91953 20.7127 124.113 -8.26407e-07 35.1745 -11.8171
8.92165 20.7074 124.106 -8.26347e-07 35.187 -11.8362
8.92377 20.7021 124.098 -8.26287e-07 35.1994 -11.8552
8.92589 20.6968 124.091 -8.26227e-07 35.2119 -11.8743
8.92801 20.6915 124.084 -8.26168e-07 35.2243 -11.8933
8.93013 20.6862 124.077 -8.26108e-07 35.2368 -11.9124
8.93225 20.6809 124.07 -8.26048e-07 35.2492 -11.9314
8.93436 20.6756 124.063 -8.25989e-07 35.2617 -11.9504
8.93648 20.6704 124.056 -8.25929e-07 35.2741 -11.9695
8.9386 20.6651 124.048 -8.25869e-07 35.2866 -11.9885
8.94071 20.6598 124.041 -8.2581e-07 35.299 -12.0076
8.94283 20.6545 124.034 -8.25751e-07 35.3114 -12.0266
8.94495 20.6493 124.027 -8.25691e-07 35.3239 -12.0457
8.94706 20.644 124.02 -8.25632e-07 35.3363 -12.0647
8.94918 20.6388 124.012 -8.25573e-07 35.3488 -12.0838
8.95129 20.6335 124.005 -8.25514e-07 35.3612 -12.1028
8.95341 20.6282 123.998 -8.25455e-07 35.3736 -12.1218
8.95552 20.623 123.991 -8.25396e-07 35.3861 -12.1409
8.95763 20.6177 123.984 -8.25337e-07 35.3985 -12.1599
8.95975 20.6125 123.977 -8.25278e-07 35.4109 -12.179
8.96186 20.6073 123.969 -8.25219e-07 35.4234 -12.198
8.96397 20.602 123.962 -8.2516e-07 35.4358 -12.2171
8.96608 20.5968 123.955 -8.25102e-07 35.4482 -12.2361
8.96819 20.5915 123.948 -8.25043e-07 35.4607 -12.2551
8.9703 20.5863 123.941 -8.24984e-07 35.4731 -12.2742
8.97241 20.5811 123.933 -8.24926e-07 35.4855 -12.2932
8.97452 20.5759 123.926 -8.24868e-07 35.4979 -12.3123
8.97663 20.5706 123.919 -8.24809e-07 35.5103 -12.3313
8.97874 20.5654 123.912 -8.24751e-07 35.5228 -12.3504
8.98085 20.5602 123.905 -8.24693e-07 35.5352 -12.3694
8.98296 20.555 123.897 -8.24634e-07 35.5476 -12.3885
8.98507 20.5498 123.89 -8.24576e-07 35.56 -12.4075
8.98718 20.5446 123.883 -8.24518e-07 35.5724 -12.4265
8.98928 20.5394 123.876 -8.2446e-07 35.5849 -12.4456
8.99139 20.5342 123.869 -8.24402e-07 35.5973 -12.4646
8.9935 20.529 123.861 -8.24344e-07 35.6097 -12.4837
8.9956 20.5238 123.854 -8.24286e-07 35.6221 -12.5027
8.99771 20.5186 123.847 -8.24228e-07 35.6345 -12.5218
8.99981 20.5134 123.84 -8.24171e-07 35.6469 -12.5408
9.00192 20.5082 123.832 -8.24113e-07 35.6593 -12.5598
9.00402 20.503 123.825 -8.24055e-07 35.6717 -12.5789
9.00612 20.4978 123.818 -8.23998e-07 35.6841 -12.5979
9.00823 20.4927 123.811 -8.2394e-07 35.6965 -12.617
9.01033 20.4875 123.804 -8.23883e-07 35.7089 -12.636
9.01243 20.4823 123.796 -8.23825e-07 35.7213 -12.6551
9.01454 20.4771 123.789 -8.23768e-07 35.7337 -12.6741
9.01664 20.472 123.782 -8.23711e-07 35.7461 -12.6932
9.01874 20.4668 123.775 -8.23654e-07 35.7585 -12.7122
9.02084 20.4617 123.767 -8.23597e-07 35.7709 -12.7312
9.02294 20.4565 123.76 -8.23539e-07 35.7833 -12.7503
9.02504 20.4514 123.753 -8.23482e-07 35.7957 -12.7693
9.02714 20.4462 123.746 -8.23425e-07 35.8081 -12.7884
9.02924 20.4411 123.738 -8.23368e-07 35.8205 -12.8074
9.03134 20.4359 123.731 -8.23312e-07 35.8329 -12.8265
9.03344 20.4308 123.724 -8.23255e-07 35.8453 -12.8455
9.03553 20.4256 123.717 -8.23198e-07 35.8577 -12.8645
9.03763 20.4205 123.709 -8.23141e-07 35.8701 -12.8836
9.03973 20.4154 123.702 -8.23085e-07 35.8825 -12.9026
9.04183 20.4102 123.695 -8.23028e-07 35.8948 -12.9217
9.04392 20.4051 123.688 -8.22972e-07 35.9072 -12.9407
9.04602 20.4 123.68 -8.22915e-07 35.9196 -12.9598
9.04811 20.3949 123.673 -8.22859e-07 35.932 -12.9788
9.05021 20.3897 123.666 -8.22803e-07 35.9444 -12.9979
9.0523 20.3846 123.659 -8.22746e-07 35.9567 -13.0169
9.0544 20.3795 123.651 -8.2269e-07 35.9691 -13.0359
9.05649 20.3744 123.644 -8.22634e-07 35.9815 -13.055
9.05859 20.3693 123.637 -8.22578e-07 35.9939 -13.074
9.06068 20.3642 123.63 -8.22522e-07 36.0062 -13.0931
9.06277 20.3591 123.622 -8.22466e-07 36.0186 -13.1121
9.06486 20.354 123.615 -8.2241e-07 36.031 -13.1312
9.06696 20.3489 123.608 -8.22354e-07 36.0434 -13.1502
9.06905 20.3438 123.6 -8.22298e-07 36.0557 -13.1692
9.07114 20.3387 123.593 -8.22242e-07 36.0681 -13.1883
9.07323 20.3336 123.586 -8.22187e-07 36.0805 -13.2073
9.07532 20.3286 123.579 -8.22131e-07 36.0928 -13.2264
9.07741 20.3235 123.571 -8.22075e-07 36.1052 -13.2454
9.0795 20.3184 123.564 -8.2202e-07 36.1176 -13.2645
9.08159 20.3133 123.557 -8.21964e-07 36.1299 -13.2835
9.08368 20.3083 123.549 -8.21909e-07 36.1423 -13.3026
9.08577 20.3032 123.542 -8.21854e-07 36.1546 -13.3216
9.08785 20.2981 123.535 -8.21798e-07 36.167 -13.3406
9.08994 20.2931 123.528 -8.21743e-07 36.1794 -13.3597
9.09203 20.288 123.52 -8.21688e-07 36.1917 -13.3787
9.09411 20.2829 123.513 -8.21633e-07 36.2041 -13.3978
9.0962 20.2779 123.506 -8.21578e-07 36.2164 -13.4168
9.09829 20.2728 123.498 -8.21523e-07 36.2288 -13.4359
9.10037 20.2678 123.491 -8.21468e-07 36.2411 -13.4549
9.10246 20.2627 123.484 -8.21413e-07 36.2535 -13.4739
9.10454 20.2577 123.476 -8.21358e-07 36.2658 -13.493
9.10663 20.2527 123.469 -8.21303e-07 36.2782 -13.512
9.10871 20.2476 123.462 -8.21248e-07 36.2905 -13.5311
9.11079 20.2426 123.455 -8.21194e-07 36.3029 -13.5501
9.11288 20.2376 123.447 -8.21139e-07 36.3152 -13.5692
9.11496 20.2325 123.44 -8.21084e-07 36.3276 -13.5882
9.11704 20.2275 123.433 -8.2103e-07 36.3399 -13.6073
9.11912 20.2225 123.425 -8.20975e-07 36.3522 -13.6263
9.1212 20.2175 123.418 -8.20921e-07 36.3646 -13.6453
9.12329 20.2125 123.411 -8.20867e-07 36.3769 -13.6644
9.12537 20.2075 123.403 -8.20812e-07 36.3892 -13.6834
9.12745 20.2024 123.396 -8.20758e-07 36.4016 -13.7025
9.12953 20.1974 123.389 -8.20704e-07 36.4139 -13.7215
9.1316 20.1924 123.381 -8.2065e-07 36.4263 -13.7406
9.13368 20.1874 123.374 -8.20596e-07 36.4386 -13.7596
9.13576 20.1824 123.367 -8.20542e-07 36.4509 -13.7786
9.13784 20.1774 123.359 -8.20488e-07 36.4632 -13.7977
9.13992 20.1725 123.352 -8.20434e-07 36.4756 -13.8167
9.142 20.1675 123.345 -8.2038e-07 36.4879 -13.8358
9.14407 20.1625 123.337 -8.20326e-07 36.5002 -13.8548
9.14615 20.1575 123.33 -8.20273e-07 36.5126 -13.8739
9.14823 20.1525 123.323 -8.20219e-07 36.5249 -13.8929
9.1503 20.1475 123.315 -8.20165e-07 36.5372 -13.912
9.15238 20.1426 123.308 -8.20112e-07 36.5495 -13.931
9.15445 20.1376 123.301 -8.20058e-07 36.5618 -13.95
9.15653 20.1326 123.293 -8.20005e-07 36.5742 -13.9691
9.1586 20.1277 123.286 -8.19951e-07 36.5865 -13.9881
9.16067 20.1227 123.279 -8.19898e-07 36.5988 -14.0072
9.16275 20.1177 123.271 -8.19845e-07 36.6111 -14.0262
9.16482 20.1128 123.264 -8.19792e-07 36.6234 -14.0453
9.16689 20.1078 123.256 -8.19738e-07 36.6357 -14.0643
9.16896 20.1029 123.249 -8.19685e-07 36.648 -14.0833
9.17104 20.0979 123.242 -8.19632e-07 36.6604 -14.1024
9.17311 20.093 123.234 -8.19579e-07 36.6727 -14.1214
9.17518 20.0881 123.227 -8.19526e-07 36.685 -14.1405
9.17725 20.0831 123.22 -8.19473e-07 36.6973 -14.1595
9.17932 20.0782 123.212 -8.1942e-07 36.7096 -14.1786
9.18139 20.0732 123.205 -8.19368e-07 36.7219 -14.1976
9.18346 20.0683 123.197 -8.19315e-07 36.7342 -14.2167
9.18553 20.0634 123.19 -8.19262e-07 36.7465 -14.2357
9.1876 20.0585 123.183 -8.1921e-07 36.7588 -14.2547
9.18966 20.0535 123.175 -8.19157e-07 36.7711 -14.2738
9.19173 20.0486 123.168 -8.19104e-07 36.7834 -14.2928
9.1938 20.0437 123.161 -8.19052e-07 36.7957 -14.3119
9.19586 20.0388 123.153 -8.19e-07 36.808 -14.3309
9.19793 20.0339 123.146 -8.18947e-07 36.8203 -14.35
9.2 20.029 123.138 -8.18895e-07 36.8326 -14.369
9.20206 20.0241 123.131 -8.18843e-07 36.8449 -14.388
9.20413 20.0192 123.124 -8.1879e-07 36.8572 -14.4071
9.20619 20.0143 123.116 -8.18738e-07 36.8695 -14.4261
9.20826 20.0094 123.109 -8.18686e-07 36.8817 -14.4452
9.21032 20.0045 123.101 -8.18634e-07 36.894 -14.4642
9.21239 19.9996 123.094 -8.18582e-07 36.9063 -14.4833
9.21445 19.9947 123.087 -8.1853e-07 36.9186 -14.5023
9.21651 19.9898 123.079 -8.18478e-07 36.9309 -14.5214
9.21857 19.985 123.072 -8.18426e-07 36.9432 -14.5404
9.22064 19.9801 123.064 -8.18375e-07 36.9555 -14.5594
9.2227 19.9752 123.057 -8.18323e-07 36.9677 -14.5785
9.22476 19.9703 123.05 -8.18271e-07 36.98 -14.5975
9.22682 19.9655 123.042 -8.1822e-07 36.9923 -14.6166
9.22888 19.9606 123.035 -8.18168e-07 37.0046 -14.6356
9.23094 19.9557 123.027 -8.18117e-07 37.0168 -14.6547
9.233 19.9509 123.02 -8.18065e-07 37.0291 -14.6737
9.23506 19.946 123.013 -8.18014e-07 37.0414 -14.6927
9.23712 19.9412 123.005 -8.17962e-07 37.0537 -14.7118
9.23918 19.9363 122.998 -8.17911e-07 37.0659 -14.7308
9.24123 19.9315 122.99 -8.1786e-07 37.0782 -14.7499
9.24329 19.9266 122.983 -8.17809e-07 37.0905 -14.7689
9.24535 19.9218 122.975 -8.17758e-07 37.1027 -14.788
9.24741 19.9169 122.968 -8.17706e-07 37.115 -14.807
9.24946 19.9121 122.961 -8.17655e-07 37.1273 -14.8261
9.25152 19.9073 122.953 -8.17604e-07 37.1395 -14.8451
9.25358 19.9024 122.946 -8.17554e-07 37.1518 -14.8641
9.25563 19.8976 122.938 -8.17503e-07 37.1641 -14.8832
9.25769 19.8928 122.931 -8.17452e-07 37.1763 -14.9022
9.25974 19.888 122.923 -8.17401e-07 37.1886 -14.9213
9.26179 19.8832 122.916 -8.1735e-07 37.2008 -14.9403
9.26385 19.8783 122.909 -8.173e-07 37.2131 -14.9594
9.2659 19.8735 122.901 -8.17249e-07 37.2254 -14.9784
9.26795 19.8687 122.894 -8.17199e-07 37.2376 -14.9974
9.27001 19.8639 122.886 -8.17148e-07 37.2499 -15.0165
9.27206 19.8591 122.879 -8.17098e-07 37.2621 -15.0355
9.27411 19.8543 122.871 -8.17047e-07 37.2744 -15.0546
9.27616 19.8495 122.864 -8.16997e-07 37.2866 -15.0736
9.27821 19.8447 122.856 -8.16947e-07 37.2989 -15.0927
9.28026 19.8399 122.849 -8.16896e-07 37.3111 -15.1117
9.28231 19.8351 122.842 -8.16846e-07 37.3234 -15.1308
9.28436 19.8303 122.834 -8.16796e-07 37.3356 -15.1498
9.28641 19.8256 122.827 -8.16746e-07 37.3478 -15.1688
9.28846 19.8208 122.819 -8.16696e-07 37.3601 -15.1879
9.29051 19.816 122.812 -8.16646e-07 37.3723 -15.2069
9.29256 19.8112 122.804 -8.16596e-07 37.3846 -15.226
9.29461 19.8065 122.797 -8.16546e-07 37.3968 -15.245
9.29665 19.8017 122.789 -8.16496e-07 37.409 -15.2641
9.2987 19.7969 122.782 -8.16446e-07 37.4213 -15.2831
9.30075 19.7922 122.774 -8.16397e-07 37.4335 -15.3021
9.30279 19.7874 122.767 -8.16347e-07 37.4458 -15.3212
9.30484 19.7826 122.759 -8.16297e-07 37.458 -15.3402
9.30688 19.7779 122.752 -8.16248e-07 37.4702 -15.3593
9.30893 19.7731 122.744 -8.16198e-07 37.4825 -15.3783
9.31097 19.7684 122.737 -8.16149e-07 37.4947 -15.3974
9.31302 19.7636 122.729 -8.16099e-07 37.5069 -15.4164
9.31506 19.7589 122.722 -8.1605e-07 37.5191 -15.4355
9.31711 19.7542 122.714 -8.16001e-07 37.5314 -15.4545
9.31915 19.7494 122.707 -8.15952e-07 37.5436 -15.4735
9.32119 19.7447 122.7 -8.15902e-07 37.5558 -15.4926
9.32323 19.74 122.692 -8.15853e-07 37.568 -15.5116
9.32527 19.7352 122.685 -8.15804e-07 37.5803 -15.5307
9.32732 19.7305 122.677 -8.15755e-07 37.5925 -15.5497
9.32936 19.7258 122.67 -8.15706e-07 37.6047 -15.5688
9.3314 19.7211 122.662 -8.15657e-07 37.6169 -15.5878
9.33344 19.7163 122.655 -8.15608e-07 37.6291 -15.6068
9.33548 19.7116 122.647 -8.15559e-07 37.6413 -15.6259
9.33752 19.7069 122.64 -8.1551e-07 37.6536 -15.6449
9.33956 19.7022 122.632 -8.15462e-07 37.6658 -15.664
9.3416 19.6975 122.625 -8.15413e-07 37.678 -15.683
9.34363 19.6928 122.617 -8.15364e-07 37.6902 -15.7021
9.34567 19.6881 122.609 -8.15316e-07 37.7024 -15.7211
9.34771 19.6834 122.602 -8.15267e-07 37.7146 -15.7402
9.34975 19.6787 122.594 -8.15219e-07 37.7268 -15.7592
9.35178 19.674 122.587 -8.1517e-07 37.739 -15.7782
9.35382 19.6693 122.579 -8.15122e-07 37.7512 -15.7973
9.35586 19.6646 122.572 -8.15074e-07 37.7634 -15.8163
9.35789 19.66 122.564 -8.15025e-07 37.7756 -15.8354
9.35993 19.6553 122.557 -8.14977e-07 37.7878 -15.8544
9.36196 19.6506 122.549 -8.14929e-07 37.8 -15.8735
9.364 19.6459 122.542 -8.14881e-07 37.8122 -15.8925
9.36603 19.6413 122.534 -8.14833e-07 37.8244 -15.9115
9.36806 19.6366 122.527 -8.14784e-07 37.8366 -15.9306
9.3701 19.6319 122.519 -8.14736e-07 37.8488 -15.9496
9.37213 19.6273 122.512 -8.14689e-07 37.861 -15.9687
9.37416 19.6226 122.504 -8.14641e-07 37.8732 -15.9877
9.37619 19.6179 122.497 -8.14593e-07 37.8854 -16.0068
9.37822 19.6133 122.489 -8.14545e-07 37.8976 -16.0258
9.38026 19.6086 122.482 -8.14497e-07 37.9098 -16.0449
9.38229 19.604 122.474 -8.1445e-07 37.922 -16.0639
9.38432 19.5994 122.466 -8.14402e-07 37.9342 -16.0829
9.38635 19.5947 122.459 -8.14354e-07 37.9464 -16.102
9.38838 19.5901 122.451 -8.14307e-07 37.9585 -16.121
9.39041 19.5854 122.444 -8.14259e-07 37.9707 -16.1401
9.39244 19.5808 122.436 -8.14212e-07 37.9829 -16.1591
9.39446 19.5762 122.429 -8.14164e-07 37.9951 -16.1782
9.39649 19.5715 122.421 -8.14117e-07 38.0073 -16.1972
9.39852 19.5669 122.414 -8.1407e-07 38.0194 -16.2162
9.40055 19.5623 122.406 -8.14022e-07 38.0316 -16.2353
9.40257 19.5577 122.399 -8.13975e-07 38.0438 -16.2543
9.4046 19.5531 122.391 -8.13928e-07 38.056 -16.2734
9.40663 19.5484 122.383 -8.13881e-07 38.0681 -16.2924
9.40865 19.5438 122.376 -8.13834e-07 38.0803 -16.3115
9.41068 19.5392 122.368 -8.13787e-07 38.0925 -16.3305
9.4127 19.5346 122.361 -8.1374e-07 38.1047 -16.3496
9.41473 19.53 122.353 -8.13693e-07 38.1168 -16.3686
9.41675 19.5254 122.346 -8.13646e-07 38.129 -16.3876
9.41878 19.5208 122.338 -8.13599e-07 38.1412 -16.4067
9.4208 19.5162 122.33 -8.13553e-07 38.1533 -16.4257
9.42282 19.5116 122.323 -8.13506e-07 38.1655 -16.4448
9.42484 19.5071 122.315 -8.13459e-07 38.1777 -16.4638
9.42687 19.5025 122.308 -8.13413e-07 38.1898 -16.4829
9.42889 19.4979 122.3 -8.13366e-07 38.202 -16.5019
9.43091 19.4933 122.293 -8.1332e-07 38.2141 -16.5209
9.43293 19.4887 122.285 -8.13273e-07 38.2263 -16.54
9.43495 19.4842 122.277 -8.13227e-07 38.2385 -16.559
9.43697 19.4796 122.27 -8.1318e-07 38.2506 -16.5781
9.43899 19.475 122.262 -8.13134e-07 38.2628 -16.5971
9.44101 19.4705 122.255 -8.13088e-07 38.2749 -16.6162
9.44303 19.4659 122.247 -8.13042e-07 38.2871 -16.6352
9.44505 19.4613 122.239 -8.12995e-07 38.2992 -16.6543
9.44707 19.4568 122.232 -8.12949e-07 38.3114 -16.6733
9.44909 19.4522 122.224 -8.12903e-07 38.3235 -16.6923
9.4511 19.4477 122.217 -8.12857e-07 38.3357 -16.7114
9.45312 19.4431 122.209 -8.12811e-07 38.3478 -16.7304
9.45514 19.4386 122.201 -8.12765e-07 38.36 -16.7495
9.45715 19.4341 122.194 -8.12719e-07 38.3721 -16.7685
9.45917 19.4295 122.186 -8.12673e-07 38.3843 -16.7876
9.46119 19.425 122.179 -8.12628e-07 38.3964 -16.8066
9.4632 19.4205 122.171 -8.12582e-07 38.4086 -16.8256
9.46522 19.4159 122.163 -8.12536e-07 38.4207 -16.8447
9.46723 19.4114 122.156 -8.12491e-07 38.4328 -16.8637
9.46925 19.4069 122.148 -8.12445e-07 38.445 -16.8828
9.47126 19.4023 122.141 -8.12399e-07 38.4571 -16.9018
9.47327 19.3978 122.133 -8.12354e-07 38.4692 -16.9209
9.47529 19.3933 122.125 -8.12308e-07 38.4814 -16.9399
9.4773 19.3888 122.118 -8.12263e-07 38.4935 -16.959
9.47931 19.3843 122.11 -8.12218e-07 38.5056 -16.978
9.48132 19.3798 122.102 -8.12172e-07 38.5178 -16.997
9.48333 19.3753 122.095 -8.12127e-07 38.5299 -17.0161
9.48535 19.3708 122.087 -8.12082e-07 38.542 -17.0351
9.48736 19.3663 122.08 -8.12037e-07 38.5542 -17.0542
9.48937 19.3618 122.072 -8.11992e-07 38.5663 -17.0732
9.49138 19.3573 122.064 -8.11946e-07 38.5784 -17.0923
9.49339 19.3528 122.057 -8.11901e-07 38.5905 -17.1113
9.49539 19.3483 122.049 -8.11856e-07 38.6027 -17.1303
9.4974 19.3438 122.041 -8.11812e-07 38.6148 -17.1494
9.49941 19.3394 122.034 -8.11767e-07 38.6269 -17.1684
9.50142 19.3349 122.026 -8.11722e-07 38.639 -17.1875
9.50343 19.3304 122.018 -8.11677e-07 38.6511 -17.2065
9.50543 19.3259 122.011 -8.11632e-07 38.6633 -17.2256
9.50744 19.3215 122.003 -8.11588e-07 38.6754 -17.2446
9.50945 19.317 121.996 -8.11543e-07 38.6875 -17.2637
9.51145 19.3125 121.988 -8.11498e-07 38.6996 -17.2827
9.51346 19.3081 121.98 -8.11454e-07 38.7117 -17.3017
9.51546 19.3036 121.973 -8.11409e-07 38.7238 -17.3208
9.51747 19.2991 121.965 -8.11365e-07 38.7359 -17.3398
9.51947 19.2947 121.957 -8.1132e-07 38.748 -17.3589
9.52148 19.2902 121.95 -8.11276e-07 38.7602 -17.3779
9.52348 19.2858 121.942 -8.11232e-07 38.7723 -17.397
9.52549 19.2814 121.934 -8.11187e-07 38.7844 -17.416
9.52749 19.2769 121.927 -8.11143e-07 38.7965 -17.435
9.52949 19.2725 121.919 -8.11099e-07 38.8086 -17.4541
9.53149 19.268 121.911 -8.11055e-07 38.8207 -17.4731
9.5335 19.2636 121.904 -8.11011e-07 38.8328 -17.4922
9.5355 19.2592 121.896 -8.10967e-07 38.8449 -17.5112
9.5375 19.2547 121.888 -8.10923e-07 38.857 -17.5303
9.5395 19.2503 121.881 -8.10879e-07 38.8691 -17.5493
9.5415 19.2459 121.873 -8.10835e-07 38.8812 -17.5683
9.5435 19.2415 121.865 -8.10791e-07 38.8933 -17.5874
9.5455 19.2371 121.858 -8.10747e-07 38.9054 -17.6064
9.5475 19.2327 121.85 -8.10703e-07 38.9174 -17.6255
9.5495 19.2282 121.842 -8.1066e-07 38.9295 -17.6445
9.55149 19.2238 121.835 -8.10616e-07 38.9416 -17.6636
9.55349 19.2194 121.827 -8.10572e-07 38.9537 -17.6826
9.55549 19.215 121.819 -8.10529e-07 38.9658 -17.7017
9.55749 19.2106 121.811 -8.10485e-07 38.9779 -17.7207
9.55948 19.2062 121.804 -8.10442e-07 38.99 -17.7397
9.56148 19.2018 121.796 -8.10398e-07 39.0021 -17.7588
9.56348 19.1975 121.788 -8.10355e-07 39.0141 -17.7778
9.56547 19.1931 121.781 -8.10312e-07 39.0262 -17.7969
9.56747 19.1887 121.773 -8.10268e-07 39.0383 -17.8159
9.56946 19.1843 121.765 -8.10225e-07 39.0504 -17.835
9.57146 19.1799 121.758 -8.10182e-07 39.0625 -17.854
9.57345 19.1755 121.75 -8.10139e-07 39.0745 -17.873
9.57545 19.1712 121.742 -8.10095e-07 39.0866 -17.8921
9.57744 19.1668 121.734 -8.10052e-07 39.0987 -17.9111
9.57943 19.1624 121.727 -8.10009e-07 39.1108 -17.9302
9.58143 19.1581 121.719 -8.09966e-07 39.1228 -17.9492
9.58342 19.1537 121.711 -8.09923e-07 39.1349 -17.9683
9.58541 19.1494 121.704 -8.09881e-07 39.147 -17.9873
9.5874 19.145 121.696 -8.09838e-07 39.1591 -18.0064
9.58939 19.1406 121.688 -8.09795e-07 39.1711 -18.0254
9.59138 19.1363 121.681 -8.09752e-07 39.1832 -18.0444
9.59337 19.1319 121.673 -8.09709e-07 39.1953 -18.0635
9.59536 19.1276 121.665 -8.09667e-07 39.2073 -18.0825
9.59735 19.1233 121.657 -8.09624e-07 39.2194 -18.1016
9.59934 19.1189 121.65 -8.09582e-07 39.2314 -18.1206
9.60133 19.1146 121.642 -8.09539e-07 39.2435 -18.1397
9.60332 19.1102 121.634 -8.09496e-07 39.2556 -18.1587
9.60531 19.1059 121.626 -8.09454e-07 39.2676 -18.1777
9.6073 19.1016 121.619 -8.09412e-07 39.2797 -18.1968
9.60928 19.0973 121.611 -8.09369e-07 39.2917 -18.2158
9.61127 19.0929 121.603 -8.09327e-07 39.3038 -18.2349
9.61326 19.0886 121.596 -8.09285e-07 39.3159 -18.2539
9.61524 19.0843 121.588 -8.09242e-07 39.3279 -18.273
9.61723 19.08 121.58 -8.092e-07 39.34 -18.292
9.61921 19.0757 121.572 -8.09158e-07 39.352 -18.3111
9.6212 19.0714 121.565 -8.09116e-07 39.3641 -18.3301
9.62318 19.0671 121.557 -8.09074e-07 39.3761 -18.3491
9.62517 19.0628 121.549 -8.09032e-07 39.3882 -18.3682
9.62715 19.0585 121.541 -8.0899e-07 39.4002 -18.3872
9.62914 19.0542 121.534 -8.08948e-07 39.4122 -18.4063
9.63112 19.0499 121.526 -8.08906e-07 39.4243 -18.4253
9.6331 19.0456 121.518 -8.08865e-07 39.4363 -18.4444
9.63508 19.0413 121.51 -8.08823e-07 39.4484 -18.4634
9.63707 19.037 121.503 -8.08781e-07 39.4604 -18.4824
9.63905 19.0327 121.495 -8.08739e-07 39.4725 -18.5015
9.64103 19.0285 121.487 -8.08698e-07 39.4845 -18.5205
9.64301 19.0242 121.479 -8.08656e-07 39.4965 -18.5396
9.64499 19.0199 121.472 -8.08615e-07 39.5086 -18.5586
9.64697 19.0156 121.464 -8.08573e-07 39.5206 -18.5777
9.64895 19.0114 121.456 -8.08532e-07 39.5326 -18.5967
9.65093 19.0071 121.448 -8.0849e-07 39.5447 -18.6158
9.65291 19.0028 121.44 -8.08449e-07 39.5567 -18.6348
9.65489 18.9986 121.433 -8.08407e-07 39.5687 -18.6538
9.65687 18.9943 121.425 -8.08366e-07 39.5808 -18.6729
9.65884 18.9901 121.417 -8.08325e-07 39.5928 -18.6919
9.66082 18.9858 121.409 -8.08284e-07 39.6048 -18.711
9.6628 18.9816 121.402 -8.08243e-07 39.6168 -18.73
9.66478 18.9773 121.394 -8.08201e-07 39.6289 -18.7491
9.66675 18.9731 121.386 -8.0816e-07 39.6409 -18.7681
9.66873 18.9688 121.378 -8.08119e-07 39.6529 -18.7871
9.6707 18.9646 121.37 -8.08078e-07 39.6649 -18.8062
9.67268 18.9604 121.363 -8.08037e-07 39.677 -18.8252
9.67465 18.9561 121.355 -8.07997e-07 39.689 -18.8443
9.67663 18.9519 121.347 -8.07956e-07 39.701 -18.8633
9.6786 18.9477 121.339 -8.07915e-07 39.713 -18.8824
9.68058 18.9434 121.332 -8.07874e-07 39.725 -18.9014
9.68255 18.9392 121.324 -8.07833e-07 39.737 -18.9205
9.68452 18.935 121.316 -8.07793e-07 39.7491 -18.9395
9.6865 18.9308 121.308 -8.07752e-07 39.7611 -18.9585
9.68847 18.9266 121.3 -8.07712e-07 39.7731 -18.9776
9.69044 18.9224 121.293 -8.07671e-07 39.7851 -18.9966
9.69241 18.9182 121.285 -8.0763e-07 39.7971 -19.0157
9.69438 18.914 121.277 -8.0759e-07 39.8091 -19.0347
9.69635 18.9098 121.269 -8.0755e-07 39.8211 -19.0538
9.69832 18.9056 121.261 -8.07509e-07 39.8331 -19.0728
9.70029 18.9014 121.254 -8.07469e-07 39.8451 -19.0918
9.70226 18.8972 121.246 -8.07429e-07 39.8571 -19.1109
9.70423 18.893 121.238 -8.07388e-07 39.8691 -19.1299
9.7062 18.8888 121.23 -8.07348e-07 39.8811 -19.149
9.70817 18.8846 121.222 -8.07308e-07 39.8931 -19.168
9.71014 18.8804 121.214 -8.07268e-07 39.9051 -19.1871
9.71211 18.8763 121.207 -8.07228e-07 39.9171 -19.2061
9.71407 18.8721 121.199 -8.07188e-07 39.9291 -19.2252
9.71604 18.8679 121.191 -8.07148e-07 39.9411 -19.2442
9.71801 18.8637 121.183 -8.07108e-07 39.9531 -19.2632
9.71997 18.8596 121.175 -8.07068e-07 39.9651 -19.2823
9.72194 18.8554 121.168 -8.07028e-07 39.9771 -19.3013
9.72391 18.8512 121.16 -8.06988e-07 39.9891 -19.3204
9.72587 18.8471 121.152 -8.06949e-07 40.0011 -19.3394
9.72784 18.8429 121.144 -8.06909e-07 40.0131 -19.3585
9.7298 18.8388 121.136 -8.06869e-07 40.025 -19.3775
9.73176 18.8346 121.128 -8.06829e-07 40.037 -19.3965
9.73373 18.8305 121.121 -8.0679e-07 40.049 -19.4156
9.73569 18.8263 121.113 -8.0675e-07 40.061 -19.4346
9.73765 18.8222 121.105 -8.06711e-07 40.073 -19.4537
9.73962 18.818 121.097 -8.06671e-07 40.085 -19.4727
9.74158 18.8139 121.089 -8.06632e-07 40.0969 -19.4918
9.74354 18.8098 121.081 -8.06593e-07 40.1089 -19.5108
9.7455 18.8056 121.073 -8.06553e-07 40.1209 -19.5299
9.74746 18.8015 121.066 -8.06514e-07 40.1329 -19.5489
9.74942 18.7974 121.058 -8.06475e-07 40.1448 -19.5679
9.75139 18.7933 121.05 -8.06435e-07 40.1568 -19.587
9.75335 18.7891 121.042 -8.06396e-07 40.1688 -19.606
9.7553 18.785 121.034 -8.06357e-07 40.1808 -19.6251
9.75726 18.7809 121.026 -8.06318e-07 40.1927 -19.6441
9.75922 18.7768 121.018 -8.06279e-07 40.2047 -19.6632
9.76118 18.7727 121.011 -8.0624e-07 40.2167 -19.6822
9.76314 18.7686 121.003 -8.06201e-07 40.2286 -19.7012
9.7651 18.7645 120.995 -8.06162e-07 40.2406 -19.7203
9.76705 18.7604 120.987 -8.06123e-07 40.2526 -19.7393
9.76901 18.7563 120.979 -8.06084e-07 40.2645 -19.7584
9.77097 18.7522 120.971 -8.06046e-07 40.2765 -19.7774
9.77292 18.7481 120.963 -8.06007e-07 40.2885 -19.7965
9.77488 18.744 120.956 -8.05968e-07 40.3004 -19.8155
9.77684 18.7399 120.948 -8.05929e-07 40.3124 -19.8346
9.77879 18.7358 120.94 -8.05891e-07 40.3243 -19.8536
9.78075 18.7318 120.932 -8.05852e-07 40.3363 -19.8726
9.7827 18.7277 120.924 -8.05814e-07 40.3483 -19.8917
9.78465 18.7236 120.916 -8.05775e-07 40.3602 -19.9107
9.78661 18.7195 120.908 -8.05737e-07 40.3722 -19.9298
9.78856 18.7155 120.9 -8.05698e-07 40.3841 -19.9488
9.79051 18.7114 120.893 -8.0566e-07 40.3961 -19.9679
9.79247 18.7073 120.885 -8.05622e-07 40.408 -19.9869
9.79442 18.7033 120.877 -8.05583e-07 40.42 -20.0059
9.79637 18.6992 120.869 -8.05545e-07 40.4319 -20.025
9.79832 18.6952 120.861 -8.05507e-07 40.4439 -20.044
9.80027 18.6911 120.853 -8.05469e-07 40.4558 -20.0631
9.80222 18.6871 120.845 -8.0543e-07 40.4678 -20.0821
9.80417 18.683 120.837 -8.05392e-07 40.4797 -20.1012
9.80612 18.679 120.829 -8.05354e-07 40.4916 -20.1202
9.80807 18.6749 120.821 -8.05316e-07 40.5036 -20.1393
9.81002 18.6709 120.814 -8.05278e-07 40.5155 -20.1583
9.81197 18.6668 120.806 -8.0524e-07 40.5275 -20.1773
9.81392 18.6628 120.798 -8.05203e-07 40.5394 -20.1964
9.81587 18.6588 120.79 -8.05165e-07 40.5513 -20.2154
9.81782 18.6548 120.782 -8.05127e-07 40.5633 -20.2345
9.81976 18.6507 120.774 -8.05089e-07 40.5752 -20.2535
9.82171 18.6467 120.766 -8.05051e-07 40.5871 -20.2726
9.82366 18.6427 120.758 -8.05014e-07 40.5991 -20.2916
9.8256 18.6387 120.75 -8.04976e-07 40.611 -20.3106
9.82755 18.6347 120.742 -8.04938e-07 40.6229 -20.3297
9.8295 18.6306 120.734 -8.04901e-07 40.6349 -20.3487
9.83144 18.6266 120.727 -8.04863e-07 40.6468 -20.3678
9.83339 18.6226 120.719 -8.04826e-07 40.6587 -20.3868
9.83533 18.6186 120.711 -8.04789e-07 40.6706 -20.4059
9.83727 18.6146 120.703 -8.04751e-07 40.6826 -20.4249
9.83922 18.6106 120.695 -8.04714e-07 40.6945 -20.444
9.84116 18.6066 120.687 -8.04676e-07 40.7064 -20.463
9.84311 18.6026 120.679 -8.04639e-07 40.7183 -20.482
9.84505 18.5987 120.671 -8.04602e-07 40.7303 -20.5011
9.84699 18.5947 120.663 -8.04565e-07 40.7422 -20.5201
9.84893 18.5907 120.655 -8.04528e-07 40.7541 -20.5392
9.85087 18.5867 120.647 -8.0449e-07 40.766 -20.5582
9.85281 18.5827 120.639 -8.04453e-07 40.7779 -20.5773
9.85476 18.5787 120.631 -8.04416e-07 40.7898 -20.5963
9.8567 18.5748 120.623 -8.04379e-07 40.8018 -20.6153
9.85864 18.5708 120.616 -8.04342e-07 40.8137 -20.6344
9.86058 18.5668 120.608 -8.04306e-07 40.8256 -20.6534
9.86252 18.5629 120.6 -8.04269e-07 40.8375 -20.6725
9.86445 18.5589 120.592 -8.04232e-07 40.8494 -20.6915
9.86639 18.555 120.584 -8.04195e-07 40.8613 -20.7106
9.86833 18.551 120.576 -8.04158e-07 40.8732 -20.7296
9.87027 18.547 120.568 -8.04122e-07 40.8851 -20.7487
9.87221 18.5431 120.56 -8.04085e-07 40.897 -20.7677
9.87414 18.5391 120.552 -8.04048e-07 40.9089 -20.7867
9.87608 18.5352 120.544 -8.04012e-07 40.9208 -20.8058
9.87802 18.5313 120.536 -8.03975e-07 40.9327 -20.8248
9.87995 18.5273 120.528 -8.03939e-07 40.9446 -20.8439
9.88189 18.5234 120.52 -8.03902e-07 40.9565 -20.8629
9.88382 18.5194 120.512 -8.03866e-07 40.9684 -20.882
9.88576 18.5155 120.504 -8.03829e-07 40.9803 -20.901
9.88769 18.5116 120.496 -8.03793e-07 40.9922 -20.92
9.88963 18.5077 120.488 -8.03757e-07 41.0041 -20.9391
9.89156 18.5037 120.48 -8.0372e-07 41.016 -20.9581
9.8935 18.4998 120.472 -8.03684e-07 41.0279 -20.9772
9.89543 18.4959 120.464 -8.03648e-07 41.0398 -20.9962
9.89736 18.492 120.456 -8.03612e-07 41.0517 -21.0153
9.89929 18.4881 120.448 -8.03576e-07 41.0636 -21.0343
9.90123 18.4842 120.44 -8.0354e-07 41.0755 -21.0534
9.90316 18.4803 120.432 -8.03504e-07 41.0873 -21.0724
9.90509 18.4764 120.424 -8.03468e-07 41.0992 -21.0914
9.90702 18.4725 120.416 -8.03432e-07 41.1111 -21.1105
9.90895 18.4686 120.408 -8.03396e-07 41.123 -21.1295
9.91088 18.4647 120.4 -8.0336e-07 41.1349 -21.1486
9.91281 18.4608 120.392 -8.03324e-07 41.1468 -21.1676
9.91474 18.4569 120.384 -8.03288e-07 41.1586 -21.1867
9.91667 18.453 120.376 -8.03253e-07 41.1705 -21.2057
9.9186 18.4491 120.369 -8.03217e-07 41.1824 -21.2247
9.92053 18.4452 120.361 -8.03181e-07 41.1943 -21.2438
9.92245 18.4413 120.353 -8.03146e-07 41.2061 -21.2628
9.92438 18.4375 120.345 -8.0311e-07 41.218 -21.2819
9.92631 18.4336 120.337 -8.03074e-07 41.2299 -21.3009
9.92824 18.4297 120.329 -8.03039e-07 41.2418 -21.32
9.93016 18.4259 120.321 -8.03003e-07 41.2536 -21.339
9.93209 18.422 120.313 -8.02968e-07 41.2655 -21.3581
9.93401 18.4181 120.305 -8.02933e-07 41.2774 -21.3771
9.93594 18.4143 120.296 -8.02897e-07 41.2892 -21.3961
9.93787 18.4104 120.288 -8.02862e-07 41.3011 -21.4152
9.93979 18.4066 120.28 -8.02827e-07 41.313 -21.4342
9.94171 18.4027 120.272 -8.02791e-07 41.3248 -21.4533
9.94364 18.3989 120.264 -8.02756e-07 41.3367 -21.4723
9.94556 18.395 120.256 -8.02721e-07 41.3486 -21.4914
9.94749 18.3912 120.248 -8.02686e-07 41.3604 -21.5104
9.94941 18.3873 120.24 -8.02651e-07 41.3723 -21.5294
9.95133 18.3835 120.232 -8.02616e-07 41.3841 -21.5485
9.95325 18.3797 120.224 -8.02581e-07 41.396 -21.5675
9.95518 18.3758 120.216 -8.02546e-07 41.4079 -21.5866
9.9571 18.372 120.208 -8.02511e-07 41.4197 -21.6056
9.95902 18.3682 120.2 -8.02476e-07 41.4316 -21.6247
9.96094 18.3643 120.192 -8.02441e-07 41.4434 -21.6437
9.96286 18.3605 120.184 -8.02406e-07 41.4553 -21.6628
9.96478 18.3567 120.176 -8.02371e-07 41.4671 -21.6818
9.9667 18.3529 120.168 -8.02337e-07 41.479 -21.7008
9.96862 18.3491 120.16 -8.02302e-07 41.4908 -21.7199
9.97054 18.3453 120.152 -8.02267e-07 41.5027 -21.7389
9.97246 18.3415 120.144 -8.02233e-07 41.5145 -21.758
9.97437 18.3376 120.136 -8.02198e-07 41.5264 -21.777
9.97629 18.3338 120.128 -8.02164e-07 41.5382 -21.7961
9.97821 18.33 120.12 -8.02129e-07 41.55 -21.8151
9.98013 18.3262 120.112 -8.02095e-07 41.5619 -21.8341
9.98204 18.3225 120.104 -8.0206e-07 41.5737 -21.8532
9.98396 18.3187 120.096 -8.02026e-07 41.5856 -21.8722
9.98588 18.3149 120.088 -8.01991e-07 41.5974 -21.8913
9.98779 18.3111 120.08 -8.01957e-07 41.6092 -21.9103
9.98971 18.3073 120.072 -8.01923e-07 41.6211 -21.9294
9.99162 18.3035 120.064 -8.01889e-07 41.6329 -21.9484
9.99354 18.2997 120.056 -8.01854e-07 41.6448 -21.9675
9.99545 18.296 120.047 -8.0182e-07 41.6566 -21.9865
9.99737 18.2922 120.039 -8.01786e-07 41.6684 -22.0055
9.99928 18.2884 120.031 -8.01752e-07 41.6802 -22.0246
10.0012 18.2847 120.023 -8.01718e-07 41.6921 -22.0436
10.0031 18.2809 120.015 -8.01684e-07 41.7039 -22.0627
10.005 18.2771 120.007 -8.0165e-07 41.7157 -22.0817
10.0069 18.2734 119.999 -8.01616e-07 41.7276 -22.1008
10.0088 18.2696 119.991 -8.01582e-07 41.7394 -22.1198
10.0108 18.2659 119.983 -8.01548e-07 41.7512 -22.1388
10.0127 18.2621 119.975 -8.01514e-07 41.763 -22.1579
10.0146 18.2584 119.967 -8.01481e-07 41.7749 -22.1769
10.0165 18.2546 119.959 -8.01447e-07 41.7867 -22.196
10.0184 18.2509 119.951 -8.01413e-07 41.7985 -22.215
10.0203 18.2471 119.943 -8.01379e-07 41.8103 -22.2341
10.0222 18.2434 119.934 -8.01346e-07 41.8221 -22.2531
10.0241 18.2397 119.926 -8.01312e-07 41.8339 -22.2722
10.026 18.2359 119.918 -8.01279e-07 41.8458 -22.2912
10.0279 18.2322 119.91 -8.01245e-07 41.8576 -22.3102
10.0298 18.2285 119.902 -8.01212e-07 41.8694 -22.3293
10.0318 18.2248 119.894 -8.01178e-07 41.8812 -22.3483
10.0337 18.221 119.886 -8.01145e-07 41.893 -22.3674
10.0356 18.2173 119.878 -8.01111e-07 41.9048 -22.3864
10.0375 18.2136 119.87 -8.01078e-07 41.9166 -22.4055
10.0394 18.2099 119.862 -8.01045e-07 41.9284 -22.4245
10.0413 18.2062 119.854 -8.01012e-07 41.9403 -22.4435
10.0432 18.2025 119.845 -8.00978e-07 41.9521 -22.4626
10.0451 18.1988 119.837 -8.00945e-07 41.9639 -22.4816
10.047 18.1951 119.829 -8.00912e-07 41.9757 -22.5007
10.0489 18.1914 119.821 -8.00879e-07 41.9875 -22.5197
10.0508 18.1877 119.813 -8.00846e-07 41.9993 -22.5388
10.0527 18.184 119.805 -8.00813e-07 42.0111 -22.5578
10.0546 18.1803 119.797 -8.0078e-07 42.0229 -22.5769
10.0565 18.1766 119.789 -8.00747e-07 42.0347 -22.5959
10.0584 18.1729 119.781 -8.00714e-07 42.0465 -22.6149
10.0603 18.1692 119.772 -8.00681e-07 42.0583 -22.634
10.0622 18.1656 119.764 -8.00648e-07 42.0701 -22.653
10.0641 18.1619 119.756 -8.00615e-07 42.0818 -22.6721
10.066 18.1582 119.748 -8.00582e-07 42.0936 -22.6911
10.0679 18.1545 119.74 -8.0055e-07 42.1054 -22.7102
10.0698 18.1509 119.732 -8.00517e-07 42.1172 -22.7292
10.0717 18.1472 119.724 -8.00484e-07 42.129 -22.7482
10.0736 18.1435 119.716 -8.00452e-07 42.1408 -22.7673
10.0755 18.1399 119.708 -8.00419e-07 42.1526 -22.7863
10.0774 18.1362 119.699 -8.00387e-07 42.1644 -22.8054
10.0793 18.1326 119.691 -8.00354e-07 42.1762 -22.8244
10.0812 18.1289 119.683 -8.00322e-07 42.1879 -22.8435
10.0831 18.1253 119.675 -8.00289e-07 42.1997 -22.8625
10.085 18.1216 119.667 -8.00257e-07 42.2115 -22.8816
10.0869 18.118 119.659 -8.00224e-07 42.2233 -22.9006
10.0888 18.1143 119.651 -8.00192e-07 42.2351 -22.9196
10.0907 18.1107 119.642 -8.0016e-07 42.2468 -22.9387
10.0926 18.1071 119.634 -8.00127e-07 42.2586 -22.9577
10.0945 18.1034 119.626 -8.00095e-07 42.2704 -22.9768
10.0964 18.0998 119.618 -8.00063e-07 42.2822 -22.9958
10.0983 18.0962 119.61 -8.00031e-07 42.2939 -23.0149
10.1002 18.0925 119.602 -7.99999e-07 42.3057 -23.0339
10.1021 18.0889 119.594 -7.99967e-07 42.3175 -23.0529
10.104 18.0853 119.585 -7.99935e-07 42.3293 -23.072
10.1059 18.0817 119.577 -7.99903e-07 42.341 -23.091
10.1078 18.0781 119.569 -7.99871e-07 42.3528 -23.1101
10.1097 18.0744 119.561 -7.99839e-07 42.3646 -23.1291
10.1116 18.0708 119.553 -7.99807e-07 42.3763 -23.1482
10.1134 18.0672 119.545 -7.99775e-07 42.3881 -23.1672
10.1153 18.0636 119.537 -7.99743e-07 42.3999 -23.1863
10.1172 18.06 119.528 -7.99711e-07 42.4116 -23.2053
10.1191 18.0564 119.52 -7.99679e-07 42.4234 -23.2243
10.121 18.0528 119.512 -7.99648e-07 42.4351 -23.2434
10.1229 18.0492 119.504 -7.99616e-07 42.4469 -23.2624
10.1248 18.0456 119.496 -7.99584e-07 42.4587 -23.2815
10.1267 18.0421 119.488 -7.99553e-07 42.4704 -23.3005
10.1286 18.0385 119.479 -7.99521e-07 42.4822 -23.3196
10.1305 18.0349 119.471 -7.9949e-07 42.4939 -23.3386
10.1323 18.0313 119.463 -7.99458e-07 42.5057 -23.3576
10.1342 18.0277 119.455 -7.99427e-07 42.5174 -23.3767
10.1361 18.0242 119.447 -7.99395e-07 42.5292 -23.3957
10.138 18.0206 119.438 -7.99364e-07 42.5409 -23.4148
10.1399 18.017 119.43 -7.99333e-07 42.5527 -23.4338
10.1418 18.0135 119.422 -7.99301e-07 42.5644 -23.4529
10.1437 18.0099 119.414 -7.9927e-07 42.5762 -23.4719
10.1456 18.0063 119.406 -7.99239e-07 42.5879 -23.4909
10.1474 18.0028 119.398 -7.99207e-07 42.5997 -23.51
10.1493 17.9992 119.389 -7.99176e-07 42.6114 -23.529
10.1512 17.9957 119.381 -7.99145e-07 42.6232 -23.5481
10.1531 17.9921 119.373 -7.99114e-07 42.6349 -23.5671
10.155 17.9886 119.365 -7.99083e-07 42.6467 -23.5862
10.1569 17.985 119.357 -7.99052e-07 42.6584 -23.6052
10.1588 17.9815 119.348 -7.99021e-07 42.6701 -23.6243
10.1606 17.9779 119.34 -7.9899e-07 42.6819 -23.6433
10.1625 17.9744 119.332 -7.98959e-07 42.6936 -23.6623
10.1644 17.9709 119.324 -7.98928e-07 42.7054 -23.6814
10.1663 17.9673 119.316 -7.98897e-07 42.7171 -23.7004
10.1682 17.9638 119.307 -7.98866e-07 42.7288 -23.7195
10.17 17.9603 119.299 -7.98836e-07 42.7406 -23.7385
10.1719 17.9568 119.291 -7.98805e-07 42.7523 -23.7576
10.1738 17.9532 119.283 -7.98774e-07 42.764 -23.7766
10.1757 17.9497 119.275 -7.98743e-07 42.7757 -23.7956
10.1776 17.9462 119.266 -7.98713e-07 42.7875 -23.8147
10.1795 17.9427 119.258 -7.98682e-07 42.7992 -23.8337
10.1813 17.9392 119.25 -7.98652e-07 42.8109 -23.8528
10.1832 17.9357 119.242 -7.98621e-07 42.8227 -23.8718
10.1851 17.9322 119.233 -7.9859e-07 42.8344 -23.8909
10.187 17.9287 119.225 -7.9856e-07 42.8461 -23.9099
10.1888 17.9252 119.217 -7.9853e-07 42.8578 -23.929
10.1907 17.9217 119.209 -7.98499e-07 42.8695 -23.948
10.1926 17.9182 119.201 -7.98469e-07 42.8813 -23.967
10.1945 17.9147 119.192 -7.98438e-07 42.893 -23.9861
10.1964 17.9112 119.184 -7.98408e-07 42.9047 -24.0051
10.1982 17.9077 119.176 -7.98378e-07 42.9164 -24.0242
10.2001 17.9042 119.168 -7.98348e-07 42.9281 -24.0432
10.202 17.9007 119.159 -7.98317e-07 42.9398 -24.0623
10.2039 17.8973 119.151 -7.98287e-07 42.9516 -24.0813
10.2057 17.8938 119.143 -7.98257e-07 42.9633 -24.1003
10.2076 17.8903 119.135 -7.98227e-07 42.975 -24.1194
10.2095 17.8868 119.126 -7.98197e-07 42.9867 -24.1384
10.2114 17.8834 119.118 -7.98167e-07 42.9984 -24.1575
10.2132 17.8799 119.11 -7.98137e-07 43.0101 -24.1765
10.2151 17.8765 119.102 -7.98107e-07 43.0218 -24.1956
10.217 17.873 119.093 -7.98077e-07 43.0335 -24.2146
10.2189 17.8695 119.085 -7.98047e-07 43.0452 -24.2337
10.2207 17.8661 119.077 -7.98017e-07 43.0569 -24.2527
10.2226 17.8626 119.069 -7.97988e-07 43.0686 -24.2717
10.2245 17.8592 119.06 -7.97958e-07 43.0803 -24.2908
10.2263 17.8557 119.052 -7.97928e-07 43.092 -24.3098
10.2282 17.8523 119.044 -7.97898e-07 43.1037 -24.3289
10.2301 17.8489 119.036 -7.97869e-07 43.1154 -24.3479
10.2319 17.8454 119.027 -7.97839e-07 43.1271 -24.367
10.2338 17.842 119.019 -7.97809e-07 43.1388 -24.386
10.2357 17.8385 119.011 -7.9778e-07 43.1505 -24.405
10.2376 17.8351 119.003 -7.9775e-07 43.1622 -24.4241
10.2394 17.8317 118.994 -7.97721e-07 43.1739 -24.4431
10.2413 17.8283 118.986 -7.97691e-07 43.1856 -24.4622
10.2432 17.8248 118.978 -7.97662e-07 43.1973 -24.4812
10.245 17.8214 118.97 -7.97632e-07 43.209 -24.5003
10.2469 17.818 118.961 -7.97603e-07 43.2207 -24.5193
10.2488 17.8146 118.953 -7.97574e-07 43.2324 -24.5384
10.2506 17.8112 118.945 -7.97544e-07 43.2441 -24.5574
10.2525 17.8078 118.936 -7.97515e-07 43.2557 -24.5764
10.2544 17.8044 118.928 -7.97486e-07 43.2674 -24.5955
10.2562 17.801 118.92 -7.97457e-07 43.2791 -24.6145
10.2581 17.7976 118.912 -7.97428e-07 43.2908 -24.6336
10.26 17.7942 118.903 -7.97398e-07 43.3025 -24.6526
10.2618 17.7908 118.895 -7.97369e-07 43.3141 -24.6717
10.2637 17.7874 118.887 -7.9734e-07 43.3258 -24.6907
10.2656 17.784 118.879 -7.97311e-07 43.3375 -24.7097
10.2674 17.7806 118.87 -7.97282e-07 43.3492 -24.7288
10.2693 17.7772 118.862 -7.97253e-07 43.3609 -24.7478
10.2711 17.7738 118.854 -7.97224e-07 43.3725 -24.7669
10.273 17.7705 118.845 -7.97195e-07 43.3842 -24.7859
10.2749 17.7671 118.837 -7.97167e-07 43.3959 -24.805
10.2767 17.7637 118.829 -7.97138e-07 43.4076 -24.824
10.2786 17.7603 118.82 -7.97109e-07 43.4192 -24.8431
10.2805 17.757 118.812 -7.9708e-07 43.4309 -24.8621
10.2823 17.7536 118.804 -7.97051e-07 43.4426 -24.8811
10.2842 17.7502 118.796 -7.97023e-07 43.4542 -24.9002
10.286 17.7469 118.787 -7.96994e-07 43.4659 -24.9192
10.2879 17.7435 118.779 -7.96965e-07 43.4776 -24.9383
10.2898 17.7402 118.771 -7.96937e-07 43.4892 -24.9573
10.2916 17.7368 118.762 -7.96908e-07 43.5009 -24.9764
10.2935 17.7335 118.754 -7.9688e-07 43.5126 -24.9954
10.2953 17.7301 118.746 -7.96851e-07 43.5242 -25.0144
10.2972 17.7268 118.737 -7.96823e-07 43.5359 -25.0335
10.299 17.7234 118.729 -7.96794e-07 43.5475 -25.0525
10.3009 17.7201 118.721 -7.96766e-07 43.5592 -25.0716
10.3028 17.7167 118.712 -7.96738e-07 43.5708 -25.0906
10.3046 17.7134 118.704 -7.96709e-07 43.5825 -25.1097
10.3065 17.7101 118.696 -7.96681e-07 43.5942 -25.1287
10.3083 17.7067 118.687 -7.96653e-07 43.6058 -25.1478
10.3102 17.7034 118.679 -7.96625e-07 43.6175 -25.1668
10.312 17.7001 118.671 -7.96596e-07 43.6291 -25.1858
10.3139 17.6968 118.662 -7.96568e-07 43.6408 -25.2049
10.3158 17.6935 118.654 -7.9654e-07 43.6524 -25.2239
10.3176 17.6901 118.646 -7.96512e-07 43.6641 -25.243
10.3195 17.6868 118.637 -7.96484e-07 43.6757 -25.262
10.3213 17.6835 118.629 -7.96456e-07 43.6874 -25.2811
10.3232 17.6802 118.621 -7.96428e-07 43.699 -25.3001
10.325 17.6769 118.612 -7.964e-07 43.7107 -25.3191
10.3269 17.6736 118.604 -7.96372e-07 43.7223 -25.3382
10.3287 17.6703 118.596 -7.96344e-07 43.7339 -25.3572
10.3306 17.667 118.587 -7.96316e-07 43.7456 -25.3763
10.3324 17.6637 118.579 -7.96289e-07 43.7572 -25.3953
10.3343 17.6604 118.571 -7.96261e-07 43.7689 -25.4144
10.3361 17.6571 118.562 -7.96233e-07 43.7805 -25.4334
10.338 17.6538 118.554 -7.96205e-07 43.7921 -25.4525
10.3398 17.6506 118.546 -7.96178e-07 43.8038 -25.4715
10.3417 17.6473 118.537 -7.9615e-07 43.8154 -25.4905
10.3435 17.644 118.529 -7.96122e-07 43.827 -25.5096
10.3454 17.6407 118.521 -7.96095e-07 43.8387 -25.5286
10.3472 17.6374 118.512 -7.96067e-07 43.8503 -25.5477
10.3491 17.6342 118.504 -7.9604e-07 43.8619 -25.5667
10.3509 17.6309 118.496 -7.96012e-07 43.8736 -25.5858
10.3528 17.6276 118.487 -7.95985e-07 43.8852 -25.6048
10.3546 17.6244 118.479 -7.95957e-07 43.8968 -25.6238
10.3565 17.6211 118.47 -7.9593e-07 43.9084 -25.6429
10.3583 17.6179 118.462 -7.95902e-07 43.9201 -25.6619
10.3602 17.6146 118.454 -7.95875e-07 43.9317 -25.681
10.362 17.6113 118.445 -7.95848e-07 43.9433 -25.7
10.3639 17.6081 118.437 -7.95821e-07 43.9549 -25.7191
10.3657 17.6048 118.429 -7.95793e-07 43.9666 -25.7381
10.3675 17.6016 118.42 -7.95766e-07 43.9782 -25.7572
10.3694 17.5984 118.412 -7.95739e-07 43.9898 -25.7762
10.3712 17.5951 118.403 -7.95712e-07 44.0014 -25.7952
10.3731 17.5919 118.395 -7.95685e-07 44.013 -25.8143
10.3749 17.5886 118.387 -7.95658e-07 44.0247 -25.8333
10.3768 17.5854 118.378 -7.95631e-07 44.0363 -25.8524
10.3786 17.5822 118.37 -7.95604e-07 44.0479 -25.8714
10.3804 17.579 118.362 -7.95577e-07 44.0595 -25.8905
10.3823 17.5757 118.353 -7.9555e-07 44.0711 -25.9095
10.3841 17.5725 118.345 -7.95523e-07 44.0827 -25.9285
10.386 17.5693 118.336 -7.95496e-07 44.0943 -25.9476
10.3878 17.5661 118.328 -7.95469e-07 44.1059 -25.9666
10.3897 17.5629 118.32 -7.95442e-07 44.1175 -25.9857
10.3915 17.5597 118.311 -7.95416e-07 44.1291 -26.0047
10.3933 17.5564 118.303 -7.95389e-07 44.1408 -26.0238
10.3952 17.5532 118.294 -7.95362e-07 44.1524 -26.0428
10.397 17.55 118.286 -7.95335e-07 44.164 -26.0619
10.3989 17.5468 118.278 -7.95309e-07 44.1756 -26.0809
10.4007 17.5436 118.269 -7.95282e-07 44.1872 -26.0999
10.4025 17.5404 118.261 -7.95256e-07 44.1988 -26.119
10.4044 17.5373 118.252 -7.95229e-07 44.2104 -26.138
10.4062 17.5341 118.244 -7.95202e-07 44.222 -26.1571
10.4081 17.5309 118.236 -7.95176e-07 44.2336 -26.1761
10.4099 17.5277 118.227 -7.95149e-07 44.2452 -26.1952
10.4117 17.5245 118.219 -7.95123e-07 44.2568 -26.2142
10.4136 17.5213 118.21 -7.95097e-07 44.2683 -26.2332
10.4154 17.5182 118.202 -7.9507e-07 44.2799 -26.2523
10.4172 17.515 118.193 -7.95044e-07 44.2915 -26.2713
10.4191 17.5118 118.185 -7.95018e-07 44.3031 -26.2904
10.4209 17.5086 118.177 -7.94991e-07 44.3147 -26.3094
10.4227 17.5055 118.168 -7.94965e-07 44.3263 -26.3285
10.4246 17.5023 118.16 -7.94939e-07 44.3379 -26.3475
10.4264 17.4992 118.151 -7.94913e-07 44.3495 -26.3666
10.4282 17.496 118.143 -7.94887e-07 44.3611 -26.3856
10.4301 17.4928 118.135 -7.94861e-07 44.3726 -26.4046
10.4319 17.4897 118.126 -7.94834e-07 44.3842 -26.4237
10.4337 17.4865 118.118 -7.94808e-07 44.3958 -26.4427
10.4356 17.4834 118.109 -7.94782e-07 44.4074 -26.4618
10.4374 17.4802 118.101 -7.94756e-07 44.419 -26.4808
10.4392 17.4771 118.092 -7.9473e-07 44.4306 -26.4999
10.4411 17.474 118.084 -7.94705e-07 44.4421 -26.5189
10.4429 17.4708 118.075 -7.94679e-07 44.4537 -26.5379
10.4447 17.4677 118.067 -7.94653e-07 44.4653 -26.557
10.4466 17.4646 118.059 -7.94627e-07 44.4769 -26.576
10.4484 17.4614 118.05 -7.94601e-07 44.4884 -26.5951
10.4502 17.4583 118.042 -7.94575e-07 44.5 -26.6141
10.4521 17.4552 118.033 -7.9455e-07 44.5116 -26.6332
10.4539 17.452 118.025 -7.94524e-07 44.5232 -26.6522
10.4557 17.4489 118.016 -7.94498e-07 44.5347 -26.6713
10.4575 17.4458 118.008 -7.94473e-07 44.5463 -26.6903
10.4594 17.4427 117.999 -7.94447e-07 44.5579 -26.7093
10.4612 17.4396 117.991 -7.94422e-07 44.5694 -26.7284
10.463 17.4365 117.983 -7.94396e-07 44.581 -26.7474
10.4648 17.4334 117.974 -7.9437e-07 44.5926 -26.7665
10.4667 17.4303 117.966 -7.94345e-07 44.6041 -26.7855
10.4685 17.4272 117.957 -7.9432e-07 44.6157 -26.8046
10.4703 17.4241 117.949 -7.94294e-07 44.6273 -26.8236
10.4722 17.421 117.94 -7.94269e-07 44.6388 -26.8426
10.474 17.4179 117.932 -7.94243e-07 44.6504 -26.8617
10.4758 17.4148 117.923 -7.94218e-07 44.6619 -26.8807
10.4776 17.4117 117.915 -7.94193e-07 44.6735 -26.8998
10.4795 17.4086 117.906 -7.94168e-07 44.685 -26.9188
10.4813 17.4055 117.898 -7.94142e-07 44.6966 -26.9379
10.4831 17.4024 117.889 -7.94117e-07 44.7082 -26.9569
10.4849 17.3994 117.881 -7.94092e-07 44.7197 -26.976
10.4867 17.3963 117.872 -7.94067e-07 44.7313 -26.995
10.4886 17.3932 117.864 -7.94042e-07 44.7428 -27.014
10.4904 17.3902 117.855 -7.94017e-07 44.7544 -27.0331
10.4922 17.3871 117.847 -7.93992e-07 44.7659 -27.0521
10.494 17.384 117.839 -7.93967e-07 44.7775 -27.0712
10.4959 17.381 117.83 -7.93942e-07 44.789 -27.0902
10.4977 17.3779 117.822 -7.93917e-07 44.8006 -27.1093
10.4995 17.3748 117.813 -7.93892e-07 44.8121 -27.1283
10.5013 17.3718 117.805 -7.93867e-07 44.8237 -27.1473
10.5031 17.3687 117.796 -7.93842e-07 44.8352 -27.1664
10.505 17.3657 117.788 -7.93817e-07 44.8467 -27.1854
10.5068 17.3626 117.779 -7.93792e-07 44.8583 -27.2045
10.5086 17.3596 117.771 -7.93768e-07 44.8698 -27.2235
10.5104 17.3566 117.762 -7.93743e-07 44.8814 -27.2426
10.5122 17.3535 117.754 -7.93718e-07 44.8929 -27.2616
10.5141 17.3505 117.745 -7.93693e-07 44.9044 -27.2807
10.5159 17.3474 117.737 -7.93669e-07 44.916 -27.2997
10.5177 17.3444 117.728 -7.93644e-07 44.9275 -27.3187
10.5195 17.3414 117.72 -7.9362e-07 44.939 -27.3378
10.5213 17.3384 117.711 -7.93595e-07 44.9506 -27.3568
10.5231 17.3353 117.703 -7.93571e-07 44.9621 -27.3759
10.525 17.3323 117.694 -7.93546e-07 44.9736 -27.3949
10.5268 17.3293 117.686 -7.93522e-07 44.9852 -27.414
10.5286 17.3263 117.677 -7.93497e-07 44.9967 -27.433
10.5304 17.3233 117.669 -7.93473e-07 45.0082 -27.452
10.5322 17.3203 117.66 -7.93448e-07 45.0198 -27.4711
10.534 17.3173 117.651 -7.93424e-07 45.0313 -27.4901
10.5358 17.3142 117.643 -7.934e-07 45.0428 -27.5092
10.5377 17.3112 117.634 -7.93376e-07 45.0543 -27.5282
10.5395 17.3082 117.626 -7.93351e-07 45.0659 -27.5473
10.5413 17.3052 117.617 -7.93327e-07 45.0774 -27.5663
10.5431 17.3023 117.609 -7.93303e-07 45.0889 -27.5854
10.5449 17.2993 117.6 -7.93279e-07 45.1004 -27.6044
10.5467 17.2963 117.592 -7.93255e-07 45.1119 -27.6234
10.5485 17.2933 117.583 -7.93231e-07 45.1235 -27.6425
10.5504 17.2903 117.575 -7.93206e-07 45.135 -27.6615
10.5522 17.2873 117.566 -7.93182e-07 45.1465 -27.6806
10.554 17.2843 117.558 -7.93158e-07 45.158 -27.6996
10.5558 17.2814 117.549 -7.93134e-07 45.1695 -27.7187
10.5576 17.2784 117.541 -7.9311e-07 45.181 -27.7377
10.5594 17.2754 117.532 -7.93087e-07 45.1925 -27.7567
10.5612 17.2724 117.524 -7.93063e-07 45.2041 -27.7758
10.563 17.2695 117.515 -7.93039e-07 45.2156 -27.7948
10.5648 17.2665 117.506 -7.93015e-07 45.2271 -27.8139
10.5666 17.2635 117.498 -7.92991e-07 45.2386 -27.8329
10.5684 17.2606 117.489 -7.92967e-07 45.2501 -27.852
10.5703 17.2576 117.481 -7.92944e-07 45.2616 -27.871
10.5721 17.2547 117.472 -7.9292e-07 45.2731 -27.8901
10.5739 17.2517 117.464 -7.92896e-07 45.2846 -27.9091
10.5757 17.2488 117.455 -7.92873e-07 45.2961 -27.9281
10.5775 17.2458 117.447 -7.92849e-07 45.3076 -27.9472
10.5793 17.2429 117.438 -7.92826e-07 45.3191 -27.9662
10.5811 17.24 117.429 -7.92802e-07 45.3306 -27.9853
10.5829 17.237 117.421 -7.92778e-07 45.3421 -28.0043
10.5847 17.2341 117.412 -7.92755e-07 45.3536 -28.0234
10.5865 17.2311 117.404 -7.92731e-07 45.3651 -28.0424
10.5883 17.2282 117.395 -7.92708e-07 45.3766 -28.0614
10.5901 17.2253 117.387 -7.92685e-07 45.3881 -28.0805
10.5919 17.2224 117.378 -7.92661e-07 45.3996 -28.0995
10.5937 17.2194 117.369 -7.92638e-07 45.4111 -28.1186
10.5955 17.2165 117.361 -7.92615e-07 45.4226 -28.1376
10.5973 17.2136 117.352 -7.92591e-07 45.4341 -28.1567
10.5991 17.2107 117.344 -7.92568e-07 45.4456 -28.1757
10.6009 17.2078 117.335 -7.92545e-07 45.457 -28.1948
10.6027 17.2049 117.327 -7.92522e-07 45.4685 -28.2138
10.6045 17.202 117.318 -7.92498e-07 45.48 -28.2328
10.6063 17.199 117.309 -7.92475e-07 45.4915 -28.2519
10.6081 17.1961 117.301 -7.92452e-07 45.503 -28.2709
10.6099 17.1932 117.292 -7.92429e-07 45.5145 -28.29
10.6117 17.1903 117.284 -7.92406e-07 45.526 -28.309
10.6135 17.1875 117.275 -7.92383e-07 45.5374 -28.3281
10.6153 17.1846 117.267 -7.9236e-07 45.5489 -28.3471
10.6171 17.1817 117.258 -7.92337e-07 45.5604 -28.3661
10.6189 17.1788 117.249 -7.92314e-07 45.5719 -28.3852
10.6207 17.1759 117.241 -7.92291e-07 45.5834 -28.4042
10.6225 17.173 117.232 -7.92268e-07 45.5948 -28.4233
10.6243 17.1701 117.224 -7.92246e-07 45.6063 -28.4423
10.6261 17.1673 117.215 -7.92223e-07 45.6178 -28.4614
10.6279 17.1644 117.206 -7.922e-07 45.6293 -28.4804
10.6297 17.1615 117.198 -7.92177e-07 45.6407 -28.4995
10.6315 17.1586 117.189 -7.92154e-07 45.6522 -28.5185
10.6333 17.1558 117.181 -7.92132e-07 45.6637 -28.5375
10.6351 17.1529 117.172 -7.92109e-07 45.6751 -28.5566
10.6369 17.1501 117.163 -7.92086e-07 45.6866 -28.5756
10.6387 17.1472 117.155 -7.92064e-07 45.6981 -28.5947
10.6405 17.1443 117.146 -7.92041e-07 45.7095 -28.6137
10.6423 17.1415 117.138 -7.92019e-07 45.721 -28.6328
10.6441 17.1386 117.129 -7.91996e-07 45.7325 -28.6518
10.6459 17.1358 117.12 -7.91974e-07 45.7439 -28.6708
10.6477 17.1329 117.112 -7.91951e-07 45.7554 -28.6899
10.6495 17.1301 117.103 -7.91929e-07 45.7669 -28.7089
10.6513 17.1273 117.094 -7.91906e-07 45.7783 -28.728
10.6531 17.1244 117.086 -7.91884e-07 45.7898 -28.747
10.6549 17.1216 117.077 -7.91862e-07 45.8012 -28.7661
10.6566 17.1187 117.069 -7.91839e-07 45.8127 -28.7851
10.6584 17.1159 117.06 -7.91817e-07 45.8242 -28.8042
10.6602 17.1131 117.051 -7.91795e-07 45.8356 -28.8232
10.662 17.1103 117.043 -7.91773e-07 45.8471 -28.8422
10.6638 17.1074 117.034 -7.9175e-07 45.8585 -28.8613
10.6656 17.1046 117.025 -7.91728e-07 45.87 -28.8803
10.6674 17.1018 117.017 -7.91706e-07 45.8814 -28.8994
10.6692 17.099 117.008 -7.91684e-07 45.8929 -28.9184
10.671 17.0962 117 -7.91662e-07 45.9043 -28.9375
10.6728 17.0934 116.991 -7.9164e-07 45.9158 -28.9565
10.6745 17.0905 116.982 -7.91618e-07 45.9272 -28.9755
10.6763 17.0877 116.974 -7.91596e-07 45.9387 -28.9946
10.6781 17.0849 116.965 -7.91574e-07 45.9501 -29.0136
10.6799 17.0821 116.956 -7.91552e-07 45.9616 -29.0327
10.6817 17.0793 116.948 -7.9153e-07 45.973 -29.0517
10.6835 17.0765 116.939 -7.91508e-07 45.9845 -29.0708
10.6853 17.0738 116.93 -7.91486e-07 45.9959 -29.0898
10.6871 17.071 116.922 -7.91464e-07 46.0073 -29.1089
10.6888 17.0682 116.913 -7.91443e-07 46.0188 -29.1279
10.6906 17.0654 116.904 -7.91421e-07 46.0302 -29.1469
10.6924 17.0626 116.896 -7.91399e-07 46.0417 -29.166
10.6942 17.0598 116.887 -7.91377e-07 46.0531 -29.185
10.696 17.057 116.878 -7.91356e-07 46.0645 -29.2041
10.6978 17.0543 116.87 -7.91334e-07 46.076 -29.2231
10.6996 17.0515 116.861 -7.91312e-07 46.0874 -29.2422
10.7013 17.0487 116.852 -7.91291e-07 46.0988 -29.2612
10.7031 17.046 116.844 -7.91269e-07 46.1103 -29.2802
10.7049 17.0432 116.835 -7.91248e-07 46.1217 -29.2993
10.7067 17.0404 116.826 -7.91226e-07 46.1331 -29.3183
10.7085 17.0377 116.818 -7.91205e-07 46.1446 -29.3374
10.7103 17.0349 116.809 -7.91183e-07 46.156 -29.3564
10.712 17.0322 116.8 -7.91162e-07 46.1674 -29.3755
10.7138 17.0294 116.792 -7.9114e-07 46.1788 -29.3945
10.7156 17.0267 116.783 -7.91119e-07 46.1903 -29.4136
10.7174 17.0239 116.774 -7.91098e-07 46.2017 -29.4326
10.7192 17.0212 116.766 -7.91076e-07 46.2131 -29.4516
10.7209 17.0184 116.757 -7.91055e-07 46.2245 -29.4707
10.7227 17.0157 116.748 -7.91034e-07 46.2359 -29.4897
10.7245 17.013 116.74 -7.91013e-07 46.2474 -29.5088
10.7263 17.0102 116.731 -7.90991e-07 46.2588 -29.5278
10.7281 17.0075 116.722 -7.9097e-07 46.2702 -29.5469
10.7298 17.0048 116.714 -7.90949e-07 46.2816 -29.5659
10.7316 17.002 116.705 -7.90928e-07 46.293 -29.5849
10.7334 16.9993 116.696 -7.90907e-07 46.3045 -29.604
10.7352 16.9966 116.688 -7.90886e-07 46.3159 -29.623
10.737 16.9939 116.679 -7.90865e-07 46.3273 -29.6421
10.7387 16.9911 116.67 -7.90844e-07 46.3387 -29.6611
10.7405 16.9884 116.661 -7.90823e-07 46.3501 -29.6802
10.7423 16.9857 116.653 -7.90802e-07 46.3615 -29.6992
10.7441 16.983 116.644 -7.90781e-07 46.3729 -29.7182
10.7458 16.9803 116.635 -7.9076e-07 46.3843 -29.7373
10.7476 16.9776 116.627 -7.90739e-07 46.3957 -29.7563
10.7494 16.9749 116.618 -7.90718e-07 46.4072 -29.7754
10.7512 16.9722 116.609 -7.90697e-07 46.4186 -29.7944
10.7529 16.9695 116.601 -7.90677e-07 46.43 -29.8135
10.7547 16.9668 116.592 -7.90656e-07 46.4414 -29.8325
10.7565 16.9641 116.583 -7.90635e-07 46.4528 -29.8516
10.7583 16.9614 116.574 -7.90614e-07 46.4642 -29.8706
10.76 16.9587 116.566 -7.90594e-07 46.4756 -29.8896
10.7618 16.9561 116.557 -7.90573e-07 46.487 -29.9087
10.7636 16.9534 116.548 -7.90552e-07 46.4984 -29.9277
10.7653 16.9507 116.54 -7.90532e-07 46.5098 -29.9468
10.7671 16.948 116.531 -7.90511e-07 46.5212 -29.9658
10.7689 16.9453 116.522 -7.90491e-07 46.5326 -29.9849
10.7707 16.9427 116.513 -7.9047e-07 46.544 -30.0039
10.7724 16.94 116.505 -7.9045e-07 46.5553 -30.0229
10.7742 16.9373 116.496 -7.90429e-07 46.5667 -30.042
10.776 16.9348 116.487 -7.9041e-07 46.578 -30.061
10.7777 16.9323 116.479 -7.90393e-07 46.5892 -30.0801
10.7795 16.9299 116.47 -7.90378e-07 46.6002 -30.0991
10.7813 16.9276 116.461 -7.90364e-07 46.611 -30.1182
10.7831 16.9254 116.453 -7.90352e-07 46.6218 -30.1372
10.7848 16.9233 116.444 -7.90342e-07 46.6324 -30.1563
10.7866 16.9213 116.436 -7.90334e-07 46.6428 -30.1753
10.7884 16.9195 116.427 -7.90328e-07 46.6532 -30.1943
10.7901 16.9177 116.419 -7.90323e-07 46.6633 -30.2134
10.7919 16.916 116.411 -7.9032e-07 46.6734 -30.2324
10.7937 16.9144 116.402 -7.90319e-07 46.6833 -30.2515
10.7954 16.9129 116.394 -7.9032e-07 46.6931 -30.2705
10.7972 16.9115 116.386 -7.90322e-07 46.7027 -30.2896
10.799 16.9102 116.378 -7.90327e-07 46.7122 -30.3086
10.8007 16.909 116.369 -7.90333e-07 46.7216 -30.3276
10.8025 16.908 116.361 -7.9034e-07 46.7308 -30.3467
10.8043 16.907 116.353 -7.9035e-07 46.7399 -30.3657
10.806 16.9061 116.345 -7.90361e-07 46.7489 -30.3848
10.8078 16.9053 116.337 -7.90374e-07 46.7577 -30.4038
10.8096 16.9046 116.329 -7.90389e-07 46.7664 -30.4229
10.8113 16.904 116.321 -7.90406e-07 46.7749 -30.4419
10.8131 16.9035 116.313 -7.90424e-07 46.7833 -30.461
10.8148 16.9031 116.305 -7.90444e-07 46.7916 -30.48
10.8166 16.9028 116.297 -7.90466e-07 46.7997 -30.499
10.8184 16.9026 116.29 -7.9049e-07 46.8077 -30.5181
10.8201 16.9025 116.282 -7.90515e-07 46.8156 -30.5371
10.8219 16.9025 116.274 -7.90542e-07 46.8233 -30.5562
10.8237 16.9026 116.266 -7.90571e-07 46.8309 -30.5752
10.8254 16.9028 116.259 -7.90602e-07 46.8384 -30.5943
10.8272 16.9031 116.251 -7.90634e-07 46.8457 -30.6133
10.8289 16.9035 116.244 -7.90668e-07 46.8529 -30.6323
10.8307 16.9039 116.236 -7.90704e-07 46.8599 -30.6514
10.8325 16.9045 116.229 -7.90742e-07 46.8668 -30.6704
10.8342 16.9052 116.221 -7.90781e-07 46.8736 -30.6895
10.836 16.906 116.214 -7.90822e-07 46.8803 -30.7085
10.8377 16.9069 116.206 -7.90865e-07 46.8868 -30.7276
10.8395 16.9078 116.199 -7.9091e-07 46.8931 -30.7466
10.8413 16.9089 116.192 -7.90956e-07 46.8994 -30.7657
10.843 16.9101 116.184 -7.91004e-07 46.9055 -30.7847
10.8448 16.9114 116.177 -7.91054e-07 46.9114 -30.8037
10.8465 16.9127 116.17 -7.91105e-07 46.9172 -30.8228
10.8483 16.9142 116.163 -7.91158e-07 46.9229 -30.8418
10.85 16.9158 116.156 -7.91213e-07 46.9285 -30.8609
10.8518 16.9174 116.149 -7.9127e-07 46.9339 -30.8799
10.8536 16.9192 116.142 -7.91328e-07 46.9392 -30.899
10.8553 16.921 116.135 -7.91389e-07 46.9443 -30.918
10.8571 16.923 116.128 -7.9145e-07 46.9493 -30.937
10.8588 16.925 116.121 -7.91514e-07 46.9542 -30.9561
10.8606 16.9272 116.114 -7.91579e-07 46.9589 -30.9751
10.8623 16.9294 116.107 -7.91646e-07 46.9635 -30.9942
10.8641 16.9318 116.1 -7.91715e-07 46.968 -31.0132
10.8658 16.9342 116.093 -7.91785e-07 46.9723 -31.0323
10.8676 16.9367 116.087 -7.91858e-07 46.9765 -31.0513
10.8693 16.9394 116.08 -7.91932e-07 46.9806 -31.0704
10.8711 16.9421 116.073 -7.92007e-07 46.9845 -31.0894
10.8729 16.9449 116.067 -7.92085e-07 46.9883 -31.1084
10.8746 16.9478 116.06 -7.92164e-07 46.9919 -31.1275
10.8764 16.9509 116.054 -7.92244e-07 46.9954 -31.1465
10.8781 16.954 116.047 -7.92327e-07 46.9988 -31.1656
10.8799 16.9572 116.041 -7.92411e-07 47.002 -31.1846
10.8816 16.9605 116.034 -7.92497e-07 47.0052 -31.2037
10.8834 16.9639 116.028 -7.92585e-07 47.0081 -31.2227
10.8851 16.9674 116.022 -7.92674e-07 47.011 -31.2417
10.8869 16.971 116.015 -7.92765e-07 47.0137 -31.2608
10.8886 16.9747 116.009 -7.92858e-07 47.0162 -31.2798
10.8904 16.9785 116.003 -7.92952e-07 47.0187 -31.2989
10.8921 16.9824 115.997 -7.93049e-07 47.021 -31.3179
10.8939 16.9864 115.99 -7.93147e-07 47.0231 -31.337
10.8956 16.9905 115.984 -7.93246e-07 47.0251 -31.356
10.8974 16.9947 115.978 -7.93348e-07 47.027 -31.3751
10.8991 16.9989 115.972 -7.93451e-07 47.0288 -31.3941
10.9009 17.0033 115.966 -7.93555e-07 47.0304 -31.4131
10.9026 17.0078 115.96 -7.93662e-07 47.0319 -31.4322
10.9044 17.0123 115.954 -7.9377e-07 47.0332 -31.4512
10.9061 17.017 115.949 -7.9388e-07 47.0345 -31.4703
10.9078 17.0218 115.943 -7.93992e-07 47.0355 -31.4893
10.9096 17.0266 115.937 -7.94105e-07 47.0365 -31.5084
10.9113 17.0316 115.931 -7.9422e-07 47.0373 -31.5274
10.9131 17.0366 115.925 -7.94337e-07 47.038 -31.5464
10.9148 17.0418 115.92 -7.94456e-07 47.0385 -31.5655
10.9166 17.047 115.914 -7.94576e-07 47.0389 -31.5845
10.9183 17.0523 115.908 -7.94698e-07 47.0392 -31.6036
10.9201 17.0578 115.903 -7.94821e-07 47.0393 -31.6226
10.9218 17.0633 115.897 -7.94947e-07 47.0393 -31.6417
10.9236 17.0689 115.892 -7.95074e-07 47.0392 -31.6607
10.9253 17.0746 115.886 -7.95203e-07 47.0389 -31.6798
10.927 17.0805 115.881 -7.95333e-07 47.0385 -31.6988
10.9288 17.0864 115.876 -7.95465e-07 47.038 -31.7178
10.9305 17.0924 115.87 -7.95599e-07 47.0373 -31.7369
10.9323 17.0985 115.865 -7.95735e-07 47.0365 -31.7559
10.934 17.1047 115.86 -7.95872e-07 47.0356 -31.775
10.9357 17.111 115.854 -7.96012e-07 47.0345 -31.794
10.9375 17.1174 115.849 -7.96152e-07 47.0333 -31.8131
10.9392 17.1239 115.844 -7.96295e-07 47.0319 -31.8321
10.941 17.1305 115.839 -7.96439e-07 47.0305 -31.8508
10.9427 17.1372 115.834 -7.96585e-07 47.0289 -31.8686
10.9445 17.144 115.829 -7.96733e-07 47.0271 -31.8854
10.9463 17.1511 115.824 -7.96887e-07 47.0253 -31.9011
10.9481 17.1584 115.818 -7.97044e-07 47.0235 -31.9159
10.95 17.1657 115.813 -7.97202e-07 47.0214 -31.9297
10.9518 17.1732 115.808 -7.97363e-07 47.0193 -31.943
10.9536 17.1808 115.802 -7.97524e-07 47.017 -31.9564
10.9555 17.1884 115.797 -7.97688e-07 47.0145 -31.9697
10.9573 17.1962 115.792 -7.97853e-07 47.012 -31.9831
10.9591 17.204 115.787 -7.9802e-07 47.0093 -31.9965
10.961 17.212 115.782 -7.98188e-07 47.0064 -32.0098
10.9628 17.22 115.777 -7.98359e-07 47.0035 -32.0232
10.9646 17.2281 115.771 -7.98531e-07 47.0004 -32.0366
10.9665 17.2364 115.766 -7.98705e-07 46.9971 -32.0499
10.9683 17.2447 115.762 -7.9888e-07 46.9938 -32.0633
10.9701 17.2531 115.757 -7.99058e-07 46.9903 -32.0766
10.972 17.2617 115.752 -7.99237e-07 46.9866 -32.09
10.9738 17.2703 115.747 -7.99418e-07 46.9829 -32.1034
10.9756 17.279 115.742 -7.996e-07 46.979 -32.1167
10.9774 17.2878 115.737 -7.99784e-07 46.9749 -32.1301
10.9793 17.2967 115.733 -7.9997e-07 46.9708 -32.1435
10.9811 17.3057 115.728 -8.00158e-07 46.9665 -32.1568
10.9829 17.3148 115.723 -8.00348e-07 46.962 -32.1702
10.9848 17.324 115.719 -8.00539e-07 46.9575 -32.1836
10.9866 17.3333 115.714 -8.00732e-07 46.9528 -32.1969
10.9884 17.3427 115.709 -8.00927e-07 46.9479 -32.2103
10.9902 17.3522 115.705 -8.01123e-07 46.9429 -32.2236
10.9921 17.3617 115.7 -8.01321e-07 46.9378 -32.237
10.9939 17.3714 115.696 -8.01522e-07 46.9326 -32.2504
10.9957 17.3812 115.692 -8.01723e-07 46.9272 -32.2637
10.9976 17.3911 115.687 -8.01927e-07 46.9217 -32.2771
10.9994 17.401 115.683 -8.02132e-07 46.9161 -32.2905
11.0012 17.4111 115.679 -8.02339e-07 46.9103 -32.3038
11.003 17.4212 115.674 -8.02548e-07 46.9044 -32.3172
11.0049 17.4315 115.67 -8.02759e-07 46.8984 -32.3305
11.0067 17.4418 115.666 -8.02971e-07 46.8922 -32.3439
11.0085 17.4523 115.662 -8.03185e-07 46.8859 -32.3573
11.0103 17.4628 115.658 -8.03401e-07 46.8795 -32.3706
11.0122 17.4735 115.654 -8.03619e-07 46.8729 -32.384
11.014 17.4842 115.65 -8.03838e-07 46.8662 -32.3974
11.0158 17.495 115.646 -8.04059e-07 46.8594 -32.4107
11.0176 17.506 115.642 -8.04282e-07 46.8524 -32.4241
11.0194 17.517 115.638 -8.04507e-07 46.8453 -32.4374
11.0213 17.5281 115.634 -8.04734e-07 46.8381 -32.4508
11.0231 17.5393 115.63 -8.04962e-07 46.8307 -32.4642
11.0249 17.5507 115.626 -8.05192e-07 46.8232 -32.4775
11.0267 17.5621 115.622 -8.05424e-07 46.8156 -32.4909
11.0286 17.5736 115.619 -8.05658e-07 46.8078 -32.5043
11.0304 17.5852 115.615 -8.05894e-07 46.7999 -32.5176
11.0322 17.5969 115.611 -8.06131e-07 46.7919 -32.531
11.034 17.6087 115.608 -8.0637e-07 46.7838 -32.5443
11.0358 17.6206 115.604 -8.06611e-07 46.7755 -32.5577
11.0376 17.6326 115.6 -8.06854e-07 46.767 -32.5711
11.0395 17.6447 115.597 -8.07099e-07 46.7585 -32.5844
11.0413 17.6569 115.593 -8.07345e-07 46.7498 -32.5978
11.0431 17.6691 115.59 -8.07593e-07 46.741 -32.6112
11.0449 17.6815 115.586 -8.07843e-07 46.732 -32.6245
11.0467 17.694 115.583 -8.08095e-07 46.7229 -32.6379
11.0486 17.7066 115.58 -8.08349e-07 46.7137 -32.6513
11.0504 17.7193 115.576 -8.08604e-07 46.7044 -32.6646
11.0522 17.732 115.573 -8.08862e-07 46.6949 -32.678
11.054 17.7449 115.57 -8.09121e-07 46.6853 -32.6913
11.0558 17.7579 115.567 -8.09382e-07 46.6755 -32.7047
11.0576 17.7709 115.563 -8.09645e-07 46.6657 -32.7181
11.0594 17.7841 115.56 -8.09909e-07 46.6556 -32.7314
11.0613 17.7973 115.557 -8.10176e-07 46.6455 -32.7448
11.0631 17.8107 115.554 -8.10444e-07 46.6352 -32.7582
11.0649 17.8241 115.551 -8.10715e-07 46.6248 -32.7715
11.0667 17.8377 115.548 -8.10987e-07 46.6143 -32.7849
11.0685 17.8513 115.545 -8.11261e-07 46.6036 -32.7982
11.0703 17.8651 115.542 -8.11537e-07 46.5928 -32.8116
11.0721 17.8789 115.539 -8.11814e-07 46.5819 -32.825
11.0739 17.8929 115.536 -8.12094e-07 46.5708 -32.8383
11.0758 17.9069 115.533 -8.12375e-07 46.5596 -32.8517
11.0776 17.921 115.531 -8.12659e-07 46.5483 -32.8651
11.0794 17.9353 115.528 -8.12944e-07 46.5369 -32.8784
11.0812 17.9496 115.525 -8.13231e-07 46.5253 -32.8918
11.083 17.964 115.522 -8.1352e-07 46.5135 -32.9051
11.0848 17.9786 115.52 -8.13811e-07 46.5017 -32.9185
11.0866 17.9932 115.517 -8.14103e-07 46.4897 -32.9319
11.0884 18.0079 115.514 -8.14398e-07 46.4776 -32.9452
11.0902 18.0227 115.512 -8.14695e-07 46.4654 -32.9586
11.092 18.0377 115.509 -8.14993e-07 46.453 -32.972
11.0939 18.0527 115.507 -8.15293e-07 46.4405 -32.9853
11.0957 18.0678 115.504 -8.15596e-07 46.4278 -32.9987
11.0975 18.083 115.502 -8.159e-07 46.4151 -33.012
11.0993 18.0983 115.5 -8.16206e-07 46.4022 -33.0254
11.1011 18.1137 115.497 -8.16514e-07 46.3891 -33.0388
11.1029 18.1292 115.495 -8.16824e-07 46.376 -33.0521
11.1047 18.1449 115.492 -8.17136e-07 46.3627 -33.0655
11.1065 18.1606 115.49 -8.1745e-07 46.3493 -33.0789
11.1083 18.1764 115.488 -8.17765e-07 46.3357 -33.0922
11.1101 18.1923 115.486 -8.18083e-07 46.322 -33.1056
11.1119 18.2083 115.484 -8.18403e-07 46.3082 -33.119
11.1137 18.2244 115.481 -8.18724e-07 46.2943 -33.1323
11.1155 18.2406 115.479 -8.19048e-07 46.2802 -33.1457
11.1173 18.2569 115.477 -8.19374e-07 46.266 -33.159
11.1191 18.2733 115.475 -8.19701e-07 46.2516 -33.1724
11.1209 18.2898 115.473 -8.20031e-07 46.2372 -33.1858
11.1227 18.3064 115.471 -8.20362e-07 46.2226 -33.1991
11.1245 18.323 115.469 -8.20693e-07 46.208 -33.2125
11.1263 18.3396 115.467 -8.21025e-07 46.1934 -33.2259
11.1281 18.3562 115.465 -8.21356e-07 46.1789 -33.2392
11.1299 18.3728 115.463 -8.21688e-07 46.1643 -33.2526
11.1317 18.3894 115.461 -8.2202e-07 46.1497 -33.2659
11.1335 18.406 115.459 -8.22352e-07 46.1351 -33.2793
11.1353 18.4226 115.457 -8.22685e-07 46.1206 -33.2927
11.1371 18.4392 115.455 -8.23017e-07 46.106 -33.306
11.1389 18.4558 115.453 -8.2335e-07 46.0915 -33.3194
11.1407 18.4724 115.451 -8.23682e-07 46.0769 -33.3328
11.1425 18.4891 115.449 -8.24015e-07 46.0624 -33.3461
11.1443 18.5057 115.447 -8.24348e-07 46.0478 -33.3595
11.1461 18.5223 115.444 -8.24681e-07 46.0333 -33.3728
11.1479 18.5389 115.442 -8.25014e-07 46.0187 -33.3862
11.1497 18.5555 115.44 -8.25348e-07 46.0042 -33.3996
11.1515 18.5721 115.438 -8.25681e-07 45.9897 -33.4129
11.1533 18.5888 115.436 -8.26015e-07 45.9752 -33.4263
11.1551 18.6054 115.434 -8.26349e-07 45.9606 -33.4397
11.1569 18.622 115.432 -8.26683e-07 45.9461 -33.453
11.1587 18.6387 115.43 -8.27017e-07 45.9316 -33.4664
11.1605 18.6553 115.428 -8.27351e-07 45.9171 -33.4797
11.1623 18.6719 115.425 -8.27686e-07 45.9026 -33.4931
11.1641 18.6886 115.423 -8.2802e-07 45.8881 -33.5065
11.1659 18.7052 115.421 -8.28355e-07 45.8736 -33.5198
11.1677 18.7218 115.419 -8.2869e-07 45.8591 -33.5332
11.1695 18.7385 115.417 -8.29025e-07 45.8446 -33.5466
11.1713 18.7551 115.415 -8.2936e-07 45.8301 -33.5599
11.1731 18.7718 115.413 -8.29695e-07 45.8156 -33.5733
11.1749 18.7884 115.41 -8.3003e-07 45.8011 -33.5867
11.1766 18.8051 115.408 -8.30366e-07 45.7866 -33.6
11.1784 18.8217 115.406 -8.30701e-07 45.7722 -33.6134
11.1802 18.8384 115.404 -8.31037e-07 45.7577 -33.6267
11.182 18.855 115.402 -8.31373e-07 45.7432 -33.6401
11.1838 18.8717 115.4 -8.31709e-07 45.7288 -33.6535
11.1856 18.8883 115.397 -8.32045e-07 45.7143 -33.6668
11.1874 18.905 115.395 -8.32382e-07 45.6998 -33.6802
11.1892 18.9217 115.393 -8.32718e-07 45.6854 -33.6936
11.191 18.9383 115.391 -8.33055e-07 45.6709 -33.7069
11.1928 18.955 115.389 -8.33392e-07 45.6565 -33.7203
11.1946 18.9717 115.386 -8.33729e-07 45.642 -33.7336
11.1963 18.9883 115.384 -8.34066e-07 45.6276 -33.747
11.1981 19.005 115.382 -8.34403e-07 45.6132 -33.7604
11.1999 19.0217 115.38 -8.3474e-07 45.5987 -33.7737
11.2017 19.0383 115.377 -8.35078e-07 45.5843 -33.7871
11.2035 19.055 115.375 -8.35415e-07 45.5699 -33.8005
11.2053 19.0717 115.373 -8.35753e-07 45.5555 -33.8138
11.2071 19.0884 115.371 -8.36091e-07 45.541 -33.8272
11.2088 19.1051 115.368 -8.36429e-07 45.5266 -33.8405
11.2106 19.1217 115.366 -8.36767e-07 45.5122 -33.8539
11.2124 19.1384 115.364 -8.37105e-07 45.4978 -33.8673
11.2142 19.1551 115.361 -8.37444e-07 45.4834 -33.8806
11.216 19.1718 115.359 -8.37783e-07 45.469 -33.894
11.2178 19.1885 115.357 -8.38121e-07 45.4546 -33.9074
11.2196 19.2052 115.355 -8.3846e-07 45.4402 -33.9207
11.2213 19.2219 115.352 -8.38799e-07 45.4258 -33.9341
11.2231 19.2386 115.35 -8.39138e-07 45.4115 -33.9474
11.2249 19.2553 115.348 -8.39478e-07 45.3971 -33.9608
11.2267 19.272 115.345 -8.39817e-07 45.3827 -33.9742
11.2285 19.2887 115.343 -8.40157e-07 45.3683 -33.9875
11.2303 19.3054 115.341 -8.40497e-07 45.354 -34.0009
11.232 19.3221 115.338 -8.40836e-07 45.3396 -34.0143
11.2338 19.3388 115.336 -8.41176e-07 45.3252 -34.0276
11.2356 19.3555 115.334 -8.41517e-07 45.3109 -34.041
11.2374 19.3722 115.331 -8.41857e-07 45.2965 -34.0544
11.2392 19.3889 115.329 -8.42197e-07 45.2822 -34.0677
11.2409 19.4056 115.327 -8.42538e-07 45.2678 -34.0811
11.2427 19.4223 115.324 -8.42879e-07 45.2535 -34.0944
11.2445 19.439 115.322 -8.4322e-07 45.2391 -34.1078
11.2463 19.4558 115.319 -8.43561e-07 45.2248 -34.1212
11.2481 19.4725 115.317 -8.43902e-07 45.2105 -34.1345
11.2498 19.4892 115.315 -8.44243e-07 45.1961 -34.1479
11.2516 19.5059 115.312 -8.44585e-07 45.1818 -34.1613
11.2534 19.5226 115.31 -8.44926e-07 45.1675 -34.1746
11.2552 19.5394 115.307 -8.45268e-07 45.1532 -34.188
11.2569 19.5561 115.305 -8.4561e-07 45.1389 -34.2013
11.2587 19.5728 115.303 -8.45952e-07 45.1246 -34.2147
11.2605 19.5896 115.3 -8.46294e-07 45.1102 -34.2281
11.2623 19.6063 115.298 -8.46636e-07 45.0959 -34.2414
11.264 19.623 115.295 -8.46979e-07 45.0816 -34.2548
11.2658 19.6398 115.293 -8.47321e-07 45.0674 -34.2682
11.2676 19.6565 115.29 -8.47664e-07 45.0531 -34.2815
11.2694 19.6732 115.288 -8.48007e-07 45.0388 -34.2949
11.2711 19.69 115.286 -8.4835e-07 45.0245 -34.3082
11.2729 19.7067 115.283 -8.48693e-07 45.0102 -34.3216
11.2747 19.7235 115.281 -8.49036e-07 44.9959 -34.335
11.2765 19.7402 115.278 -8.4938e-07 44.9817 -34.3483
11.2782 19.757 115.276 -8.49723e-07 44.9674 -34.3617
11.28 19.7737 115.273 -8.50067e-07 44.9531 -34.3751
11.2818 19.7905 115.271 -8.50411e-07 44.9389 -34.3884
11.2836 19.8072 115.268 -8.50755e-07 44.9246 -34.4018
11.2853 19.824 115.266 -8.51099e-07 44.9104 -34.4151
11.2871 19.8407 115.263 -8.51443e-07 44.8961 -34.4285
11.2889 19.8575 115.261 -8.51788e-07 44.8819 -34.4419
11.2906 19.8742 115.258 -8.52132e-07 44.8676 -34.4552
11.2924 19.891 115.256 -8.52477e-07 44.8534 -34.4686
11.2942 19.9078 115.253 -8.52822e-07 44.8391 -34.482
11.296 19.9245 115.251 -8.53167e-07 44.8249 -34.4953
11.2977 19.9413 115.248 -8.53512e-07 44.8107 -34.5087
11.2995 19.9581 115.245 -8.53857e-07 44.7965 -34.5221
11.3013 19.9748 115.243 -8.54203e-07 44.7822 -34.5354
11.303 19.9916 115.24 -8.54548e-07 44.768 -34.5488
11.3048 20.0084 115.238 -8.54894e-07 44.7538 -34.5621
11.3066 20.0251 115.235 -8.5524e-07 44.7396 -34.5755
11.3083 20.0419 115.233 -8.55586e-07 44.7254 -34.5889
11.3101 20.0587 115.23 -8.55932e-07 44.7112 -34.6022
11.3119 20.0755 115.228 -8.56278e-07 44.697 -34.6156
11.3136 20.0923 115.225 -8.56625e-07 44.6828 -34.629
11.3154 20.109 115.222 -8.56971e-07 44.6686 -34.6423
11.3172 20.1258 115.22 -8.57318e-07 44.6544 -34.6557
11.3189 20.1426 115.217 -8.57665e-07 44.6403 -34.669
11.3207 20.1594 115.215 -8.58012e-07 44.6261 -34.6824
11.3225 20.1762 115.212 -8.58359e-07 44.6119 -34.6958
11.3242 20.193 115.209 -8.58706e-07 44.5977 -34.7091
11.326 20.2098 115.207 -8.59054e-07 44.5836 -34.7225
11.3277 20.2266 115.204 -8.59401e-07 44.5694 -34.7359
11.3295 20.2434 115.201 -8.59749e-07 44.5552 -34.7492
11.3313 20.2602 115.199 -8.60097e-07 44.5411 -34.7626
11.333 20.277 115.196 -8.60445e-07 44.5269 -34.7759
11.3348 20.2938 115.193 -8.60793e-07 44.5128 -34.7893
11.3366 20.3106 115.191 -8.61142e-07 44.4987 -34.8027
11.3383 20.3274 115.188 -8.6149e-07 44.4845 -34.816
11.3401 20.3442 115.185 -8.61839e-07 44.4704 -34.8294
11.3418 20.361 115.183 -8.62187e-07 44.4562 -34.8428
11.3436 20.3778 115.18 -8.62536e-07 44.4421 -34.8561
11.3454 20.3946 115.177 -8.62885e-07 44.428 -34.8695
11.3471 20.4114 115.175 -8.63234e-07 44.4139 -34.8828
11.3489 20.4282 115.172 -8.63584e-07 44.3998 -34.8962
11.3506 20.445 115.169 -8.63933e-07 44.3856 -34.9096
11.3524 20.4618 115.167 -8.64283e-07 44.3715 -34.9229
11.3542 20.4787 115.164 -8.64632e-07 44.3574 -34.9363
11.3559 20.4955 115.161 -8.64982e-07 44.3433 -34.9497
11.3577 20.5123 115.158 -8.65332e-07 44.3292 -34.963
11.3594 20.5291 115.156 -8.65682e-07 44.3151 -34.9764
11.3612 20.5459 115.153 -8.66033e-07 44.301 -34.9898
11.3629 20.5628 115.15 -8.66383e-07 44.287 -35.0031
11.3647 20.5796 115.148 -8.66734e-07 44.2729 -35.0165
11.3665 20.5964 115.145 -8.67084e-07 44.2588 -35.0298
11.3682 20.6132 115.142 -8.67435e-07 44.2447 -35.0432
11.37 20.6301 115.139 -8.67786e-07 44.2307 -35.0566
11.3717 20.6469 115.137 -8.68138e-07 44.2166 -35.0699
11.3735 20.6637 115.134 -8.68489e-07 44.2025 -35.0833
11.3752 20.6806 115.131 -8.6884e-07 44.1885 -35.0967
11.377 20.6974 115.128 -8.69192e-07 44.1744 -35.11
11.3787 20.7143 115.125 -8.69544e-07 44.1604 -35.1234
11.3805 20.7311 115.123 -8.69895e-07 44.1463 -35.1367
11.3822 20.7479 115.12 -8.70248e-07 44.1323 -35.1501
11.384 20.7648 115.117 -8.706e-07 44.1182 -35.1635
11.3858 20.7816 115.114 -8.70952e-07 44.1042 -35.1768
11.3875 20.7985 115.111 -8.71304e-07 44.0902 -35.1902
11.3893 20.8153 115.109 -8.71657e-07 44.0761 -35.2036
11.391 20.8322 115.106 -8.7201e-07 44.0621 -35.2169
11.3928 20.849 115.103 -8.72363e-07 44.0481 -35.2303
11.3945 20.8659 115.1 -8.72716e-07 44.0341 -35.2436
11.3963 20.8827 115.097 -8.73069e-07 44.0201 -35.257
11.398 20.8996 115.094 -8.73422e-07 44.0061 -35.2704
11.3998 20.9164 115.092 -8.73776e-07 43.992 -35.2837
11.4015 20.9333 115.089 -8.74129e-07 43.978 -35.2971
11.4033 20.9502 115.086 -8.74483e-07 43.964 -35.3105
11.405 20.967 115.083 -8.74837e-07 43.9501 -35.3238
11.4068 20.9839 115.08 -8.75191e-07 43.9361 -35.3372
11.4085 21.0007 115.077 -8.75545e-07 43.9221 -35.3505
11.4103 21.0176 115.074 -8.75899e-07 43.9081 -35.3639
11.412 21.0345 115.071 -8.76254e-07 43.8941 -35.3773
11.4138 21.0513 115.069 -8.76609e-07 43.8802 -35.3906
11.4155 21.0682 115.066 -8.76963e-07 43.8662 -35.404
11.4172 21.0851 115.063 -8.77318e-07 43.8522 -35.4174
11.419 21.102 115.06 -8.77673e-07 43.8383 -35.4307
11.4207 21.1188 115.057 -8.78028e-07 43.8243 -35.4441
11.4225 21.1357 115.054 -8.78384e-07 43.8103 -35.4575
11.4242 21.1526 115.051 -8.78739e-07 43.7964 -35.4708
11.426 21.1695 115.048 -8.79095e-07 43.7824 -35.4842
11.4277 21.1863 115.045 -8.79451e-07 43.7685 -35.4975
11.4295 21.2032 115.042 -8.79807e-07 43.7546 -35.5109
11.4312 21.2201 115.039 -8.80163e-07 43.7406 -35.5243
11.4329 21.237 115.036 -8.80519e-07 43.7267 -35.5376
11.4347 21.2539 115.033 -8.80875e-07 43.7128 -35.551
11.4364 21.2708 115.03 -8.81232e-07 43.6989 -35.5644
11.4382 21.2877 115.027 -8.81588e-07 43.6849 -35.5777
11.4399 21.3045 115.024 -8.81945e-07 43.671 -35.5911
11.4417 21.3214 115.021 -8.82302e-07 43.6571 -35.6044
11.4434 21.3383 115.018 -8.82659e-07 43.6432 -35.6178
11.4451 21.3552 115.015 -8.83016e-07 43.6293 -35.6312
11.4469 21.3721 115.012 -8.83374e-07 43.6154 -35.6445
11.4486 21.389 115.009 -8.83731e-07 43.6015 -35.6579
11.4504 21.4059 115.006 -8.84089e-07 43.5876 -35.6713
11.4521 21.4228 115.003 -8.84446e-07 43.5737 -35.6846
11.4538 21.4397 115 -8.84804e-07 43.5598 -35.698
11.4556 21.4566 114.997 -8.85162e-07 43.546 -35.7113
11.4573 21.4735 114.994 -8.85521e-07 43.5321 -35.7247
11.4591 21.4904 114.991 -8.85879e-07 43.5182 -35.7381
11.4608 21.5073 114.988 -8.86238e-07 43.5044 -35.7514
11.4625 21.5243 114.985 -8.86596e-07 43.4905 -35.7648
11.4643 21.5412 114.982 -8.86955e-07 43.4766 -35.7782
11.466 21.5581 114.979 -8.87314e-07 43.4628 -35.7915
11.4678 21.575 114.976 -8.87673e-07 43.4489 -35.8049
11.4695 21.5919 114.973 -8.88032e-07 43.4351 -35.8182
11.4712 21.6088 114.97 -8.88392e-07 43.4212 -35.8316
11.473 21.6257 114.967 -8.88751e-07 43.4074 -35.845
11.4747 21.6427 114.964 -8.89111e-07 43.3936 -35.8583
11.4764 21.6596 114.961 -8.89471e-07 43.3797 -35.8717
11.4782 21.6765 114.958 -8.89831e-07 43.3659 -35.8851
11.4799 21.6934 114.954 -8.90191e-07 43.3521 -35.8984
11.4816 21.7104 114.951 -8.90551e-07 43.3383 -35.9118
11.4834 21.7273 114.948 -8.90911e-07 43.3244 -35.9252
11.4851 21.7442 114.945 -8.91272e-07 43.3106 -35.9385
11.4868 21.7611 114.942 -8.91633e-07 43.2968 -35.9519
11.4886 21.7781 114.939 -8.91993e-07 43.283 -35.9652
11.4903 21.795 114.936 -8.92354e-07 43.2692 -35.9786
11.492 21.8119 114.933 -8.92715e-07 43.2554 -35.992
11.4938 21.8289 114.929 -8.93077e-07 43.2416 -36.0053
11.4955 21.8458 114.926 -8.93438e-07 43.2279 -36.0187
11.4972 21.8627 114.923 -8.938e-07 43.2141 -36.0321
11.499 21.8797 114.92 -8.94161e-07 43.2003 -36.0454
11.5007 21.8966 114.917 -8.94523e-07 43.1865 -36.0588
11.5024 21.9136 114.914 -8.94885e-07 43.1727 -36.0721
11.5042 21.9305 114.911 -8.95247e-07 43.159 -36.0855
11.5059 21.9474 114.907 -8.9561e-07 43.1452 -36.0989
11.5076 21.9644 114.904 -8.95972e-07 43.1315 -36.1122
11.5093 21.9813 114.901 -8.96334e-07 43.1177 -36.1256
11.5111 21.9983 114.898 -8.96697e-07 43.1039 -36.139
11.5128 22.0152 114.895 -8.9706e-07 43.0902 -36.1523
11.5145 22.0322 114.891 -8.97423e-07 43.0765 -36.1657
11.5163 22.0491 114.888 -8.97786e-07 43.0627 -36.179
11.518 22.0661 114.885 -8.98149e-07 43.049 -36.1924
11.5197 22.083 114.882 -8.98513e-07 43.0352 -36.2058
11.5214 22.1 114.878 -8.98876e-07 43.0215 -36.2191
11.5232 22.117 114.875 -8.9924e-07 43.0078 -36.2325
11.5249 22.1339 114.872 -8.99604e-07 42.9941 -36.2459
11.5266 22.1509 114.869 -8.99968e-07 42.9804 -36.2592
11.5283 22.1678 114.866 -9.00332e-07 42.9667 -36.2726
11.5301 22.1848 114.862 -9.00696e-07 42.9529 -36.2859
11.5318 22.2018 114.859 -9.01061e-07 42.9392 -36.2993
11.5335 22.2187 114.856 -9.01425e-07 42.9255 -36.3127
11.5352 22.2357 114.852 -9.0179e-07 42.9118 -36.326
11.537 22.2527 114.849 -9.02155e-07 42.8982 -36.3394
11.5387 22.2696 114.846 -9.0252e-07 42.8845 -36.3528
11.5404 22.2866 114.843 -9.02885e-07 42.8708 -36.3661
11.5421 22.3036 114.839 -9.03251e-07 42.8571 -36.3795
11.5439 22.3206 114.836 -9.03616e-07 42.8434 -36.3928
11.5456 22.3375 114.833 -9.03982e-07 42.8298 -36.4062
11.5473 22.3545 114.829 -9.04347e-07 42.8161 -36.4196
11.549 22.3715 114.826 -9.04713e-07 42.8024 -36.4329
11.5508 22.3885 114.823 -9.05079e-07 42.7888 -36.4463
11.5525 22.4054 114.819 -9.05445e-07 42.7751 -36.4597
11.5542 22.4224 114.816 -9.05812e-07 42.7615 -36.473
11.5559 22.4394 114.813 -9.06178e-07 42.7478 -36.4864
11.5576 22.4564 114.809 -9.06545e-07 42.7342 -36.4998
11.5594 22.4734 114.806 -9.06912e-07 42.7205 -36.5131
11.5611 22.4904 114.803 -9.07279e-07 42.7069 -36.5265
11.5628 22.5073 114.799 -9.07646e-07 42.6933 -36.5398
11.5645 22.5243 114.796 -9.08013e-07 42.6797 -36.5532
11.5662 22.5413 114.793 -9.0838e-07 42.666 -36.5666
11.568 22.5583 114.789 -9.08748e-07 42.6524 -36.5799
11.5697 22.5753 114.786 -9.09115e-07 42.6388 -36.5933
11.5714 22.5923 114.783 -9.09483e-07 42.6252 -36.6067
11.5731 22.6093 114.779 -9.09851e-07 42.6116 -36.62
11.5748 22.6263 114.776 -9.10219e-07 42.598 -36.6334
11.5765 22.6433 114.772 -9.10587e-07 42.5844 -36.6467
11.5783 22.6603 114.769 -9.10956e-07 42.5708 -36.6601
11.58 22.6773 114.766 -9.11324e-07 42.5572 -36.6735
11.5817 22.6943 114.762 -9.11693e-07 42.5436 -36.6868
11.5834 22.7113 114.759 -9.12061e-07 42.53 -36.7002
11.5851 22.7283 114.755 -9.1243e-07 42.5165 -36.7136
11.5868 22.7453 114.752 -9.12799e-07 42.5029 -36.7269
11.5885 22.7623 114.748 -9.13169e-07 42.4893 -36.7403
11.5903 22.7793 114.745 -9.13538e-07 42.4758 -36.7536
11.592 22.7963 114.741 -9.13908e-07 42.4622 -36.767
11.5937 22.8133 114.738 -9.14277e-07 42.4486 -36.7804
11.5954 22.8304 114.735 -9.14647e-07 42.4351 -36.7937
11.5971 22.8474 114.731 -9.15017e-07 42.4215 -36.8071
11.5988 22.8644 114.728 -9.15387e-07 42.408 -36.8205
11.6005 22.8814 114.724 -9.15757e-07 42.3945 -36.8338
11.6023 22.8984 114.721 -9.16128e-07 42.3809 -36.8472
11.604 22.9154 114.717 -9.16498e-07 42.3674 -36.8605
11.6057 22.9324 114.714 -9.16869e-07 42.3539 -36.8739
11.6074 22.9495 114.71 -9.1724e-07 42.3403 -36.8873
11.6091 22.9665 114.707 -9.17611e-07 42.3268 -36.9006
11.6108 22.9835 114.703 -9.17982e-07 42.3133 -36.914
11.6125 23.0005 114.7 -9.18353e-07 42.2998 -36.9274
11.6142 23.0176 114.696 -9.18724e-07 42.2863 -36.9407
11.6159 23.0346 114.693 -9.19096e-07 42.2728 -36.9541
11.6176 23.0516 114.689 -9.19468e-07 42.2593 -36.9675
11.6194 23.0686 114.686 -9.1984e-07 42.2458 -36.9808
11.6211 23.0857 114.682 -9.20211e-07 42.2323 -36.9942
11.6228 23.1027 114.678 -9.20584e-07 42.2188 -37.0075
11.6245 23.1197 114.675 -9.20956e-07 42.2053 -37.0209
11.6262 23.1368 114.671 -9.21328e-07 42.1919 -37.0343
11.6279 23.1538 114.668 -9.21701e-07 42.1784 -37.0476
11.6296 23.1708 114.664 -9.22074e-07 42.1649 -37.061
11.6313 23.1879 114.661 -9.22446e-07 42.1514 -37.0744
11.633 23.2049 114.657 -9.22819e-07 42.138 -37.0877
11.6347 23.222 114.654 -9.23193e-07 42.1245 -37.1011
11.6364 23.239 114.65 -9.23566e-07 42.1111 -37.1144
11.6381 23.256 114.646 -9.23939e-07 42.0976 -37.1278
11.6398 23.2731 114.643 -9.24313e-07 42.0842 -37.1412
11.6415 23.2901 114.639 -9.24687e-07 42.0707 -37.1545
11.6432 23.3072 114.636 -9.2506e-07 42.0573 -37.1679
11.6449 23.3242 114.632 -9.25434e-07 42.0439 -37.1813
11.6467 23.3413 114.628 -9.25809e-07 42.0304 -37.1946
11.6484 23.3583 114.625 -9.26183e-07 42.017 -37.208
11.6501 23.3754 114.621 -9.26557e-07 42.0036 -37.2213
11.6518 23.3924 114.617 -9.26932e-07 41.9902 -37.2347
11.6535 23.4095 114.614 -9.27307e-07 41.9768 -37.2481
11.6552 23.4265 114.61 -9.27682e-07 41.9634 -37.2614
11.6569 23.4436 114.606 -9.28057e-07 41.95 -37.2748
11.6586 23.4606 114.603 -9.28432e-07 41.9366 -37.2882
11.6603 23.4777 114.599 -9.28807e-07 41.9232 -37.3015
11.662 23.4948 114.595 -9.29183e-07 41.9098 -37.3149
11.6637 23.5118 114.592 -9.29558e-07 41.8964 -37.3282
11.6654 23.5289 114.588 -9.29934e-07 41.883 -37.3416
11.6671 23.5459 114.584 -9.3031e-07 41.8696 -37.355
11.6688 23.563 114.581 -9.30686e-07 41.8563 -37.3683
11.6705 23.5801 114.577 -9.31062e-07 41.8429 -37.3817
11.6722 23.5971 114.573 -9.31438e-07 41.8295 -37.3951
11.6739 23.6142 114.57 -9.31815e-07 41.8162 -37.4084
11.6756 23.6313 114.566 -9.32192e-07 41.8028 -37.4218
11.6773 23.6483 114.562 -9.32568e-07 41.7894 -37.4352
11.679 23.6654 114.558 -9.32945e-07 41.7761 -37.4485
11.6807 23.6825 114.555 -9.33322e-07 41.7628 -37.4619
11.6824 23.6995 114.551 -9.33699e-07 41.7494 -37.4752
11.6841 23.7166 114.547 -9.34077e-07 41.7361 -37.4886
11.6858 23.7337 114.544 -9.34454e-07 41.7227 -37.502
11.6874 23.7508 114.54 -9.34832e-07 41.7094 -37.5153
11.6891 23.7678 114.536 -9.3521e-07 41.6961 -37.5287
11.6908 23.7849 114.532 -9.35588e-07 41.6828 -37.5421
11.6925 23.802 114.529 -9.35965e-07 41.6695 -37.5554
11.6942 23.819 114.525 -9.36341e-07 41.6563 -37.5688
11.6959 23.8358 114.521 -9.36715e-07 41.6433 -37.5821
11.6976 23.8526 114.517 -9.37086e-07 41.6303 -37.5955
11.6993 23.8693 114.513 -9.37455e-07 41.6176 -37.6089
11.701 23.8858 114.509 -9.37822e-07 41.6049 -37.6222
11.7027 23.9023 114.505 -9.38187e-07 41.5924 -37.6356
11.7044 23.9186 114.501 -9.38549e-07 41.58 -37.649
11.7061 23.9349 114.497 -9.38909e-07 41.5677 -37.6623
11.7078 23.951 114.493 -9.39267e-07 41.5556 -37.6757
11.7095 23.967 114.489 -9.39623e-07 41.5436 -37.689
11.7112 23.983 114.485 -9.39977e-07 41.5318 -37.7024
11.7129 23.9988 114.481 -9.40328e-07 41.52 -37.7158
11.7145 24.0145 114.477 -9.40677e-07 41.5085 -37.7291
11.7162 24.0302 114.473 -9.41023e-07 41.497 -37.7425
11.7179 24.0457 114.469 -9.41368e-07 41.4857 -37.7559
11.7196 24.0611 114.464 -9.4171e-07 41.4745 -37.7692
11.7213 24.0764 114.46 -9.4205e-07 41.4634 -37.7826
11.723 24.0916 114.456 -9.42387e-07 41.4524 -37.7959
11.7247 24.1067 114.452 -9.42723e-07 41.4416 -37.8093
11.7264 24.1217 114.447 -9.43055e-07 41.431 -37.8227
11.7281 24.1366 114.443 -9.43386e-07 41.4204 -37.836
11.7297 24.1514 114.439 -9.43715e-07 41.41 -37.8494
11.7314 24.1661 114.434 -9.44041e-07 41.3997 -37.8628
11.7331 24.1806 114.43 -9.44364e-07 41.3896 -37.8761
11.7348 24.1951 114.425 -9.44686e-07 41.3795 -37.8895
11.7365 24.2095 114.421 -9.45005e-07 41.3696 -37.9029
11.7382 24.2237 114.416 -9.45322e-07 41.3599 -37.9162
11.7399 24.2379 114.412 -9.45636e-07 41.3502 -37.9296
11.7416 24.252 114.407 -9.45948e-07 41.3407 -37.9429
11.7432 24.2659 114.403 -9.46258e-07 41.3314 -37.9563
11.7449 24.2798 114.398 -9.46565e-07 41.3221 -37.9697
11.7466 24.2935 114.393 -9.46871e-07 41.313 -37.983
11.7483 24.3071 114.389 -9.47173e-07 41.3041 -37.9964
11.75 24.3207 114.384 -9.47474e-07 41.2952 -38.0098
11.7517 24.3341 114.379 -9.47772e-07 41.2865 -38.0231
11.7533 24.3474 114.375 -9.48068e-07 41.2779 -38.0365
11.755 24.3606 114.37 -9.48361e-07 41.2694 -38.0498
11.7567 24.3737 114.365 -9.48652e-07 41.2611 -38.0632
11.7584 24.3867 114.36 -9.48941e-07 41.2529 -38.0766
11.7601 24.3996 114.356 -9.49227e-07 41.2449 -38.0899
11.7618 24.4124 114.351 -9.49511e-07 41.2369 -38.1033
11.7634 24.4251 114.346 -9.49792e-07 41.2291 -38.1167
11.7651 24.4377 114.341 -9.50071e-07 41.2214 -38.13
11.7668 24.4502 114.336 -9.50348e-07 41.2139 -38.1434
11.7685 24.4626 114.331 -9.50623e-07 41.2065 -38.1567
11.7702 24.4748 114.326 -9.50895e-07 41.1992 -38.1701
11.7719 24.487 114.321 -9.51164e-07 41.192 -38.1835
11.7735 24.4991 114.316 -9.51431e-07 41.185 -38.1968
11.7752 24.511 114.311 -9.51696e-07 41.1781 -38.2102
11.7769 24.5229 114.306 -9.51959e-07 41.1713 -38.2236
11.7786 24.5346 114.301 -9.52219e-07 41.1647 -38.2369
11.7802 24.5462 114.296 -9.52476e-07 41.1582 -38.2503
11.7819 24.5578 114.29 -9.52731e-07 41.1518 -38.2636
11.7836 24.5692 114.285 -9.52984e-07 41.1455 -38.277
11.7853 24.5805 114.28 -9.53235e-07 41.1394 -38.2904
11.787 24.5917 114.275 -9.53482e-07 41.1334 -38.3037
11.7886 24.6028 114.27 -9.53728e-07 41.1276 -38.3171
11.7903 24.6139 114.264 -9.53971e-07 41.1218 -38.3305
11.792 24.6248 114.259 -9.54212e-07 41.1162 -38.3438
11.7937 24.6355 114.254 -9.5445e-07 41.1107 -38.3572
11.7953 24.6462 114.248 -9.54686e-07 41.1054 -38.3706
11.797 24.6568 114.243 -9.54919e-07 41.1002 -38.3839
11.7987 24.6673 114.238 -9.5515e-07 41.0951 -38.3973
11.8004 24.6777 114.232 -9.55379e-07 41.0901 -38.4106
11.802 24.6879 114.227 -9.55605e-07 41.0853 -38.424
11.8037 24.6981 114.221 -9.55829e-07 41.0806 -38.4374
11.8054 24.7081 114.216 -9.5605e-07 41.076 -38.4507
11.8071 24.7181 114.21 -9.56269e-07 41.0716 -38.4641
11.8087 24.7279 114.205 -9.56485e-07 41.0672 -38.4775
11.8104 24.7377 114.199 -9.56699e-07 41.0631 -38.4908
11.8121 24.7473 114.194 -9.5691e-07 41.059 -38.5042
11.8138 24.7568 114.188 -9.57119e-07 41.0551 -38.5175
11.8154 24.7663 114.182 -9.57326e-07 41.0513 -38.5309
11.8171 24.7756 114.177 -9.5753e-07 41.0476 -38.5443
11.8188 24.7848 114.171 -9.57732e-07 41.044 -38.5576
11.8205 24.7939 114.165 -9.57931e-07 41.0406 -38.571
11.8221 24.8029 114.16 -9.58128e-07 41.0373 -38.5844
11.8238 24.8118 114.154 -9.58322e-07 41.0342 -38.5977
11.8255 24.8206 114.148 -9.58514e-07 41.0311 -38.6111
11.8271 24.8293 114.143 -9.58703e-07 41.0282 -38.6244
11.8288 24.8378 114.137 -9.5889e-07 41.0254 -38.6378
11.8305 24.8463 114.131 -9.59075e-07 41.0228 -38.6512
11.8321 24.8546 114.125 -9.59257e-07 41.0202 -38.6645
11.8338 24.8628 114.119 -9.5944e-07 41.0178 -38.6779
11.8356 24.8707 114.114 -9.59624e-07 41.0154 -38.6913
11.8373 24.8785 114.108 -9.59808e-07 41.0131 -38.7046
11.8391 24.8861 114.103 -9.59993e-07 41.0108 -38.718
11.8409 24.8934 114.098 -9.60179e-07 41.0086 -38.7313
11.8427 24.9006 114.093 -9.60365e-07 41.0065 -38.7447
11.8445 24.9076 114.088 -9.60551e-07 41.0045 -38.7581
11.8464 24.9144 114.083 -9.60739e-07 41.0025 -38.7714
11.8483 24.921 114.078 -9.60926e-07 41.0006 -38.7848
11.8502 24.9274 114.074 -9.61115e-07 40.9988 -38.7982
11.8521 24.9336 114.069 -9.61304e-07 40.997 -38.8115
11.8541 24.9396 114.065 -9.61493e-07 40.9953 -38.8249
11.8561 24.9454 114.061 -9.61684e-07 40.9937 -38.8383
11.8581 24.951 114.057 -9.61874e-07 40.9921 -38.8516
11.8601 24.9564 114.053 -9.62066e-07 40.9906 -38.865
11.8622 24.9617 114.049 -9.62258e-07 40.9892 -38.8783
11.8643 24.9667 114.045 -9.6245e-07 40.9879 -38.8917
11.8663 24.9715 114.042 -9.6264e-07 40.9866 -38.9051
11.8683 24.9761 114.039 -9.62821e-07 40.9854 -38.9184
11.8702 24.9805 114.035 -9.62994e-07 40.9842 -38.9318
11.872 24.9847 114.032 -9.63159e-07 40.9831 -38.9452
11.8737 24.9887 114.029 -9.63315e-07 40.982 -38.9585
11.8753 24.9925 114.027 -9.63463e-07 40.981 -38.9719
11.8768 24.996 114.024 -9.63603e-07 40.9801 -38.9852
11.8782 24.9993 114.021 -9.63734e-07 40.9792 -38.9986
11.8796 25.0025 114.019 -9.63856e-07 40.9784 -39.012
11.8808 25.0054 114.017 -9.63971e-07 40.9776 -39.0253
11.882 25.0081 114.015 -9.64077e-07 40.9769 -39.0379
11.883 25.0105 114.013 -9.64174e-07 40.9762 -39.0495
11.884 25.0128 114.012 -9.64263e-07 40.9756 -39.0602
11.8849 25.0149 114.01 -9.64344e-07 40.9751 -39.0698
11.8857 25.0167 114.009 -9.64416e-07 40.9746 -39.0784
11.8863 25.0183 114.007 -9.6448e-07 40.9742 -39.086
11.887 25.0197 114.006 -9.64535e-07 40.9738 -39.0926
11.8875 25.0209 114.006 -9.64583e-07 40.9735 -39.0982
11.8879 25.0219 114.005 -9.64621e-07 40.9732 -39.1029
11.8882 25.0227 114.004 -9.64652e-07 40.973 -39.1065
11.8885 25.0233 114.004 -9.64674e-07 40.9729 -39.1091
11.8886 25.0236 114.004 -9.64687e-07 40.9728 -39.1107
