11.8886 25.0237 114.003 -9.64685e-07 40.9728 -39.1108
11.8884 25.0237 114.003 -9.64663e-07 40.9731 -39.1093
11.888 25.0236 114.003 -9.64627e-07 40.9735 -39.1073
11.8875 25.0235 114.002 -9.64576e-07 40.9741 -39.1052
11.8869 25.0233 114.002 -9.64511e-07 40.9749 -39.1032
11.8861 25.0231 114.001 -9.64431e-07 40.9758 -39.1012
11.8852 25.0229 114 -9.64337e-07 40.977 -39.0991
11.8842 25.0226 113.999 -9.64228e-07 40.9782 -39.0971
11.883 25.0223 113.998 -9.64105e-07 40.9797 -39.095
11.8817 25.022 113.997 -9.63967e-07 40.9813 -39.093
11.8802 25.0216 113.995 -9.63815e-07 40.9831 -39.0909
11.8786 25.0212 113.994 -9.63648e-07 40.9851 -39.0889
11.8768 25.0208 113.992 -9.63466e-07 40.9873 -39.0868
11.875 25.0203 113.99 -9.63271e-07 40.9896 -39.0848
11.8729 25.0198 113.988 -9.6306e-07 40.9921 -39.0827
11.8708 25.0193 113.986 -9.62836e-07 40.9947 -39.0807
11.8685 25.0187 113.984 -9.62597e-07 40.9976 -39.0787
11.866 25.0181 113.981 -9.62343e-07 41.0006 -39.0766
11.8634 25.0175 113.979 -9.62075e-07 41.0038 -39.0746
11.8607 25.0168 113.976 -9.61792e-07 41.0071 -39.0725
11.8578 25.0161 113.973 -9.61496e-07 41.0106 -39.0705
11.8548 25.0154 113.97 -9.61184e-07 41.0143 -39.0684
11.8517 25.0146 113.967 -9.60858e-07 41.0182 -39.0664
11.8484 25.0138 113.964 -9.60518e-07 41.0222 -39.0643
11.845 25.013 113.961 -9.60164e-07 41.0264 -39.0623
11.8414 25.0121 113.957 -9.59795e-07 41.0308 -39.0602
11.8377 25.0112 113.953 -9.59411e-07 41.0354 -39.0582
11.8339 25.0102 113.95 -9.59014e-07 41.0401 -39.0561
11.8299 25.0092 113.946 -9.58602e-07 41.045 -39.0541
11.8258 25.0082 113.942 -9.58175e-07 41.0501 -39.0521
11.8215 25.0072 113.937 -9.57735e-07 41.0553 -39.05
11.8171 25.0061 113.933 -9.5728e-07 41.0607 -39.048
11.8126 25.005 113.929 -9.5681e-07 41.0663 -39.0459
11.8079 25.0039 113.924 -9.56327e-07 41.0721 -39.0439
11.8031 25.0027 113.919 -9.55829e-07 41.078 -39.0418
11.7981 25.0015 113.914 -9.55317e-07 41.0841 -39.0398
11.7931 25.0002 113.909 -9.5479e-07 41.0904 -39.0377
11.7878 24.9989 113.904 -9.5425e-07 41.0968 -39.0357
11.7825 24.9976 113.899 -9.53695e-07 41.1034 -39.0336
11.7769 24.9963 113.893 -9.53126e-07 41.1102 -39.0316
11.7713 24.9949 113.888 -9.52543e-07 41.1172 -39.0296
11.7655 24.9935 113.882 -9.51945e-07 41.1243 -39.0275
11.7596 24.9921 113.876 -9.51334e-07 41.1316 -39.0255
11.7535 24.9906 113.87 -9.50708e-07 41.1391 -39.0234
11.7473 24.9891 113.864 -9.50068e-07 41.1467 -39.0214
11.741 24.9876 113.858 -9.49415e-07 41.1545 -39.0193
11.7345 24.986 113.851 -9.48747e-07 41.1625 -39.0173
11.7279 24.9844 113.845 -9.48065e-07 41.1707 -39.0152
11.7211 24.9828 113.838 -9.47369e-07 41.179 -39.0132
11.7142 24.9811 113.831 -9.46659e-07 41.1875 -39.0111
11.7072 24.9794 113.824 -9.45935e-07 41.1962 -39.0091
11.7001 24.9776 113.817 -9.45199e-07 41.205 -39.0071
11.6928 24.9757 113.81 -9.44454e-07 41.2139 -39.005
11.6854 24.9738 113.804 -9.437e-07 41.2227 -39.003
11.6779 24.9719 113.797 -9.42937e-07 41.2316 -39.0009
11.6703 24.9699 113.79 -9.42166e-07 41.2404 -38.9989
11.6626 24.968 113.783 -9.41386e-07 41.2492 -38.9968
11.6548 24.966 113.776 -9.40597e-07 41.258 -38.9948
11.6468 24.964 113.769 -9.398e-07 41.2668 -38.9927
11.6387 24.962 113.762 -9.38995e-07 41.2756 -38.9907
11.6306 24.96 113.756 -9.3818e-07 41.2844 -38.9886
11.6223 24.9579 113.749 -9.37358e-07 41.2931 -38.9866
11.6139 24.9559 113.742 -9.36526e-07 41.3019 -38.9845
11.6054 24.9538 113.736 -9.35686e-07 41.3106 -38.9825
11.5967 24.9517 113.729 -9.34838e-07 41.3193 -38.9805
11.588 24.9496 113.722 -9.33981e-07 41.3281 -38.9784
11.5791 24.9475 113.716 -9.33115e-07 41.3368 -38.9764
11.5701 24.9454 113.709 -9.32241e-07 41.3454 -38.9743
11.5611 24.9432 113.703 -9.31359e-07 41.3541 -38.9723
11.5519 24.9411 113.696 -9.30469e-07 41.3628 -38.9702
11.5427 24.9389 113.69 -9.29578e-07 41.3715 -38.9682
11.5335 24.9367 113.683 -9.28688e-07 41.3801 -38.9661
11.5243 24.9346 113.677 -9.27798e-07 41.3888 -38.9641
11.5151 24.9324 113.67 -9.26908e-07 41.3975 -38.962
11.5059 24.9303 113.664 -9.26019e-07 41.4061 -38.96
11.4967 24.9281 113.657 -9.2513e-07 41.4148 -38.958
11.4875 24.926 113.651 -9.24242e-07 41.4235 -38.9559
11.4783 24.9238 113.644 -9.23354e-07 41.4321 -38.9539
11.4691 24.9217 113.638 -9.22466e-07 41.4408 -38.9518
11.4599 24.9195 113.631 -9.21579e-07 41.4495 -38.9498
11.4507 24.9174 113.624 -9.20692e-07 41.4582 -38.9477
11.4415 24.9153 113.618 -9.19806e-07 41.4668 -38.9457
11.4324 24.9131 113.611 -9.1892e-07 41.4755 -38.9436
11.4232 24.911 113.605 -9.18034e-07 41.4842 -38.9416
11.414 24.9089 113.598 -9.17149e-07 41.4928 -38.9395
11.4048 24.9067 113.592 -9.16264e-07 41.5015 -38.9375
11.3956 24.9046 113.585 -9.1538e-07 41.5102 -38.9355
11.3864 24.9025 113.579 -9.14496e-07 41.5189 -38.9334
11.3773 24.9004 113.572 -9.13612e-07 41.5275 -38.9314
11.3681 24.8983 113.566 -9.12729e-07 41.5362 -38.9293
11.3589 24.8962 113.559 -9.11847e-07 41.5449 -38.9273
11.3497 24.894 113.552 -9.10964e-07 41.5535 -38.9252
11.3406 24.8919 113.546 -9.10082e-07 41.5622 -38.9232
11.3314 24.8898 113.539 -9.09201e-07 41.5709 -38.9211
11.3222 24.8877 113.533 -9.0832e-07 41.5796 -38.9191
11.3131 24.8856 113.526 -9.07439e-07 41.5882 -38.917
11.3039 24.8835 113.52 -9.06559e-07 41.5969 -38.915
11.2947 24.8814 113.513 -9.05679e-07 41.6056 -38.9129
11.2856 24.8793 113.506 -9.04799e-07 41.6143 -38.9109
11.2764 24.8773 113.5 -9.0392e-07 41.6229 -38.9089
11.2672 24.8752 113.493 -9.03041e-07 41.6316 -38.9068
11.2581 24.8731 113.487 -9.02163e-07 41.6403 -38.9048
11.2489 24.871 113.48 -9.01285e-07 41.649 -38.9027
11.2398 24.8689 113.473 -9.00408e-07 41.6576 -38.9007
11.2306 24.8668 113.467 -8.9953e-07 41.6663 -38.8986
11.2215 24.8648 113.46 -8.98654e-07 41.675 -38.8966
11.2123 24.8627 113.454 -8.97777e-07 41.6837 -38.8945
11.2032 24.8606 113.447 -8.96901e-07 41.6923 -38.8925
11.194 24.8586 113.44 -8.96026e-07 41.701 -38.8904
11.1849 24.8565 113.434 -8.95151e-07 41.7097 -38.8884
11.1757 24.8544 113.427 -8.94276e-07 41.7184 -38.8864
11.1666 24.8524 113.421 -8.93402e-07 41.7271 -38.8843
11.1574 24.8503 113.414 -8.92528e-07 41.7357 -38.8823
11.1483 24.8483 113.407 -8.91654e-07 41.7444 -38.8802
11.1391 24.8462 113.401 -8.90781e-07 41.7531 -38.8782
11.13 24.8442 113.394 -8.89908e-07 41.7618 -38.8761
11.1209 24.8421 113.387 -8.89036e-07 41.7704 -38.8741
11.1117 24.8401 113.381 -8.88164e-07 41.7791 -38.872
11.1026 24.838 113.374 -8.87292e-07 41.7878 -38.87
11.0934 24.836 113.368 -8.86421e-07 41.7965 -38.8679
11.0843 24.834 113.361 -8.8555e-07 41.8052 -38.8659
11.0752 24.8319 113.354 -8.8468e-07 41.8138 -38.8639
11.066 24.8299 113.348 -8.8381e-07 41.8225 -38.8618
11.0569 24.8279 113.341 -8.8294e-07 41.8312 -38.8598
11.0478 24.8258 113.334 -8.82071e-07 41.8399 -38.8577
11.0387 24.8238 113.328 -8.81203e-07 41.8486 -38.8557
11.0295 24.8218 113.321 -8.80334e-07 41.8572 -38.8536
11.0204 24.8198 113.314 -8.79466e-07 41.8659 -38.8516
11.0113 24.8178 113.308 -8.78598e-07 41.8746 -38.8495
11.0022 24.8158 113.301 -8.77731e-07 41.8833 -38.8475
10.993 24.8137 113.294 -8.76864e-07 41.892 -38.8454
10.9839 24.8117 113.288 -8.75998e-07 41.9007 -38.8434
10.9748 24.8097 113.281 -8.75132e-07 41.9093 -38.8413
10.9657 24.8077 113.274 -8.74266e-07 41.918 -38.8393
10.9566 24.8057 113.268 -8.73401e-07 41.9267 -38.8373
10.9475 24.8037 113.261 -8.72536e-07 41.9354 -38.8352
10.9384 24.8017 113.254 -8.71672e-07 41.9441 -38.8332
10.9292 24.7997 113.248 -8.70808e-07 41.9528 -38.8311
10.9201 24.7977 113.241 -8.69944e-07 41.9614 -38.8291
10.911 24.7958 113.234 -8.69081e-07 41.9701 -38.827
10.9019 24.7938 113.227 -8.68218e-07 41.9788 -38.825
10.8928 24.7918 113.221 -8.67355e-07 41.9875 -38.8229
10.8837 24.7898 113.214 -8.66493e-07 41.9962 -38.8209
10.8746 24.7878 113.207 -8.65632e-07 42.0049 -38.8188
10.8655 24.7859 113.201 -8.6477e-07 42.0136 -38.8168
10.8564 24.7839 113.194 -8.63909e-07 42.0222 -38.8148
10.8473 24.7819 113.187 -8.63049e-07 42.0309 -38.8127
10.8382 24.78 113.18 -8.62189e-07 42.0396 -38.8107
10.8291 24.778 113.174 -8.61329e-07 42.0483 -38.8086
10.82 24.776 113.167 -8.60469e-07 42.057 -38.8066
10.8109 24.7741 113.16 -8.5961e-07 42.0657 -38.8045
10.8018 24.7721 113.154 -8.58752e-07 42.0744 -38.8025
10.7927 24.7702 113.147 -8.57894e-07 42.083 -38.8004
10.7837 24.7682 113.14 -8.57036e-07 42.0917 -38.7984
10.7746 24.7663 113.133 -8.56178e-07 42.1004 -38.7963
10.7655 24.7643 113.127 -8.55321e-07 42.1091 -38.7943
10.7564 24.7624 113.12 -8.54465e-07 42.1178 -38.7923
10.7473 24.7604 113.113 -8.53608e-07 42.1265 -38.7902
10.7382 24.7585 113.106 -8.52753e-07 42.1352 -38.7882
10.7291 24.7565 113.1 -8.51897e-07 42.1439 -38.7861
10.7201 24.7546 113.093 -8.51042e-07 42.1526 -38.7841
10.711 24.7527 113.086 -8.50187e-07 42.1612 -38.782
10.7019 24.7507 113.079 -8.49333e-07 42.1699 -38.78
10.6928 24.7488 113.073 -8.48479e-07 42.1786 -38.7779
10.6838 24.7469 113.066 -8.47625e-07 42.1873 -38.7759
10.6747 24.745 113.059 -8.46772e-07 42.196 -38.7738
10.6656 24.7431 113.052 -8.4592e-07 42.2047 -38.7718
10.6565 24.7411 113.045 -8.45067e-07 42.2134 -38.7697
10.6475 24.7392 113.039 -8.44215e-07 42.2221 -38.7677
10.6384 24.7373 113.032 -8.43364e-07 42.2308 -38.7657
10.6293 24.7354 113.025 -8.42512e-07 42.2395 -38.7636
10.6203 24.7335 113.018 -8.41662e-07 42.2481 -38.7616
10.6112 24.7316 113.012 -8.40811e-07 42.2568 -38.7595
10.6022 24.7297 113.005 -8.39961e-07 42.2655 -38.7575
10.5931 24.7278 112.998 -8.39111e-07 42.2742 -38.7554
10.584 24.7259 112.991 -8.38262e-07 42.2829 -38.7534
10.575 24.724 112.984 -8.37413e-07 42.2916 -38.7513
10.5659 24.7221 112.978 -8.36565e-07 42.3003 -38.7493
10.5569 24.7202 112.971 -8.35716e-07 42.309 -38.7472
10.5478 24.7183 112.964 -8.34869e-07 42.3177 -38.7452
10.5388 24.7165 112.957 -8.34021e-07 42.3264 -38.7432
10.5297 24.7146 112.95 -8.33174e-07 42.3351 -38.7411
10.5207 24.7127 112.944 -8.32328e-07 42.3438 -38.7391
10.5116 24.7108 112.937 -8.31482e-07 42.3525 -38.737
10.5026 24.709 112.93 -8.30636e-07 42.3612 -38.735
10.4935 24.7071 112.923 -8.2979e-07 42.3699 -38.7329
10.4845 24.7052 112.916 -8.28945e-07 42.3785 -38.7309
10.4754 24.7034 112.909 -8.281e-07 42.3872 -38.7288
10.4664 24.7015 112.903 -8.27256e-07 42.3959 -38.7268
10.4574 24.6996 112.896 -8.26412e-07 42.4046 -38.7247
10.4483 24.6978 112.889 -8.25569e-07 42.4133 -38.7227
10.4393 24.6959 112.882 -8.24726e-07 42.422 -38.7206
10.4302 24.6941 112.875 -8.23883e-07 42.4307 -38.7186
10.4212 24.6922 112.868 -8.2304e-07 42.4394 -38.7166
10.4122 24.6904 112.862 -8.22198e-07 42.4481 -38.7145
10.4031 24.6885 112.855 -8.21357e-07 42.4568 -38.7125
10.3941 24.6867 112.848 -8.20515e-07 42.4655 -38.7104
10.3851 24.6848 112.841 -8.19675e-07 42.4742 -38.7084
10.3761 24.683 112.834 -8.18834e-07 42.4829 -38.7063
10.367 24.6812 112.827 -8.17994e-07 42.4916 -38.7043
10.358 24.6793 112.82 -8.17154e-07 42.5003 -38.7022
10.349 24.6775 112.814 -8.16315e-07 42.509 -38.7002
10.34 24.6757 112.807 -8.15476e-07 42.5177 -38.6981
10.3309 24.6739 112.8 -8.14637e-07 42.5264 -38.6961
10.3219 24.672 112.793 -8.13799e-07 42.5351 -38.6941
10.3129 24.6702 112.786 -8.12961e-07 42.5438 -38.692
10.3039 24.6684 112.779 -8.12124e-07 42.5525 -38.69
10.2949 24.6666 112.772 -8.11287e-07 42.5612 -38.6879
10.2858 24.6648 112.765 -8.1045e-07 42.5699 -38.6859
10.2768 24.663 112.758 -8.09614e-07 42.5786 -38.6838
10.2678 24.6612 112.752 -8.08778e-07 42.5873 -38.6818
10.2588 24.6593 112.745 -8.07942e-07 42.596 -38.6797
10.2498 24.6575 112.738 -8.07107e-07 42.6047 -38.6777
10.2408 24.6557 112.731 -8.06272e-07 42.6134 -38.6756
10.2318 24.654 112.724 -8.05438e-07 42.6221 -38.6736
10.2228 24.6522 112.717 -8.04604e-07 42.6308 -38.6716
10.2138 24.6504 112.71 -8.0377e-07 42.6395 -38.6695
10.2048 24.6486 112.703 -8.02937e-07 42.6482 -38.6675
10.1958 24.6468 112.696 -8.02104e-07 42.6569 -38.6654
10.1868 24.645 112.689 -8.01271e-07 42.6656 -38.6634
10.1778 24.6432 112.682 -8.00439e-07 42.6743 -38.6613
10.1688 24.6414 112.676 -7.99608e-07 42.683 -38.6593
10.1598 24.6397 112.669 -7.98776e-07 42.6917 -38.6572
10.1508 24.6379 112.662 -7.97945e-07 42.7004 -38.6552
10.1418 24.6361 112.655 -7.97114e-07 42.7091 -38.6531
10.1328 24.6344 112.648 -7.96284e-07 42.7178 -38.6511
10.1238 24.6326 112.641 -7.95454e-07 42.7265 -38.649
10.1148 24.6308 112.634 -7.94625e-07 42.7352 -38.647
10.1059 24.6291 112.627 -7.93796e-07 42.7439 -38.645
10.0969 24.6273 112.62 -7.92967e-07 42.7526 -38.6429
10.0879 24.6256 112.613 -7.92138e-07 42.7613 -38.6409
10.0789 24.6238 112.606 -7.9131e-07 42.77 -38.6388
10.0699 24.622 112.599 -7.90483e-07 42.7787 -38.6368
10.0609 24.6203 112.592 -7.89655e-07 42.7874 -38.6347
10.052 24.6186 112.585 -7.88828e-07 42.7961 -38.6327
10.043 24.6168 112.578 -7.88002e-07 42.8048 -38.6306
10.034 24.6151 112.571 -7.87176e-07 42.8136 -38.6286
10.025 24.6133 112.564 -7.8635e-07 42.8223 -38.6265
10.0161 24.6116 112.557 -7.85525e-07 42.831 -38.6245
10.0071 24.6099 112.55 -7.847e-07 42.8397 -38.6225
9.99813 24.6081 112.543 -7.83875e-07 42.8484 -38.6204
9.98916 24.6064 112.537 -7.83051e-07 42.8571 -38.6184
9.98019 24.6047 112.53 -7.82227e-07 42.8658 -38.6163
9.97122 24.603 112.523 -7.81403e-07 42.8745 -38.6143
9.96226 24.6012 112.516 -7.8058e-07 42.8832 -38.6122
9.9533 24.5995 112.509 -7.79757e-07 42.8919 -38.6102
9.94433 24.5978 112.502 -7.78935e-07 42.9006 -38.6081
9.93537 24.5961 112.495 -7.78113e-07 42.9093 -38.6061
9.92641 24.5944 112.488 -7.77291e-07 42.918 -38.604
9.91746 24.5927 112.481 -7.7647e-07 42.9267 -38.602
9.9085 24.591 112.474 -7.75649e-07 42.9354 -38.6
9.89954 24.5893 112.467 -7.74828e-07 42.9442 -38.5979
9.89059 24.5876 112.46 -7.74008e-07 42.9529 -38.5959
9.88164 24.5859 112.453 -7.73188e-07 42.9616 -38.5938
9.87269 24.5842 112.446 -7.72369e-07 42.9703 -38.5918
9.86374 24.5825 112.439 -7.71549e-07 42.979 -38.5897
9.85479 24.5808 112.432 -7.70731e-07 42.9877 -38.5877
9.84584 24.5791 112.424 -7.69912e-07 42.9964 -38.5856
9.8369 24.5774 112.417 -7.69094e-07 43.0051 -38.5836
9.82795 24.5757 112.41 -7.68277e-07 43.0138 -38.5815
9.81901 24.5741 112.403 -7.6746e-07 43.0225 -38.5795
9.81007 24.5724 112.396 -7.66643e-07 43.0313 -38.5774
9.80113 24.5707 112.389 -7.65826e-07 43.04 -38.5754
9.79219 24.569 112.382 -7.6501e-07 43.0487 -38.5734
9.78325 24.5674 112.375 -7.64194e-07 43.0574 -38.5713
9.77432 24.5657 112.368 -7.63379e-07 43.0661 -38.5693
9.76538 24.564 112.361 -7.62564e-07 43.0748 -38.5672
9.75645 24.5624 112.354 -7.61749e-07 43.0835 -38.5652
9.74752 24.5607 112.347 -7.60935e-07 43.0922 -38.5631
9.73859 24.5591 112.34 -7.60121e-07 43.1009 -38.5611
9.72966 24.5574 112.333 -7.59307e-07 43.1097 -38.559
9.72073 24.5558 112.326 -7.58494e-07 43.1184 -38.557
9.71181 24.5541 112.319 -7.57681e-07 43.1271 -38.5549
9.70288 24.5525 112.312 -7.56869e-07 43.1358 -38.5529
9.69396 24.5508 112.305 -7.56057e-07 43.1445 -38.5509
9.68504 24.5492 112.298 -7.55245e-07 43.1532 -38.5488
9.67612 24.5475 112.291 -7.54434e-07 43.1619 -38.5468
9.6672 24.5459 112.283 -7.53623e-07 43.1706 -38.5447
9.65828 24.5443 112.276 -7.52812e-07 43.1794 -38.5427
9.64936 24.5426 112.269 -7.52002e-07 43.1881 -38.5406
9.64045 24.541 112.262 -7.51192e-07 43.1968 -38.5386
9.63153 24.5394 112.255 -7.50382e-07 43.2055 -38.5365
9.62262 24.5378 112.248 -7.49573e-07 43.2142 -38.5345
9.61371 24.5361 112.241 -7.48764e-07 43.2229 -38.5324
9.6048 24.5345 112.234 -7.47956e-07 43.2316 -38.5304
9.59589 24.5329 112.227 -7.47148e-07 43.2404 -38.5284
9.58699 24.5313 112.22 -7.4634e-07 43.2491 -38.5263
9.57808 24.5297 112.213 -7.45533e-07 43.2578 -38.5243
9.56918 24.5281 112.205 -7.44726e-07 43.2665 -38.5222
9.56027 24.5265 112.198 -7.43919e-07 43.2752 -38.5202
9.55137 24.5249 112.191 -7.43113e-07 43.2839 -38.5181
9.54247 24.5233 112.184 -7.42307e-07 43.2926 -38.5161
9.53357 24.5217 112.177 -7.41501e-07 43.3014 -38.514
9.52468 24.5201 112.17 -7.40696e-07 43.3101 -38.512
9.51578 24.5185 112.163 -7.39891e-07 43.3188 -38.5099
9.50689 24.5169 112.156 -7.39087e-07 43.3275 -38.5079
9.49799 24.5153 112.148 -7.38283e-07 43.3362 -38.5058
9.4891 24.5137 112.141 -7.37479e-07 43.3449 -38.5038
9.48021 24.5121 112.134 -7.36676e-07 43.3537 -38.5018
9.47132 24.5105 112.127 -7.35873e-07 43.3624 -38.4997
9.46244 24.509 112.12 -7.3507e-07 43.3711 -38.4977
9.45355 24.5074 112.113 -7.34268e-07 43.3798 -38.4956
9.44467 24.5058 112.106 -7.33466e-07 43.3885 -38.4936
9.43578 24.5042 112.098 -7.32664e-07 43.3973 -38.4915
9.4269 24.5027 112.091 -7.31863e-07 43.406 -38.4895
9.41802 24.5011 112.084 -7.31062e-07 43.4147 -38.4874
9.40914 24.4996 112.077 -7.30262e-07 43.4234 -38.4854
9.40026 24.498 112.07 -7.29462e-07 43.4321 -38.4833
9.39139 24.4964 112.063 -7.28662e-07 43.4408 -38.4813
9.38251 24.4949 112.056 -7.27863e-07 43.4496 -38.4793
9.37364 24.4933 112.048 -7.27064e-07 43.4583 -38.4772
9.36476 24.4918 112.041 -7.26265e-07 43.467 -38.4752
9.35589 24.4902 112.034 -7.25467e-07 43.4757 -38.4731
9.34702 24.4887 112.027 -7.24669e-07 43.4844 -38.4711
9.33816 24.4871 112.02 -7.23871e-07 43.4932 -38.469
9.32929 24.4856 112.013 -7.23074e-07 43.5019 -38.467
9.32042 24.4841 112.005 -7.22277e-07 43.5106 -38.4649
9.31156 24.4825 111.998 -7.2148e-07 43.5193 -38.4629
9.3027 24.481 111.991 -7.20684e-07 43.5281 -38.4608
9.29384 24.4795 111.984 -7.19888e-07 43.5368 -38.4588
9.28498 24.4779 111.977 -7.19093e-07 43.5455 -38.4567
9.27612 24.4764 111.969 -7.18298e-07 43.5542 -38.4547
9.26726 24.4749 111.962 -7.17503e-07 43.5629 -38.4527
9.25841 24.4734 111.955 -7.16709e-07 43.5717 -38.4506
9.24955 24.4719 111.948 -7.15915e-07 43.5804 -38.4486
9.2407 24.4703 111.941 -7.15121e-07 43.5891 -38.4465
9.23185 24.4688 111.933 -7.14328e-07 43.5978 -38.4445
9.223 24.4673 111.926 -7.13535e-07 43.6065 -38.4424
9.21415 24.4658 111.919 -7.12742e-07 43.6153 -38.4404
9.2053 24.4643 111.912 -7.1195e-07 43.624 -38.4383
9.19645 24.4628 111.904 -7.11158e-07 43.6327 -38.4363
9.18761 24.4613 111.897 -7.10367e-07 43.6414 -38.4342
9.17877 24.4598 111.89 -7.09576e-07 43.6502 -38.4322
9.16992 24.4583 111.883 -7.08785e-07 43.6589 -38.4302
9.16108 24.4568 111.876 -7.07994e-07 43.6676 -38.4281
9.15224 24.4553 111.868 -7.07204e-07 43.6763 -38.4261
9.14341 24.4539 111.861 -7.06415e-07 43.6851 -38.424
9.13457 24.4524 111.854 -7.05625e-07 43.6938 -38.422
9.12574 24.4509 111.847 -7.04836e-07 43.7025 -38.4199
9.1169 24.4494 111.839 -7.04047e-07 43.7112 -38.4179
9.10807 24.4479 111.832 -7.03259e-07 43.72 -38.4158
9.09924 24.4465 111.825 -7.02471e-07 43.7287 -38.4138
9.09041 24.445 111.818 -7.01684e-07 43.7374 -38.4117
9.08158 24.4435 111.81 -7.00896e-07 43.7461 -38.4097
9.07275 24.4421 111.803 -7.00109e-07 43.7549 -38.4077
9.06393 24.4406 111.796 -6.99323e-07 43.7636 -38.4056
9.05511 24.4391 111.789 -6.98537e-07 43.7723 -38.4036
9.04628 24.4377 111.781 -6.97751e-07 43.781 -38.4015
9.03746 24.4362 111.774 -6.96965e-07 43.7898 -38.3995
9.02864 24.4348 111.767 -6.9618e-07 43.7985 -38.3974
9.01982 24.4333 111.759 -6.95395e-07 43.8072 -38.3954
9.01101 24.4319 111.752 -6.94611e-07 43.8159 -38.3933
9.00219 24.4304 111.745 -6.93827e-07 43.8247 -38.3913
8.99338 24.429 111.738 -6.93043e-07 43.8334 -38.3892
8.98456 24.4275 111.73 -6.9226e-07 43.8421 -38.3872
8.97575 24.4261 111.723 -6.91477e-07 43.8509 -38.3851
8.96694 24.4247 111.716 -6.90694e-07 43.8596 -38.3831
8.95813 24.4232 111.708 -6.89912e-07 43.8683 -38.3811
8.94933 24.4218 111.701 -6.8913e-07 43.877 -38.379
8.94052 24.4204 111.694 -6.88348e-07 43.8858 -38.377
8.93172 24.4189 111.687 -6.87567e-07 43.8945 -38.3749
8.92291 24.4175 111.679 -6.86786e-07 43.9032 -38.3729
8.91411 24.4161 111.672 -6.86005e-07 43.912 -38.3708
8.90531 24.4147 111.665 -6.85225e-07 43.9207 -38.3688
8.89651 24.4133 111.657 -6.84445e-07 43.9294 -38.3667
8.88772 24.4119 111.65 -6.83666e-07 43.9381 -38.3647
8.87892 24.4104 111.643 -6.82887e-07 43.9469 -38.3626
8.87012 24.409 111.635 -6.82108e-07 43.9556 -38.3606
8.86133 24.4076 111.628 -6.81329e-07 43.9643 -38.3586
8.85254 24.4062 111.621 -6.80551e-07 43.9731 -38.3565
8.84375 24.4048 111.613 -6.79774e-07 43.9818 -38.3545
8.83496 24.4034 111.606 -6.78996e-07 43.9905 -38.3524
8.82617 24.402 111.599 -6.78219e-07 43.9993 -38.3504
8.81739 24.4006 111.591 -6.77442e-07 44.008 -38.3483
8.8086 24.3992 111.584 -6.76666e-07 44.0167 -38.3463
8.79982 24.3979 111.577 -6.7589e-07 44.0254 -38.3442
8.79103 24.3965 111.569 -6.75114e-07 44.0342 -38.3422
8.78225 24.3951 111.562 -6.74339e-07 44.0429 -38.3401
8.77347 24.3937 111.555 -6.73564e-07 44.0516 -38.3381
8.7647 24.3923 111.547 -6.72789e-07 44.0604 -38.3361
8.75592 24.391 111.54 -6.72015e-07 44.0691 -38.334
8.74714 24.3896 111.533 -6.71241e-07 44.0778 -38.332
8.73837 24.3882 111.525 -6.70468e-07 44.0866 -38.3299
8.7296 24.3869 111.518 -6.69694e-07 44.0953 -38.3279
8.72083 24.3855 111.51 -6.68921e-07 44.104 -38.3258
8.71206 24.3841 111.503 -6.68149e-07 44.1128 -38.3238
8.70329 24.3828 111.496 -6.67377e-07 44.1215 -38.3217
8.69452 24.3814 111.488 -6.66605e-07 44.1302 -38.3197
8.68575 24.3801 111.481 -6.65833e-07 44.139 -38.3176
8.67699 24.3787 111.474 -6.65062e-07 44.1477 -38.3156
8.66823 24.3774 111.466 -6.64291e-07 44.1564 -38.3135
8.65947 24.376 111.459 -6.63521e-07 44.1652 -38.3115
8.65071 24.3747 111.451 -6.62751e-07 44.1739 -38.3095
8.64195 24.3733 111.444 -6.61981e-07 44.1826 -38.3074
8.63319 24.372 111.437 -6.61212e-07 44.1914 -38.3054
8.62443 24.3706 111.429 -6.60442e-07 44.2001 -38.3033
8.61568 24.3693 111.422 -6.59674e-07 44.2088 -38.3013
8.60693 24.368 111.414 -6.58905e-07 44.2176 -38.2992
8.59818 24.3666 111.407 -6.58137e-07 44.2263 -38.2972
8.58942 24.3653 111.4 -6.57369e-07 44.235 -38.2951
8.58068 24.364 111.392 -6.56602e-07 44.2438 -38.2931
8.57193 24.3627 111.385 -6.55835e-07 44.2525 -38.291
8.56318 24.3614 111.377 -6.55068e-07 44.2613 -38.289
8.55444 24.36 111.37 -6.54302e-07 44.27 -38.287
8.54569 24.3587 111.363 -6.53536e-07 44.2787 -38.2849
8.53695 24.3574 111.355 -6.5277e-07 44.2875 -38.2829
8.52821 24.3561 111.348 -6.52005e-07 44.2962 -38.2808
8.51947 24.3548 111.34 -6.5124e-07 44.3049 -38.2788
8.51073 24.3535 111.333 -6.50476e-07 44.3137 -38.2767
8.502 24.3522 111.325 -6.49711e-07 44.3224 -38.2747
8.49326 24.3509 111.318 -6.48947e-07 44.3311 -38.2726
8.48453 24.3496 111.311 -6.48184e-07 44.3399 -38.2706
8.4758 24.3483 111.303 -6.4742e-07 44.3486 -38.2685
8.46707 24.347 111.296 -6.46658e-07 44.3574 -38.2665
8.45834 24.3457 111.288 -6.45895e-07 44.3661 -38.2645
8.44961 24.3444 111.281 -6.45133e-07 44.3748 -38.2624
8.44088 24.3431 111.273 -6.44371e-07 44.3836 -38.2604
8.43216 24.3419 111.266 -6.43609e-07 44.3923 -38.2583
8.42343 24.3406 111.258 -6.42848e-07 44.4011 -38.2563
8.41471 24.3393 111.251 -6.42087e-07 44.4098 -38.2542
8.40599 24.338 111.243 -6.41327e-07 44.4185 -38.2522
8.39727 24.3368 111.236 -6.40566e-07 44.4273 -38.2501
8.38855 24.3355 111.228 -6.39807e-07 44.436 -38.2481
8.37983 24.3342 111.221 -6.39047e-07 44.4447 -38.246
8.37112 24.333 111.214 -6.38288e-07 44.4535 -38.244
8.3624 24.3317 111.206 -6.37529e-07 44.4622 -38.2419
8.35369 24.3304 111.199 -6.36771e-07 44.471 -38.2399
8.34498 24.3292 111.191 -6.36012e-07 44.4797 -38.2379
8.33627 24.3279 111.184 -6.35255e-07 44.4884 -38.2358
8.32756 24.3267 111.176 -6.34497e-07 44.4972 -38.2338
8.31885 24.3254 111.169 -6.3374e-07 44.5059 -38.2317
8.31015 24.3242 111.161 -6.32983e-07 44.5147 -38.2297
8.30144 24.323 111.154 -6.32227e-07 44.5234 -38.2276
8.29274 24.3217 111.146 -6.31471e-07 44.5321 -38.2256
8.28404 24.3205 111.139 -6.30715e-07 44.5409 -38.2235
8.27534 24.3192 111.131 -6.29959e-07 44.5496 -38.2215
8.26664 24.318 111.124 -6.29204e-07 44.5584 -38.2194
8.25794 24.3168 111.116 -6.2845e-07 44.5671 -38.2174
8.24925 24.3155 111.109 -6.27695e-07 44.5759 -38.2154
8.24055 24.3143 111.101 -6.26941e-07 44.5846 -38.2133
8.23186 24.3131 111.094 -6.26187e-07 44.5933 -38.2113
8.22317 24.3119 111.086 -6.25434e-07 44.6021 -38.2092
8.21448 24.3107 111.079 -6.24681e-07 44.6108 -38.2072
8.20579 24.3094 111.071 -6.23928e-07 44.6196 -38.2051
8.1971 24.3082 111.063 -6.23176e-07 44.6283 -38.2031
8.18841 24.307 111.056 -6.22424e-07 44.6371 -38.201
8.17973 24.3058 111.048 -6.21672e-07 44.6458 -38.199
8.17104 24.3046 111.041 -6.2092e-07 44.6545 -38.1969
8.16236 24.3034 111.033 -6.20169e-07 44.6633 -38.1949
8.15368 24.3022 111.026 -6.19419e-07 44.672 -38.1928
8.145 24.301 111.018 -6.18668e-07 44.6808 -38.1908
8.13632 24.2998 111.011 -6.17918e-07 44.6895 -38.1888
8.12765 24.2986 111.003 -6.17168e-07 44.6983 -38.1867
8.11897 24.2974 110.996 -6.16419e-07 44.707 -38.1847
8.1103 24.2962 110.988 -6.1567e-07 44.7157 -38.1826
8.10163 24.295 110.98 -6.14921e-07 44.7245 -38.1806
8.09295 24.2939 110.973 -6.14173e-07 44.7332 -38.1785
8.08429 24.2927 110.965 -6.13425e-07 44.742 -38.1765
8.07562 24.2915 110.958 -6.12677e-07 44.7507 -38.1744
8.06695 24.2903 110.95 -6.1193e-07 44.7595 -38.1724
8.05828 24.2892 110.943 -6.11183e-07 44.7682 -38.1703
8.04962 24.288 110.935 -6.10436e-07 44.777 -38.1683
8.04096 24.2868 110.927 -6.0969e-07 44.7857 -38.1663
8.0323 24.2857 110.92 -6.08943e-07 44.7945 -38.1642
8.02364 24.2845 110.912 -6.08198e-07 44.8032 -38.1622
8.01498 24.2833 110.905 -6.07452e-07 44.8119 -38.1601
8.00632 24.2822 110.897 -6.06707e-07 44.8207 -38.1581
7.99767 24.281 110.89 -6.05963e-07 44.8294 -38.156
7.98901 24.2799 110.882 -6.05218e-07 44.8382 -38.154
7.98036 24.2787 110.874 -6.04474e-07 44.8469 -38.1519
7.97171 24.2776 110.867 -6.0373e-07 44.8557 -38.1499
7.96306 24.2764 110.859 -6.02987e-07 44.8644 -38.1478
7.95441 24.2753 110.852 -6.02244e-07 44.8732 -38.1458
7.94576 24.2741 110.844 -6.01501e-07 44.8819 -38.1438
7.93711 24.273 110.836 -6.00759e-07 44.8907 -38.1417
7.92847 24.2719 110.829 -6.00017e-07 44.8994 -38.1397
7.91983 24.2707 110.821 -5.99275e-07 44.9082 -38.1376
7.91119 24.2696 110.813 -5.98534e-07 44.9169 -38.1356
7.90255 24.2685 110.806 -5.97793e-07 44.9257 -38.1335
7.89391 24.2674 110.798 -5.97052e-07 44.9344 -38.1315
7.88527 24.2662 110.791 -5.96311e-07 44.9432 -38.1294
7.87663 24.2651 110.783 -5.95571e-07 44.9519 -38.1274
7.868 24.264 110.775 -5.94832e-07 44.9607 -38.1253
7.85936 24.2629 110.768 -5.94092e-07 44.9694 -38.1233
7.85073 24.2618 110.76 -5.93353e-07 44.9781 -38.1212
7.8421 24.2607 110.752 -5.92614e-07 44.9869 -38.1192
7.83347 24.2596 110.745 -5.91876e-07 44.9956 -38.1172
7.82484 24.2584 110.737 -5.91138e-07 45.0044 -38.1151
7.81622 24.2573 110.73 -5.904e-07 45.0131 -38.1131
7.80759 24.2562 110.722 -5.89662e-07 45.0219 -38.111
7.79897 24.2551 110.714 -5.88925e-07 45.0306 -38.109
7.79035 24.2541 110.707 -5.88189e-07 45.0394 -38.1069
7.78173 24.253 110.699 -5.87452e-07 45.0481 -38.1049
7.77311 24.2519 110.691 -5.86716e-07 45.0569 -38.1028
7.76449 24.2508 110.684 -5.8598e-07 45.0656 -38.1008
7.75587 24.2497 110.676 -5.85245e-07 45.0744 -38.0987
7.74726 24.2486 110.668 -5.84509e-07 45.0832 -38.0967
7.73864 24.2475 110.661 -5.83775e-07 45.0919 -38.0947
7.73003 24.2465 110.653 -5.8304e-07 45.1007 -38.0926
7.72142 24.2454 110.645 -5.82306e-07 45.1094 -38.0906
7.71281 24.2443 110.638 -5.81572e-07 45.1182 -38.0885
7.7042 24.2432 110.63 -5.80839e-07 45.1269 -38.0865
7.6956 24.2422 110.622 -5.80105e-07 45.1357 -38.0844
7.68699 24.2411 110.614 -5.79373e-07 45.1444 -38.0824
7.67839 24.2401 110.607 -5.7864e-07 45.1532 -38.0803
7.66978 24.239 110.599 -5.77908e-07 45.1619 -38.0783
7.66118 24.2379 110.591 -5.77176e-07 45.1707 -38.0762
7.65258 24.2369 110.584 -5.76444e-07 45.1794 -38.0742
7.64398 24.2358 110.576 -5.75713e-07 45.1882 -38.0722
7.63539 24.2348 110.568 -5.74982e-07 45.1969 -38.0701
7.62679 24.2337 110.561 -5.74252e-07 45.2057 -38.0681
7.6182 24.2327 110.553 -5.73521e-07 45.2144 -38.066
7.6096 24.2316 110.545 -5.72791e-07 45.2232 -38.064
7.60101 24.2306 110.537 -5.72062e-07 45.2319 -38.0619
7.59242 24.2296 110.53 -5.71332e-07 45.2407 -38.0599
7.58383 24.2285 110.522 -5.70604e-07 45.2494 -38.0578
7.57525 24.2275 110.514 -5.69875e-07 45.2582 -38.0558
7.56666 24.2265 110.507 -5.69147e-07 45.267 -38.0537
7.55808 24.2254 110.499 -5.68419e-07 45.2757 -38.0517
7.54949 24.2244 110.491 -5.67691e-07 45.2845 -38.0496
7.54091 24.2234 110.483 -5.66964e-07 45.2932 -38.0476
7.53233 24.2224 110.476 -5.66237e-07 45.302 -38.0456
7.52375 24.2214 110.468 -5.6551e-07 45.3107 -38.0435
7.51517 24.2204 110.46 -5.64783e-07 45.3195 -38.0415
7.5066 24.2193 110.452 -5.64057e-07 45.3282 -38.0394
7.49802 24.2183 110.445 -5.63332e-07 45.337 -38.0374
7.48945 24.2173 110.437 -5.62606e-07 45.3457 -38.0353
7.48088 24.2163 110.429 -5.61881e-07 45.3545 -38.0333
7.47231 24.2153 110.421 -5.61156e-07 45.3633 -38.0312
7.46374 24.2143 110.414 -5.60432e-07 45.372 -38.0292
7.45517 24.2133 110.406 -5.59708e-07 45.3808 -38.0271
7.4466 24.2123 110.398 -5.58984e-07 45.3895 -38.0251
7.43804 24.2113 110.39 -5.58261e-07 45.3983 -38.0231
7.42948 24.2104 110.383 -5.57537e-07 45.407 -38.021
7.42091 24.2094 110.375 -5.56815e-07 45.4158 -38.019
7.41235 24.2084 110.367 -5.56092e-07 45.4246 -38.0169
7.40379 24.2074 110.359 -5.5537e-07 45.4333 -38.0149
7.39524 24.2064 110.352 -5.54648e-07 45.4421 -38.0128
7.38668 24.2054 110.344 -5.53927e-07 45.4508 -38.0108
7.37812 24.2045 110.336 -5.53205e-07 45.4596 -38.0087
7.36957 24.2035 110.328 -5.52484e-07 45.4683 -38.0067
7.36102 24.2025 110.32 -5.51764e-07 45.4771 -38.0046
7.35247 24.2016 110.313 -5.51044e-07 45.4859 -38.0026
7.34392 24.2006 110.305 -5.50324e-07 45.4946 -38.0006
7.33537 24.1996 110.297 -5.49604e-07 45.5034 -37.9985
7.32682 24.1987 110.289 -5.48885e-07 45.5121 -37.9965
7.31828 24.1977 110.281 -5.48166e-07 45.5209 -37.9944
7.30973 24.1968 110.274 -5.47447e-07 45.5296 -37.9924
7.30119 24.1958 110.266 -5.46729e-07 45.5384 -37.9903
7.29265 24.1949 110.258 -5.46011e-07 45.5472 -37.9883
7.28411 24.1939 110.25 -5.45293e-07 45.5559 -37.9862
7.27557 24.193 110.242 -5.44575e-07 45.5647 -37.9842
7.26703 24.192 110.235 -5.43858e-07 45.5734 -37.9821
7.2585 24.1911 110.227 -5.43142e-07 45.5822 -37.9801
7.24996 24.1902 110.219 -5.42425e-07 45.591 -37.978
7.24143 24.1892 110.211 -5.41709e-07 45.5997 -37.976
7.2329 24.1883 110.203 -5.40993e-07 45.6085 -37.974
7.22437 24.1874 110.195 -5.40278e-07 45.6172 -37.9719
7.21584 24.1864 110.188 -5.39563e-07 45.626 -37.9699
7.20731 24.1855 110.18 -5.38848e-07 45.6348 -37.9678
7.19879 24.1846 110.172 -5.38133e-07 45.6435 -37.9658
7.19026 24.1837 110.164 -5.37419e-07 45.6523 -37.9637
7.18174 24.1828 110.156 -5.36705e-07 45.661 -37.9617
7.17322 24.1818 110.148 -5.35992e-07 45.6698 -37.9596
7.1647 24.1809 110.14 -5.35278e-07 45.6786 -37.9576
7.15618 24.18 110.133 -5.34565e-07 45.6873 -37.9555
7.14766 24.1791 110.125 -5.33853e-07 45.6961 -37.9535
7.13915 24.1782 110.117 -5.3314e-07 45.7048 -37.9515
7.13063 24.1773 110.109 -5.32428e-07 45.7136 -37.9494
7.12212 24.1764 110.101 -5.31717e-07 45.7224 -37.9474
7.11361 24.1755 110.093 -5.31005e-07 45.7311 -37.9453
7.1051 24.1746 110.085 -5.30294e-07 45.7399 -37.9433
7.09659 24.1737 110.078 -5.29584e-07 45.7487 -37.9412
7.08808 24.1729 110.07 -5.28873e-07 45.7574 -37.9392
7.07957 24.172 110.062 -5.28163e-07 45.7662 -37.9371
7.07107 24.1711 110.054 -5.27453e-07 45.7749 -37.9351
7.06257 24.1702 110.046 -5.26744e-07 45.7837 -37.933
7.05406 24.1693 110.038 -5.26035e-07 45.7925 -37.931
7.04556 24.1684 110.03 -5.25326e-07 45.8012 -37.929
7.03706 24.1676 110.022 -5.24617e-07 45.81 -37.9269
7.02857 24.1667 110.015 -5.23909e-07 45.8188 -37.9249
7.02007 24.1658 110.007 -5.23201e-07 45.8275 -37.9228
7.01157 24.165 109.999 -5.22493e-07 45.8363 -37.9208
7.00308 24.1641 109.991 -5.21786e-07 45.8451 -37.9187
6.99459 24.1632 109.983 -5.21079e-07 45.8538 -37.9167
6.9861 24.1624 109.975 -5.20372e-07 45.8626 -37.9146
6.97761 24.1615 109.967 -5.19666e-07 45.8713 -37.9126
6.96912 24.1607 109.959 -5.1896e-07 45.8801 -37.9105
6.96063 24.1598 109.951 -5.18254e-07 45.8889 -37.9085
6.95215 24.159 109.943 -5.17549e-07 45.8976 -37.9064
6.94366 24.1581 109.935 -5.16844e-07 45.9064 -37.9044
6.93518 24.1573 109.928 -5.16139e-07 45.9152 -37.9024
6.9267 24.1564 109.92 -5.15435e-07 45.9239 -37.9003
6.91822 24.1556 109.912 -5.1473e-07 45.9327 -37.8983
6.90974 24.1548 109.904 -5.14027e-07 45.9415 -37.8962
6.90127 24.1539 109.896 -5.13323e-07 45.9502 -37.8942
6.89279 24.1531 109.888 -5.1262e-07 45.959 -37.8921
6.88432 24.1523 109.88 -5.11917e-07 45.9678 -37.8901
6.87584 24.1514 109.872 -5.11214e-07 45.9765 -37.888
6.86737 24.1506 109.864 -5.10512e-07 45.9853 -37.886
6.8589 24.1498 109.856 -5.0981e-07 45.9941 -37.8839
6.85044 24.149 109.848 -5.09108e-07 46.0028 -37.8819
6.84197 24.1482 109.84 -5.08407e-07 46.0116 -37.8799
6.8335 24.1474 109.832 -5.07706e-07 46.0204 -37.8778
6.82504 24.1465 109.824 -5.07005e-07 46.0291 -37.8758
6.81658 24.1457 109.816 -5.06305e-07 46.0379 -37.8737
6.80811 24.1449 109.808 -5.05605e-07 46.0467 -37.8717
6.79965 24.1441 109.8 -5.04905e-07 46.0554 -37.8696
6.7912 24.1433 109.792 -5.04205e-07 46.0642 -37.8676
6.78274 24.1425 109.785 -5.03506e-07 46.073 -37.8655
6.77428 24.1417 109.777 -5.02807e-07 46.0817 -37.8635
6.76583 24.1409 109.769 -5.02109e-07 46.0905 -37.8614
6.75737 24.1401 109.761 -5.0141e-07 46.0993 -37.8594
6.74892 24.1394 109.753 -5.00712e-07 46.108 -37.8573
6.74047 24.1386 109.745 -5.00015e-07 46.1168 -37.8553
6.73202 24.1378 109.737 -4.99317e-07 46.1256 -37.8533
6.72358 24.137 109.729 -4.9862e-07 46.1343 -37.8512
6.71513 24.1362 109.721 -4.97924e-07 46.1431 -37.8492
6.70669 24.1355 109.713 -4.97227e-07 46.1519 -37.8471
6.69824 24.1347 109.705 -4.96531e-07 46.1606 -37.8451
6.6898 24.1339 109.697 -4.95835e-07 46.1694 -37.843
6.68136 24.1331 109.689 -4.9514e-07 46.1782 -37.841
6.67292 24.1324 109.681 -4.94445e-07 46.187 -37.8389
6.66448 24.1316 109.673 -4.9375e-07 46.1957 -37.8369
6.65605 24.1309 109.665 -4.93055e-07 46.2045 -37.8348
6.64761 24.1301 109.657 -4.92361e-07 46.2133 -37.8328
6.63918 24.1293 109.649 -4.91667e-07 46.222 -37.8308
6.63075 24.1286 109.641 -4.90973e-07 46.2308 -37.8287
6.62232 24.1278 109.633 -4.9028e-07 46.2396 -37.8267
6.61389 24.1271 109.625 -4.89587e-07 46.2483 -37.8246
6.60546 24.1263 109.617 -4.88894e-07 46.2571 -37.8226
6.59703 24.1256 109.609 -4.88202e-07 46.2659 -37.8205
6.58861 24.1249 109.6 -4.8751e-07 46.2747 -37.8185
6.58018 24.1241 109.592 -4.86818e-07 46.2834 -37.8164
6.57176 24.1234 109.584 -4.86126e-07 46.2922 -37.8144
6.56334 24.1226 109.576 -4.85435e-07 46.301 -37.8123
6.55492 24.1219 109.568 -4.84744e-07 46.3097 -37.8103
6.5465 24.1212 109.56 -4.84054e-07 46.3185 -37.8083
6.53809 24.1205 109.552 -4.83363e-07 46.3273 -37.8062
6.52967 24.1197 109.544 -4.82673e-07 46.3361 -37.8042
6.52126 24.119 109.536 -4.81984e-07 46.3448 -37.8021
6.51285 24.1183 109.528 -4.81294e-07 46.3536 -37.8001
6.50443 24.1176 109.52 -4.80605e-07 46.3624 -37.798
6.49602 24.1169 109.512 -4.79916e-07 46.3711 -37.796
6.48762 24.1162 109.504 -4.79228e-07 46.3799 -37.7939
6.47921 24.1154 109.496 -4.7854e-07 46.3887 -37.7919
6.4708 24.1147 109.488 -4.77852e-07 46.3975 -37.7898
6.4624 24.114 109.48 -4.77164e-07 46.4062 -37.7878
6.454 24.1133 109.472 -4.76477e-07 46.415 -37.7857
6.4456 24.1126 109.464 -4.7579e-07 46.4238 -37.7837
6.4372 24.1119 109.456 -4.75104e-07 46.4326 -37.7817
6.4288 24.1112 109.447 -4.74417e-07 46.4413 -37.7796
6.4204 24.1106 109.439 -4.73731e-07 46.4501 -37.7776
6.41201 24.1099 109.431 -4.73045e-07 46.4589 -37.7755
6.40361 24.1092 109.423 -4.7236e-07 46.4676 -37.7735
6.39522 24.1085 109.415 -4.71675e-07 46.4764 -37.7714
6.38683 24.1078 109.407 -4.7099e-07 46.4852 -37.7694
6.37844 24.1071 109.399 -4.70306e-07 46.494 -37.7673
6.37005 24.1065 109.391 -4.69621e-07 46.5027 -37.7653
6.36166 24.1058 109.383 -4.68937e-07 46.5115 -37.7632
6.35328 24.1051 109.375 -4.68254e-07 46.5203 -37.7612
6.34489 24.1044 109.366 -4.6757e-07 46.5291 -37.7592
6.33651 24.1038 109.358 -4.66887e-07 46.5378 -37.7571
6.32813 24.1031 109.35 -4.66205e-07 46.5466 -37.7551
6.31975 24.1025 109.342 -4.65522e-07 46.5554 -37.753
6.31137 24.1018 109.334 -4.6484e-07 46.5642 -37.751
6.30299 24.1011 109.326 -4.64158e-07 46.5729 -37.7489
6.29461 24.1005 109.318 -4.63477e-07 46.5817 -37.7469
6.28624 24.0998 109.31 -4.62796e-07 46.5905 -37.7448
6.27787 24.0992 109.302 -4.62115e-07 46.5993 -37.7428
6.26949 24.0985 109.293 -4.61434e-07 46.608 -37.7407
6.26112 24.0979 109.285 -4.60754e-07 46.6168 -37.7387
6.25275 24.0973 109.277 -4.60074e-07 46.6256 -37.7367
6.24439 24.0966 109.269 -4.59394e-07 46.6344 -37.7346
6.23602 24.096 109.261 -4.58715e-07 46.6432 -37.7326
6.22766 24.0953 109.253 -4.58035e-07 46.6519 -37.7305
6.21929 24.0947 109.245 -4.57357e-07 46.6607 -37.7285
6.21093 24.0941 109.236 -4.56678e-07 46.6695 -37.7264
6.20257 24.0935 109.228 -4.56e-07 46.6783 -37.7244
6.19421 24.0928 109.22 -4.55322e-07 46.687 -37.7223
6.18585 24.0922 109.212 -4.54644e-07 46.6958 -37.7203
6.1775 24.0916 109.204 -4.53967e-07 46.7046 -37.7182
6.16914 24.091 109.196 -4.5329e-07 46.7134 -37.7162
6.16079 24.0904 109.187 -4.52613e-07 46.7222 -37.7141
6.15244 24.0898 109.179 -4.51937e-07 46.7309 -37.7121
6.14408 24.0891 109.171 -4.51261e-07 46.7397 -37.7101
6.13574 24.0885 109.163 -4.50585e-07 46.7485 -37.708
6.12739 24.0879 109.155 -4.49909e-07 46.7573 -37.706
6.11904 24.0873 109.147 -4.49234e-07 46.766 -37.7039
6.1107 24.0867 109.138 -4.48559e-07 46.7748 -37.7019
6.10235 24.0861 109.13 -4.47884e-07 46.7836 -37.6998
6.09401 24.0855 109.122 -4.4721e-07 46.7924 -37.6978
6.08567 24.085 109.114 -4.46536e-07 46.8012 -37.6957
6.07733 24.0844 109.106 -4.45862e-07 46.8099 -37.6937
6.06899 24.0838 109.098 -4.45189e-07 46.8187 -37.6916
6.06065 24.0832 109.089 -4.44515e-07 46.8275 -37.6896
6.05232 24.0826 109.081 -4.43843e-07 46.8363 -37.6876
6.04398 24.082 109.073 -4.4317e-07 46.8451 -37.6855
6.03565 24.0815 109.065 -4.42498e-07 46.8538 -37.6835
6.02732 24.0809 109.056 -4.41826e-07 46.8626 -37.6814
6.01899 24.0803 109.048 -4.41154e-07 46.8714 -37.6794
6.01066 24.0797 109.04 -4.40483e-07 46.8802 -37.6773
6.00234 24.0792 109.032 -4.39812e-07 46.889 -37.6753
5.99401 24.0786 109.024 -4.39141e-07 46.8977 -37.6732
5.98569 24.0781 109.015 -4.3847e-07 46.9065 -37.6712
5.97736 24.0775 109.007 -4.378e-07 46.9153 -37.6691
5.96904 24.0769 108.999 -4.3713e-07 46.9241 -37.6671
5.96072 24.0764 108.991 -4.3646e-07 46.9329 -37.6651
5.9524 24.0758 108.983 -4.35791e-07 46.9416 -37.663
5.94409 24.0753 108.974 -4.35122e-07 46.9504 -37.661
5.93577 24.0747 108.966 -4.34453e-07 46.9592 -37.6589
5.92746 24.0742 108.958 -4.33785e-07 46.968 -37.6569
5.91914 24.0736 108.95 -4.33117e-07 46.9768 -37.6548
5.91083 24.0731 108.941 -4.32449e-07 46.9855 -37.6528
5.90252 24.0726 108.933 -4.31781e-07 46.9943 -37.6507
5.89421 24.072 108.925 -4.31114e-07 47.0031 -37.6487
5.8859 24.0715 108.917 -4.30447e-07 47.0119 -37.6466
5.8776 24.071 108.908 -4.2978e-07 47.0207 -37.6446
5.86929 24.0704 108.9 -4.29114e-07 47.0295 -37.6425
5.86099 24.0699 108.892 -4.28448e-07 47.0382 -37.6405
5.85269 24.0694 108.884 -4.27782e-07 47.047 -37.6385
5.84439 24.0689 108.875 -4.27116e-07 47.0558 -37.6364
5.83609 24.0684 108.867 -4.26451e-07 47.0646 -37.6344
5.82779 24.0679 108.859 -4.25786e-07 47.0734 -37.6323
5.8195 24.0673 108.85 -4.25122e-07 47.0822 -37.6303
5.8112 24.0668 108.842 -4.24457e-07 47.0909 -37.6282
5.80291 24.0663 108.834 -4.23793e-07 47.0997 -37.6262
5.79462 24.0658 108.826 -4.23129e-07 47.1085 -37.6241
5.78632 24.0653 108.817 -4.22466e-07 47.1173 -37.6221
5.77804 24.0648 108.809 -4.21803e-07 47.1261 -37.62
5.76975 24.0643 108.801 -4.2114e-07 47.1349 -37.618
5.76146 24.0638 108.793 -4.20477e-07 47.1436 -37.616
5.75318 24.0633 108.784 -4.19815e-07 47.1524 -37.6139
5.74489 24.0628 108.776 -4.19153e-07 47.1612 -37.6119
5.73661 24.0624 108.768 -4.18491e-07 47.17 -37.6098
5.72833 24.0619 108.759 -4.1783e-07 47.1788 -37.6078
5.72005 24.0614 108.751 -4.17168e-07 47.1876 -37.6057
5.71177 24.0609 108.743 -4.16507e-07 47.1964 -37.6037
5.7035 24.0604 108.734 -4.15847e-07 47.2051 -37.6016
5.69522 24.06 108.726 -4.15187e-07 47.2139 -37.5996
5.68695 24.0595 108.718 -4.14527e-07 47.2227 -37.5975
5.67867 24.059 108.709 -4.13867e-07 47.2315 -37.5955
5.6704 24.0585 108.701 -4.13207e-07 47.2403 -37.5934
5.66213 24.0581 108.693 -4.12548e-07 47.2491 -37.5914
5.65387 24.0576 108.685 -4.11889e-07 47.2579 -37.5894
5.6456 24.0572 108.676 -4.11231e-07 47.2666 -37.5873
5.63733 24.0567 108.668 -4.10573e-07 47.2754 -37.5853
5.62907 24.0562 108.66 -4.09915e-07 47.2842 -37.5832
5.62081 24.0558 108.651 -4.09257e-07 47.293 -37.5812
5.61255 24.0553 108.643 -4.08599e-07 47.3018 -37.5791
5.60429 24.0549 108.635 -4.07942e-07 47.3106 -37.5771
5.59603 24.0545 108.626 -4.07286e-07 47.3194 -37.575
5.58777 24.054 108.618 -4.06629e-07 47.3282 -37.573
5.57952 24.0536 108.609 -4.05973e-07 47.3369 -37.5709
5.57126 24.0531 108.601 -4.05317e-07 47.3457 -37.5689
5.56301 24.0527 108.593 -4.04661e-07 47.3545 -37.5669
5.55476 24.0523 108.584 -4.04006e-07 47.3633 -37.5648
5.54651 24.0518 108.576 -4.03351e-07 47.3721 -37.5628
5.53826 24.0514 108.568 -4.02696e-07 47.3809 -37.5607
5.53001 24.051 108.559 -4.02041e-07 47.3897 -37.5587
5.52177 24.0506 108.551 -4.01387e-07 47.3985 -37.5566
5.51352 24.0501 108.543 -4.00733e-07 47.4072 -37.5546
5.50528 24.0497 108.534 -4.00079e-07 47.416 -37.5525
5.49704 24.0493 108.526 -3.99426e-07 47.4248 -37.5505
5.4888 24.0489 108.518 -3.98773e-07 47.4336 -37.5484
5.48056 24.0485 108.509 -3.9812e-07 47.4424 -37.5464
5.47232 24.0481 108.501 -3.97467e-07 47.4512 -37.5444
5.46408 24.0477 108.492 -3.96815e-07 47.46 -37.5423
5.45585 24.0473 108.484 -3.96163e-07 47.4688 -37.5403
5.44762 24.0469 108.476 -3.95512e-07 47.4776 -37.5382
5.43938 24.0465 108.467 -3.9486e-07 47.4863 -37.5362
5.43115 24.0461 108.459 -3.94209e-07 47.4951 -37.5341
5.42293 24.0457 108.45 -3.93558e-07 47.5039 -37.5321
5.4147 24.0453 108.442 -3.92908e-07 47.5127 -37.53
5.40647 24.0449 108.434 -3.92257e-07 47.5215 -37.528
5.39825 24.0445 108.425 -3.91607e-07 47.5303 -37.5259
5.39002 24.0441 108.417 -3.90958e-07 47.5391 -37.5239
5.3818 24.0437 108.408 -3.90308e-07 47.5479 -37.5218
5.37358 24.0434 108.4 -3.89659e-07 47.5567 -37.5198
5.36536 24.043 108.392 -3.8901e-07 47.5655 -37.5178
5.35714 24.0426 108.383 -3.88362e-07 47.5742 -37.5157
5.34893 24.0423 108.375 -3.87714e-07 47.583 -37.5137
5.34071 24.0419 108.366 -3.87066e-07 47.5918 -37.5116
5.3325 24.0415 108.358 -3.86418e-07 47.6006 -37.5096
5.32429 24.0412 108.349 -3.8577e-07 47.6094 -37.5075
5.31608 24.0408 108.341 -3.85123e-07 47.6182 -37.5055
5.30787 24.0404 108.333 -3.84476e-07 47.627 -37.5034
5.29966 24.0401 108.324 -3.8383e-07 47.6358 -37.5014
5.29145 24.0397 108.316 -3.83184e-07 47.6446 -37.4993
5.28325 24.0394 108.307 -3.82538e-07 47.6534 -37.4973
5.27504 24.039 108.299 -3.81892e-07 47.6622 -37.4953
5.26684 24.0387 108.29 -3.81246e-07 47.671 -37.4932
5.25864 24.0383 108.282 -3.80601e-07 47.6797 -37.4912
5.25044 24.038 108.273 -3.79956e-07 47.6885 -37.4891
5.24224 24.0377 108.265 -3.79312e-07 47.6973 -37.4871
5.23405 24.0373 108.257 -3.78667e-07 47.7061 -37.485
5.22585 24.037 108.248 -3.78023e-07 47.7149 -37.483
5.21766 24.0367 108.24 -3.7738e-07 47.7237 -37.4809
5.20946 24.0363 108.231 -3.76736e-07 47.7325 -37.4789
5.20127 24.036 108.223 -3.76093e-07 47.7413 -37.4768
5.19308 24.0357 108.214 -3.7545e-07 47.7501 -37.4748
5.18489 24.0354 108.206 -3.74807e-07 47.7589 -37.4728
5.17671 24.035 108.197 -3.74165e-07 47.7677 -37.4707
5.16852 24.0347 108.189 -3.73523e-07 47.7765 -37.4687
5.16034 24.0344 108.18 -3.72881e-07 47.7853 -37.4666
5.15215 24.0341 108.172 -3.7224e-07 47.7941 -37.4646
5.14397 24.0338 108.163 -3.71598e-07 47.8029 -37.4625
5.13579 24.0335 108.155 -3.70957e-07 47.8117 -37.4605
5.12761 24.0332 108.146 -3.70317e-07 47.8204 -37.4584
5.11944 24.0329 108.138 -3.69676e-07 47.8292 -37.4564
5.11126 24.0326 108.129 -3.69036e-07 47.838 -37.4543
5.10309 24.0323 108.121 -3.68396e-07 47.8468 -37.4523
5.09491 24.032 108.112 -3.67757e-07 47.8556 -37.4502
5.08674 24.0317 108.104 -3.67118e-07 47.8644 -37.4482
5.07857 24.0314 108.095 -3.66479e-07 47.8732 -37.4462
5.0704 24.0311 108.087 -3.6584e-07 47.882 -37.4441
5.06224 24.0308 108.078 -3.65201e-07 47.8908 -37.4421
5.05407 24.0305 108.07 -3.64563e-07 47.8996 -37.44
5.04591 24.0303 108.061 -3.63925e-07 47.9084 -37.438
5.03774 24.03 108.053 -3.63288e-07 47.9172 -37.4359
5.02958 24.0297 108.044 -3.6265e-07 47.926 -37.4339
5.02142 24.0294 108.036 -3.62013e-07 47.9348 -37.4318
5.01326 24.0292 108.027 -3.61377e-07 47.9436 -37.4298
5.0051 24.0289 108.019 -3.6074e-07 47.9524 -37.4277
4.99695 24.0286 108.01 -3.60104e-07 47.9612 -37.4257
4.98879 24.0284 108.002 -3.59468e-07 47.97 -37.4237
4.98064 24.0281 107.993 -3.58832e-07 47.9788 -37.4216
4.97249 24.0279 107.985 -3.58197e-07 47.9876 -37.4196
4.96434 24.0276 107.976 -3.57562e-07 47.9964 -37.4175
4.95619 24.0274 107.967 -3.56927e-07 48.0052 -37.4155
4.94804 24.0271 107.959 -3.56292e-07 48.014 -37.4134
4.93989 24.0269 107.95 -3.55658e-07 48.0228 -37.4114
4.93175 24.0266 107.942 -3.55024e-07 48.0316 -37.4093
4.9236 24.0264 107.933 -3.5439e-07 48.0404 -37.4073
4.91546 24.0261 107.925 -3.53757e-07 48.0492 -37.4052
4.90732 24.0259 107.916 -3.53124e-07 48.058 -37.4032
4.89918 24.0257 107.908 -3.52491e-07 48.0668 -37.4012
4.89104 24.0254 107.899 -3.51858e-07 48.0756 -37.3991
4.88291 24.0252 107.89 -3.51226e-07 48.0844 -37.3971
4.87477 24.025 107.882 -3.50594e-07 48.0931 -37.395
4.86664 24.0247 107.873 -3.49962e-07 48.1019 -37.393
4.85851 24.0245 107.865 -3.4933e-07 48.1107 -37.3909
4.85038 24.0243 107.856 -3.48699e-07 48.1195 -37.3889
4.84225 24.0241 107.848 -3.48068e-07 48.1283 -37.3868
4.83412 24.0239 107.839 -3.47437e-07 48.1371 -37.3848
4.82599 24.0236 107.83 -3.46807e-07 48.1459 -37.3827
4.81787 24.0234 107.822 -3.46177e-07 48.1547 -37.3807
4.80974 24.0232 107.813 -3.45547e-07 48.1635 -37.3786
4.80162 24.023 107.805 -3.44917e-07 48.1723 -37.3766
4.7935 24.0228 107.796 -3.44288e-07 48.1811 -37.3746
4.78538 24.0226 107.787 -3.43659e-07 48.1899 -37.3725
4.77726 24.0224 107.779 -3.4303e-07 48.1987 -37.3705
4.76914 24.0222 107.77 -3.42402e-07 48.2075 -37.3684
4.76103 24.022 107.762 -3.41773e-07 48.2163 -37.3664
4.75291 24.0218 107.753 -3.41145e-07 48.2251 -37.3643
4.7448 24.0216 107.744 -3.40518e-07 48.2339 -37.3623
4.73669 24.0215 107.736 -3.3989e-07 48.2428 -37.3602
4.72858 24.0213 107.727 -3.39263e-07 48.2516 -37.3582
4.72047 24.0211 107.719 -3.38636e-07 48.2604 -37.3561
4.71236 24.0209 107.71 -3.3801e-07 48.2692 -37.3541
4.70426 24.0207 107.701 -3.37383e-07 48.278 -37.3521
4.69615 24.0206 107.693 -3.36757e-07 48.2868 -37.35
4.68805 24.0204 107.684 -3.36132e-07 48.2956 -37.348
4.67995 24.0202 107.675 -3.35506e-07 48.3044 -37.3459
4.67185 24.0201 107.667 -3.34881e-07 48.3132 -37.3439
4.66375 24.0199 107.658 -3.34256e-07 48.322 -37.3418
4.65565 24.0197 107.649 -3.33631e-07 48.3308 -37.3398
4.64755 24.0196 107.641 -3.33007e-07 48.3396 -37.3377
4.63946 24.0194 107.632 -3.32382e-07 48.3484 -37.3357
4.63137 24.0193 107.624 -3.31759e-07 48.3572 -37.3336
4.62327 24.0191 107.615 -3.31135e-07 48.366 -37.3316
4.61518 24.019 107.606 -3.30512e-07 48.3748 -37.3296
4.60709 24.0188 107.598 -3.29889e-07 48.3836 -37.3275
4.59901 24.0187 107.589 -3.29266e-07 48.3924 -37.3255
4.59092 24.0185 107.58 -3.28643e-07 48.4012 -37.3234
4.58284 24.0184 107.572 -3.28021e-07 48.41 -37.3214
4.57475 24.0183 107.563 -3.27399e-07 48.4188 -37.3193
4.56667 24.0181 107.554 -3.26777e-07 48.4276 -37.3173
4.55859 24.018 107.546 -3.26156e-07 48.4364 -37.3152
4.55051 24.0179 107.537 -3.25535e-07 48.4452 -37.3132
4.54243 24.0177 107.528 -3.24914e-07 48.454 -37.3111
4.53436 24.0176 107.52 -3.24293e-07 48.4628 -37.3091
4.52628 24.0175 107.511 -3.23673e-07 48.4716 -37.307
4.51821 24.0174 107.502 -3.23052e-07 48.4804 -37.305
4.51013 24.0172 107.494 -3.22433e-07 48.4892 -37.303
4.50206 24.0171 107.485 -3.21813e-07 48.498 -37.3009
4.49399 24.017 107.476 -3.21194e-07 48.5068 -37.2989
4.48593 24.0169 107.467 -3.20575e-07 48.5157 -37.2968
4.47786 24.0168 107.459 -3.19956e-07 48.5245 -37.2948
4.46979 24.0167 107.45 -3.19337e-07 48.5333 -37.2927
4.46173 24.0166 107.441 -3.18719e-07 48.5421 -37.2907
4.45367 24.0165 107.433 -3.18101e-07 48.5509 -37.2886
4.44561 24.0164 107.424 -3.17484e-07 48.5597 -37.2866
4.43755 24.0163 107.415 -3.16866e-07 48.5685 -37.2845
4.42949 24.0162 107.406 -3.16249e-07 48.5773 -37.2825
4.42143 24.0161 107.398 -3.15632e-07 48.5861 -37.2805
4.41338 24.016 107.389 -3.15015e-07 48.5949 -37.2784
4.40532 24.0159 107.38 -3.14399e-07 48.6037 -37.2764
4.39727 24.0159 107.372 -3.13783e-07 48.6125 -37.2743
4.38922 24.0158 107.363 -3.13167e-07 48.6213 -37.2723
4.38117 24.0157 107.354 -3.12552e-07 48.6301 -37.2702
4.37312 24.0156 107.345 -3.11936e-07 48.6389 -37.2682
4.36507 24.0156 107.337 -3.11321e-07 48.6477 -37.2661
4.35703 24.0155 107.328 -3.10707e-07 48.6566 -37.2641
4.34898 24.0154 107.319 -3.10092e-07 48.6654 -37.262
4.34094 24.0153 107.31 -3.09478e-07 48.6742 -37.26
4.3329 24.0153 107.302 -3.08864e-07 48.683 -37.2579
4.32486 24.0152 107.293 -3.0825e-07 48.6918 -37.2559
4.31682 24.0152 107.284 -3.07637e-07 48.7006 -37.2539
4.30878 24.0151 107.275 -3.07024e-07 48.7094 -37.2518
4.30074 24.0151 107.267 -3.06411e-07 48.7182 -37.2498
4.29271 24.015 107.258 -3.05798e-07 48.727 -37.2477
4.28468 24.015 107.249 -3.05186e-07 48.7358 -37.2457
4.27664 24.0149 107.24 -3.04574e-07 48.7446 -37.2436
4.26861 24.0149 107.232 -3.03962e-07 48.7534 -37.2416
4.26058 24.0148 107.223 -3.0335e-07 48.7623 -37.2395
4.25256 24.0148 107.214 -3.02739e-07 48.7711 -37.2375
4.24453 24.0147 107.205 -3.02128e-07 48.7799 -37.2354
4.23651 24.0147 107.197 -3.01517e-07 48.7887 -37.2334
4.22848 24.0147 107.188 -3.00906e-07 48.7975 -37.2314
4.22046 24.0146 107.179 -3.00296e-07 48.8063 -37.2293
4.21244 24.0146 107.17 -2.99686e-07 48.8151 -37.2273
4.20442 24.0146 107.161 -2.99077e-07 48.8239 -37.2252
4.1964 24.0146 107.153 -2.98467e-07 48.8327 -37.2232
4.18839 24.0146 107.144 -2.97858e-07 48.8415 -37.2211
4.18037 24.0145 107.135 -2.97249e-07 48.8504 -37.2191
4.17236 24.0145 107.126 -2.9664e-07 48.8592 -37.217
4.16434 24.0145 107.118 -2.96032e-07 48.868 -37.215
4.15633 24.0145 107.109 -2.95424e-07 48.8768 -37.2129
4.14832 24.0145 107.1 -2.94816e-07 48.8856 -37.2109
4.14032 24.0145 107.091 -2.94208e-07 48.8944 -37.2089
4.13231 24.0145 107.082 -2.93601e-07 48.9032 -37.2068
4.1243 24.0145 107.073 -2.92994e-07 48.912 -37.2048
4.1163 24.0145 107.065 -2.92387e-07 48.9208 -37.2027
4.1083 24.0145 107.056 -2.9178e-07 48.9297 -37.2007
4.1003 24.0145 107.047 -2.91174e-07 48.9385 -37.1986
4.0923 24.0145 107.038 -2.90568e-07 48.9473 -37.1966
4.0843 24.0145 107.029 -2.89962e-07 48.9561 -37.1945
4.0763 24.0145 107.021 -2.89357e-07 48.9649 -37.1925
4.06831 24.0146 107.012 -2.88751e-07 48.9737 -37.1904
4.06031 24.0146 107.003 -2.88146e-07 48.9825 -37.1884
4.05232 24.0146 106.994 -2.87542e-07 48.9913 -37.1863
4.04433 24.0146 106.985 -2.86937e-07 49.0002 -37.1843
4.03634 24.0146 106.976 -2.86333e-07 49.009 -37.1823
4.02835 24.0147 106.968 -2.85729e-07 49.0178 -37.1802
4.02036 24.0147 106.959 -2.85125e-07 49.0266 -37.1782
4.01238 24.0147 106.95 -2.84522e-07 49.0354 -37.1761
4.00439 24.0148 106.941 -2.83919e-07 49.0442 -37.1741
3.99641 24.0148 106.932 -2.83316e-07 49.053 -37.172
3.98843 24.0149 106.923 -2.82713e-07 49.0618 -37.17
3.98045 24.0149 106.914 -2.82111e-07 49.0707 -37.1679
3.97247 24.015 106.906 -2.81509e-07 49.0795 -37.1659
3.96449 24.015 106.897 -2.80907e-07 49.0883 -37.1638
3.95651 24.0151 106.888 -2.80305e-07 49.0971 -37.1618
3.94854 24.0151 106.879 -2.79704e-07 49.1059 -37.1598
3.94057 24.0152 106.87 -2.79103e-07 49.1147 -37.1577
3.93259 24.0152 106.861 -2.78502e-07 49.1235 -37.1557
3.92462 24.0153 106.852 -2.77901e-07 49.1324 -37.1536
3.91665 24.0153 106.843 -2.77301e-07 49.1412 -37.1516
3.90869 24.0154 106.835 -2.76701e-07 49.15 -37.1495
3.90072 24.0155 106.826 -2.76101e-07 49.1588 -37.1475
3.89276 24.0155 106.817 -2.75501e-07 49.1676 -37.1454
3.88479 24.0156 106.808 -2.74902e-07 49.1764 -37.1434
3.87683 24.0157 106.799 -2.74303e-07 49.1853 -37.1413
3.86887 24.0158 106.79 -2.73704e-07 49.1941 -37.1393
3.86091 24.0159 106.781 -2.73106e-07 49.2029 -37.1373
3.85295 24.0159 106.772 -2.72508e-07 49.2117 -37.1352
3.845 24.016 106.763 -2.7191e-07 49.2205 -37.1332
3.83704 24.0161 106.755 -2.71312e-07 49.2293 -37.1311
3.82909 24.0162 106.746 -2.70714e-07 49.2381 -37.1291
3.82113 24.0163 106.737 -2.70117e-07 49.247 -37.127
3.81318 24.0164 106.728 -2.6952e-07 49.2558 -37.125
3.80523 24.0165 106.719 -2.68924e-07 49.2646 -37.1229
3.79728 24.0166 106.71 -2.68327e-07 49.2734 -37.1209
3.78934 24.0167 106.701 -2.67731e-07 49.2822 -37.1188
3.78139 24.0168 106.692 -2.67135e-07 49.291 -37.1168
3.77345 24.0169 106.683 -2.66539e-07 49.2999 -37.1147
3.76551 24.017 106.674 -2.65944e-07 49.3087 -37.1127
3.75756 24.0171 106.665 -2.65349e-07 49.3175 -37.1107
3.74962 24.0172 106.656 -2.64754e-07 49.3263 -37.1086
3.74169 24.0174 106.648 -2.64159e-07 49.3351 -37.1066
3.73375 24.0175 106.639 -2.63565e-07 49.344 -37.1045
3.72581 24.0176 106.63 -2.62971e-07 49.3528 -37.1025
3.71788 24.0177 106.621 -2.62377e-07 49.3616 -37.1004
3.70995 24.0178 106.612 -2.61783e-07 49.3704 -37.0984
3.70201 24.018 106.603 -2.6119e-07 49.3792 -37.0963
3.69408 24.0181 106.594 -2.60597e-07 49.388 -37.0943
3.68616 24.0182 106.585 -2.60004e-07 49.3969 -37.0922
3.67823 24.0184 106.576 -2.59411e-07 49.4057 -37.0902
3.6703 24.0185 106.567 -2.58819e-07 49.4145 -37.0882
3.66238 24.0187 106.558 -2.58227e-07 49.4233 -37.0861
3.65445 24.0188 106.549 -2.57635e-07 49.4321 -37.0841
3.64653 24.0189 106.54 -2.57043e-07 49.441 -37.082
3.63861 24.0191 106.531 -2.56452e-07 49.4498 -37.08
3.63069 24.0192 106.522 -2.55861e-07 49.4586 -37.0779
3.62278 24.0194 106.513 -2.5527e-07 49.4674 -37.0759
3.61486 24.0196 106.504 -2.54679e-07 49.4762 -37.0738
3.60695 24.0197 106.495 -2.54089e-07 49.4851 -37.0718
3.59903 24.0199 106.486 -2.53499e-07 49.4939 -37.0697
3.59112 24.02 106.477 -2.52909e-07 49.5027 -37.0677
3.58321 24.0202 106.468 -2.5232e-07 49.5115 -37.0657
3.5753 24.0204 106.459 -2.5173e-07 49.5203 -37.0636
3.56739 24.0205 106.45 -2.51141e-07 49.5292 -37.0616
3.55949 24.0207 106.441 -2.50552e-07 49.538 -37.0595
3.55158 24.0209 106.432 -2.49964e-07 49.5468 -37.0575
3.54368 24.0211 106.423 -2.49376e-07 49.5556 -37.0554
3.53577 24.0212 106.414 -2.48788e-07 49.5645 -37.0534
3.52787 24.0214 106.405 -2.482e-07 49.5733 -37.0513
3.51997 24.0216 106.396 -2.47612e-07 49.5821 -37.0493
3.51208 24.0218 106.387 -2.47025e-07 49.5909 -37.0472
3.50418 24.022 106.378 -2.46438e-07 49.5997 -37.0452
3.49628 24.0222 106.369 -2.45851e-07 49.6086 -37.0431
3.48839 24.0224 106.36 -2.45265e-07 49.6174 -37.0411
3.4805 24.0226 106.351 -2.44678e-07 49.6262 -37.0391
3.47261 24.0228 106.342 -2.44092e-07 49.635 -37.037
3.46472 24.023 106.333 -2.43507e-07 49.6439 -37.035
3.45683 24.0232 106.324 -2.42921e-07 49.6527 -37.0329
3.44894 24.0234 106.315 -2.42336e-07 49.6615 -37.0309
3.44105 24.0236 106.306 -2.41751e-07 49.6703 -37.0288
3.43317 24.0238 106.297 -2.41166e-07 49.6791 -37.0268
3.42529 24.024 106.288 -2.40581e-07 49.688 -37.0247
3.41741 24.0242 106.279 -2.39997e-07 49.6968 -37.0227
3.40953 24.0245 106.27 -2.39413e-07 49.7056 -37.0206
3.40165 24.0247 106.261 -2.38829e-07 49.7144 -37.0186
3.39377 24.0249 106.252 -2.38246e-07 49.7233 -37.0166
3.38589 24.0251 106.243 -2.37663e-07 49.7321 -37.0145
3.37802 24.0254 106.234 -2.3708e-07 49.7409 -37.0125
3.37015 24.0256 106.225 -2.36497e-07 49.7497 -37.0104
3.36227 24.0258 106.216 -2.35914e-07 49.7586 -37.0084
3.3544 24.0261 106.207 -2.35332e-07 49.7674 -37.0063
3.34654 24.0263 106.197 -2.3475e-07 49.7762 -37.0043
3.33867 24.0265 106.188 -2.34168e-07 49.785 -37.0022
3.3308 24.0268 106.179 -2.33587e-07 49.7939 -37.0002
3.32294 24.027 106.17 -2.33005e-07 49.8027 -36.9981
3.31507 24.0273 106.161 -2.32424e-07 49.8115 -36.9961
3.30721 24.0275 106.152 -2.31844e-07 49.8203 -36.994
3.29935 24.0278 106.143 -2.31263e-07 49.8292 -36.992
3.29149 24.028 106.134 -2.30683e-07 49.838 -36.99
3.28363 24.0283 106.125 -2.30103e-07 49.8468 -36.9879
3.27578 24.0285 106.116 -2.29523e-07 49.8556 -36.9859
3.26792 24.0288 106.107 -2.28944e-07 49.8645 -36.9838
3.26007 24.0291 106.098 -2.28364e-07 49.8733 -36.9818
3.25222 24.0293 106.089 -2.27785e-07 49.8821 -36.9797
3.24437 24.0296 106.079 -2.27206e-07 49.891 -36.9777
3.23652 24.0299 106.07 -2.26628e-07 49.8998 -36.9756
3.22867 24.0302 106.061 -2.2605e-07 49.9086 -36.9736
3.22082 24.0304 106.052 -2.25472e-07 49.9174 -36.9715
3.21298 24.0307 106.043 -2.24894e-07 49.9263 -36.9695
3.20513 24.031 106.034 -2.24316e-07 49.9351 -36.9675
3.19729 24.0313 106.025 -2.23739e-07 49.9439 -36.9654
3.18945 24.0316 106.016 -2.23162e-07 49.9527 -36.9634
3.18161 24.0319 106.007 -2.22585e-07 49.9616 -36.9613
3.17377 24.0321 105.997 -2.22009e-07 49.9704 -36.9593
3.16593 24.0324 105.988 -2.21432e-07 49.9792 -36.9572
3.1581 24.0327 105.979 -2.20856e-07 49.9881 -36.9552
3.15026 24.033 105.97 -2.2028e-07 49.9969 -36.9531
3.14243 24.0333 105.961 -2.19705e-07 50.0057 -36.9511
3.1346 24.0336 105.952 -2.19129e-07 50.0145 -36.949
3.12677 24.0339 105.943 -2.18554e-07 50.0234 -36.947
3.11894 24.0343 105.934 -2.1798e-07 50.0322 -36.945
3.11111 24.0346 105.924 -2.17405e-07 50.041 -36.9429
3.10329 24.0349 105.915 -2.16831e-07 50.0499 -36.9409
3.09546 24.0352 105.906 -2.16257e-07 50.0587 -36.9388
3.08764 24.0355 105.897 -2.15683e-07 50.0675 -36.9368
3.07982 24.0358 105.888 -2.15109e-07 50.0764 -36.9347
3.072 24.0362 105.879 -2.14536e-07 50.0852 -36.9327
3.06418 24.0365 105.87 -2.13963e-07 50.094 -36.9306
3.05636 24.0368 105.86 -2.1339e-07 50.1028 -36.9286
3.04854 24.0371 105.851 -2.12817e-07 50.1117 -36.9265
3.04073 24.0375 105.842 -2.12245e-07 50.1205 -36.9245
3.03291 24.0378 105.833 -2.11673e-07 50.1293 -36.9224
3.0251 24.0382 105.824 -2.11101e-07 50.1381 -36.9204
3.01729 24.0387 105.815 -2.1053e-07 50.1467 -36.9184
3.00948 24.0392 105.806 -2.09959e-07 50.1553 -36.9163
3.00167 24.0399 105.796 -2.0939e-07 50.1637 -36.9143
2.99387 24.0406 105.787 -2.0882e-07 50.1719 -36.9122
2.98606 24.0414 105.778 -2.08252e-07 50.1801 -36.9102
2.97826 24.0423 105.77 -2.07684e-07 50.1881 -36.9081
2.97046 24.0433 105.761 -2.07116e-07 50.196 -36.9061
2.96266 24.0444 105.752 -2.06549e-07 50.2038 -36.904
2.95486 24.0456 105.743 -2.05983e-07 50.2115 -36.902
2.94706 24.0468 105.734 -2.05417e-07 50.2191 -36.8999
2.93926 24.0482 105.725 -2.04852e-07 50.2265 -36.8979
2.93146 24.0496 105.717 -2.04288e-07 50.2338 -36.8959
2.92367 24.0511 105.708 -2.03724e-07 50.241 -36.8938
2.91588 24.0527 105.699 -2.0316e-07 50.2481 -36.8918
2.90809 24.0544 105.691 -2.02598e-07 50.255 -36.8897
2.9003 24.0562 105.682 -2.02035e-07 50.2619 -36.8877
2.89251 24.0581 105.673 -2.01474e-07 50.2686 -36.8856
2.88472 24.06 105.665 -2.00912e-07 50.2752 -36.8836
2.87694 24.062 105.656 -2.00352e-07 50.2816 -36.8815
2.86915 24.0642 105.648 -1.99792e-07 50.288 -36.8795
2.86137 24.0664 105.639 -1.99232e-07 50.2942 -36.8774
2.85359 24.0687 105.631 -1.98673e-07 50.3003 -36.8754
2.84581 24.071 105.623 -1.98115e-07 50.3063 -36.8734
2.83803 24.0735 105.614 -1.97557e-07 50.3122 -36.8713
2.83025 24.0761 105.606 -1.97e-07 50.3179 -36.8693
2.82247 24.0787 105.598 -1.96443e-07 50.3235 -36.8672
2.8147 24.0814 105.59 -1.95887e-07 50.3291 -36.8652
2.80693 24.0842 105.581 -1.95331e-07 50.3344 -36.8631
2.79915 24.0871 105.573 -1.94776e-07 50.3397 -36.8611
2.79138 24.0901 105.565 -1.94221e-07 50.3449 -36.859
2.78361 24.0932 105.557 -1.93667e-07 50.3499 -36.857
2.77585 24.0963 105.549 -1.93113e-07 50.3548 -36.8549
2.76808 24.0996 105.541 -1.9256e-07 50.3596 -36.8529
2.76031 24.1029 105.533 -1.92007e-07 50.3642 -36.8508
2.75255 24.1063 105.525 -1.91455e-07 50.3688 -36.8488
2.74479 24.1098 105.517 -1.90903e-07 50.3732 -36.8468
2.73703 24.1134 105.509 -1.90352e-07 50.3775 -36.8447
2.72927 24.117 105.501 -1.89801e-07 50.3817 -36.8427
2.72151 24.1208 105.493 -1.89251e-07 50.3858 -36.8406
2.71375 24.1246 105.486 -1.88701e-07 50.3897 -36.8386
2.706 24.1285 105.478 -1.88152e-07 50.3936 -36.8365
2.69824 24.1326 105.47 -1.87603e-07 50.3973 -36.8345
2.69049 24.1366 105.462 -1.87055e-07 50.4009 -36.8324
2.68274 24.1408 105.455 -1.86507e-07 50.4043 -36.8304
2.67499 24.1451 105.447 -1.85959e-07 50.4077 -36.8283
2.66724 24.1494 105.44 -1.85413e-07 50.4109 -36.8263
2.65949 24.1539 105.432 -1.84866e-07 50.414 -36.8243
2.65175 24.1584 105.425 -1.8432e-07 50.417 -36.8222
2.644 24.163 105.417 -1.83775e-07 50.4199 -36.8202
2.63626 24.1677 105.41 -1.8323e-07 50.4226 -36.8181
2.62852 24.1725 105.402 -1.82685e-07 50.4253 -36.8161
2.62078 24.1773 105.395 -1.82141e-07 50.4278 -36.814
2.61304 24.1823 105.388 -1.81597e-07 50.4302 -36.812
2.6053 24.1873 105.38 -1.81054e-07 50.4324 -36.8099
2.59757 24.1924 105.373 -1.80511e-07 50.4346 -36.8079
2.58983 24.1976 105.366 -1.79968e-07 50.4366 -36.8058
2.5821 24.2029 105.359 -1.79426e-07 50.4385 -36.8038
2.57437 24.2083 105.351 -1.78885e-07 50.4403 -36.8018
2.56664 24.2137 105.344 -1.78344e-07 50.442 -36.7997
2.55891 24.2193 105.337 -1.77803e-07 50.4435 -36.7977
2.55118 24.2249 105.33 -1.77263e-07 50.445 -36.7956
2.54345 24.2306 105.323 -1.76723e-07 50.4463 -36.7936
2.53573 24.2364 105.316 -1.76184e-07 50.4475 -36.7915
2.52801 24.2423 105.309 -1.75645e-07 50.4486 -36.7895
2.52028 24.2482 105.302 -1.75106e-07 50.4495 -36.7874
2.51256 24.2543 105.295 -1.74568e-07 50.4504 -36.7854
2.50484 24.2604 105.288 -1.7403e-07 50.4511 -36.7833
2.49712 24.2666 105.282 -1.73493e-07 50.4517 -36.7813
2.48941 24.2729 105.275 -1.72956e-07 50.4522 -36.7792
2.48169 24.2793 105.268 -1.72419e-07 50.4525 -36.7772
2.47398 24.2858 105.261 -1.71883e-07 50.4528 -36.7752
2.46627 24.2924 105.255 -1.71347e-07 50.4529 -36.7731
2.45855 24.299 105.248 -1.70811e-07 50.4529 -36.7711
2.45084 24.3057 105.241 -1.70276e-07 50.4528 -36.769
2.44314 24.3125 105.235 -1.69742e-07 50.4526 -36.767
2.43543 24.3194 105.228 -1.69207e-07 50.4522 -36.7649
2.42772 24.3264 105.222 -1.68674e-07 50.4518 -36.7629
2.42002 24.3335 105.215 -1.6814e-07 50.4512 -36.7608
2.41232 24.3406 105.209 -1.67607e-07 50.4505 -36.7588
2.40461 24.3479 105.202 -1.67074e-07 50.4496 -36.7567
2.39691 24.3552 105.196 -1.66542e-07 50.4487 -36.7547
2.38922 24.3626 105.19 -1.6601e-07 50.4476 -36.7527
2.38152 24.3701 105.183 -1.65478e-07 50.4464 -36.7506
2.37382 24.3777 105.177 -1.64946e-07 50.4451 -36.7486
2.36613 24.3853 105.171 -1.64415e-07 50.4437 -36.7465
2.35843 24.3931 105.165 -1.63885e-07 50.4422 -36.7445
2.35074 24.4009 105.159 -1.63355e-07 50.4405 -36.7424
2.34305 24.4088 105.152 -1.62825e-07 50.4388 -36.7404
2.33536 24.4168 105.146 -1.62295e-07 50.4369 -36.7383
2.32768 24.4249 105.14 -1.61766e-07 50.4349 -36.7363
2.31999 24.4331 105.134 -1.61237e-07 50.4327 -36.7342
2.3123 24.4413 105.128 -1.60708e-07 50.4305 -36.7322
2.30462 24.4497 105.122 -1.6018e-07 50.4281 -36.7302
2.29694 24.4581 105.116 -1.59652e-07 50.4256 -36.7281
2.28926 24.4666 105.11 -1.59124e-07 50.423 -36.7261
2.28158 24.4752 105.104 -1.58597e-07 50.4203 -36.724
2.2739 24.4839 105.099 -1.5807e-07 50.4175 -36.722
2.26622 24.4926 105.093 -1.57543e-07 50.4145 -36.7199
2.25855 24.5015 105.087 -1.57017e-07 50.4114 -36.7179
2.25087 24.5104 105.081 -1.56491e-07 50.4082 -36.7158
2.2432 24.5194 105.076 -1.55965e-07 50.4049 -36.7138
2.23553 24.5285 105.07 -1.5544e-07 50.4015 -36.7117
2.22784 24.5377 105.064 -1.54914e-07 50.3979 -36.7097
2.22006 24.547 105.059 -1.54381e-07 50.3943 -36.7076
2.21217 24.5565 105.053 -1.53841e-07 50.3906 -36.7059
2.20417 24.5661 105.047 -1.53293e-07 50.3868 -36.7046
2.19608 24.5759 105.041 -1.5274e-07 50.3829 -36.7032
2.18798 24.5857 105.035 -1.52185e-07 50.3789 -36.7018
2.17988 24.5956 105.03 -1.51631e-07 50.3747 -36.7004
2.17178 24.6056 105.024 -1.51077e-07 50.3705 -36.699
2.16368 24.6157 105.018 -1.50524e-07 50.3661 -36.6976
2.15558 24.6259 105.012 -1.4997e-07 50.3616 -36.6962
2.14749 24.6362 105.007 -1.49417e-07 50.357 -36.6948
2.13939 24.6465 105.001 -1.48865e-07 50.3523 -36.6934
2.1313 24.6569 104.996 -1.48312e-07 50.3475 -36.692
2.12321 24.6675 104.99 -1.4776e-07 50.3425 -36.6906
2.11512 24.6781 104.985 -1.47208e-07 50.3374 -36.6892
2.10704 24.6887 104.979 -1.46656e-07 50.3322 -36.6878
2.09895 24.6995 104.974 -1.46105e-07 50.3269 -36.6865
2.09086 24.7104 104.968 -1.45554e-07 50.3215 -36.6851
2.08278 24.7213 104.963 -1.45003e-07 50.316 -36.6837
2.0747 24.7323 104.957 -1.44453e-07 50.3103 -36.6823
2.06662 24.7435 104.952 -1.43902e-07 50.3045 -36.6809
2.05854 24.7546 104.947 -1.43352e-07 50.2986 -36.6795
2.05047 24.7659 104.941 -1.42803e-07 50.2926 -36.6781
2.04239 24.7773 104.936 -1.42253e-07 50.2865 -36.6767
2.03432 24.7888 104.931 -1.41704e-07 50.2803 -36.6753
2.02624 24.8003 104.926 -1.41155e-07 50.2739 -36.6739
2.01817 24.8119 104.921 -1.40606e-07 50.2674 -36.6725
2.0101 24.8236 104.916 -1.40058e-07 50.2608 -36.6711
2.00204 24.8354 104.91 -1.39509e-07 50.2541 -36.6698
1.99397 24.8473 104.905 -1.38961e-07 50.2473 -36.6684
1.98591 24.8593 104.9 -1.38413e-07 50.2403 -36.667
1.97784 24.8713 104.895 -1.37866e-07 50.2333 -36.6656
1.96978 24.8834 104.89 -1.37318e-07 50.2261 -36.6642
1.96172 24.8957 104.886 -1.36771e-07 50.2188 -36.6628
1.95366 24.908 104.881 -1.36224e-07 50.2114 -36.6614
1.94561 24.9204 104.876 -1.35677e-07 50.2039 -36.66
1.93755 24.9329 104.871 -1.35131e-07 50.1962 -36.6586
1.9295 24.9454 104.866 -1.34585e-07 50.1885 -36.6572
1.92144 24.9581 104.861 -1.34038e-07 50.1806 -36.6558
1.91339 24.9708 104.857 -1.33493e-07 50.1726 -36.6544
1.90534 24.9836 104.852 -1.32947e-07 50.1645 -36.653
1.89729 24.9965 104.847 -1.32401e-07 50.1563 -36.6517
1.88925 25.0095 104.843 -1.31856e-07 50.1479 -36.6503
1.8812 25.0226 104.838 -1.31311e-07 50.1395 -36.6489
1.87316 25.0358 104.833 -1.30766e-07 50.1309 -36.6475
1.86512 25.049 104.829 -1.30221e-07 50.1222 -36.6461
1.85708 25.0624 104.824 -1.29677e-07 50.1134 -36.6447
1.84904 25.0758 104.82 -1.29132e-07 50.1045 -36.6433
1.841 25.0893 104.815 -1.28588e-07 50.0954 -36.6419
1.83297 25.1029 104.811 -1.28044e-07 50.0863 -36.6405
1.82493 25.1166 104.806 -1.27501e-07 50.077 -36.6391
1.8169 25.1304 104.802 -1.26957e-07 50.0676 -36.6377
1.80887 25.1442 104.798 -1.26413e-07 50.0581 -36.6363
1.80084 25.1582 104.793 -1.2587e-07 50.0485 -36.6349
1.79281 25.1722 104.789 -1.25327e-07 50.0388 -36.6336
1.78478 25.1863 104.785 -1.24784e-07 50.0289 -36.6322
1.77676 25.2005 104.781 -1.24241e-07 50.019 -36.6308
1.76873 25.2148 104.776 -1.23699e-07 50.0089 -36.6294
1.76071 25.2292 104.772 -1.23156e-07 49.9987 -36.628
1.75269 25.2436 104.768 -1.22614e-07 49.9884 -36.6266
1.74467 25.2582 104.764 -1.22072e-07 49.978 -36.6252
1.73665 25.2728 104.76 -1.2153e-07 49.9675 -36.6238
1.72864 25.2875 104.756 -1.20988e-07 49.9568 -36.6224
1.72062 25.3023 104.752 -1.20446e-07 49.946 -36.621
1.71261 25.3172 104.748 -1.19904e-07 49.9352 -36.6196
1.7046 25.3322 104.744 -1.19363e-07 49.9242 -36.6182
1.69659 25.3473 104.74 -1.18822e-07 49.913 -36.6169
1.68858 25.3624 104.736 -1.1828e-07 49.9018 -36.6155
1.68057 25.3777 104.732 -1.17739e-07 49.8905 -36.6141
1.67257 25.393 104.728 -1.17198e-07 49.879 -36.6127
1.66456 25.4084 104.724 -1.16657e-07 49.8674 -36.6113
1.65656 25.4239 104.72 -1.16117e-07 49.8558 -36.6099
1.64856 25.4395 104.717 -1.15576e-07 49.844 -36.6085
1.64056 25.4552 104.713 -1.15036e-07 49.832 -36.6071
1.63256 25.471 104.709 -1.14495e-07 49.82 -36.6057
1.62457 25.4868 104.705 -1.13955e-07 49.8079 -36.6043
1.61657 25.5028 104.702 -1.13415e-07 49.7956 -36.6029
1.60858 25.5188 104.698 -1.12875e-07 49.7832 -36.6015
1.60059 25.5349 104.694 -1.12335e-07 49.7708 -36.6001
1.5926 25.5511 104.691 -1.11795e-07 49.7582 -36.5988
1.58461 25.5674 104.687 -1.11255e-07 49.7454 -36.5974
1.57662 25.5838 104.684 -1.10716e-07 49.7326 -36.596
1.56863 25.6003 104.68 -1.10176e-07 49.7197 -36.5946
1.56065 25.6168 104.677 -1.09637e-07 49.7066 -36.5932
1.55267 25.6335 104.673 -1.09097e-07 49.6934 -36.5918
1.54468 25.6502 104.67 -1.08558e-07 49.6802 -36.5904
1.53671 25.667 104.666 -1.08019e-07 49.6668 -36.589
1.52873 25.6839 104.663 -1.07479e-07 49.6532 -36.5876
1.52075 25.7009 104.659 -1.0694e-07 49.6396 -36.5862
1.51277 25.718 104.656 -1.06401e-07 49.6259 -36.5848
1.5048 25.7352 104.653 -1.05862e-07 49.612 -36.5834
1.49683 25.7524 104.649 -1.05324e-07 49.5981 -36.582
1.48886 25.7698 104.646 -1.04785e-07 49.584 -36.5807
1.48089 25.7872 104.643 -1.04246e-07 49.5698 -36.5793
1.47292 25.8048 104.64 -1.03707e-07 49.5555 -36.5779
1.46496 25.8224 104.637 -1.03169e-07 49.5411 -36.5765
1.45699 25.8401 104.633 -1.0263e-07 49.5265 -36.5751
1.44903 25.8579 104.63 -1.02092e-07 49.5119 -36.5737
1.44107 25.8758 104.627 -1.01553e-07 49.4971 -36.5723
1.43311 25.8937 104.624 -1.01015e-07 49.4822 -36.5709
1.42515 25.9118 104.621 -1.00476e-07 49.4673 -36.5695
1.41719 25.9299 104.618 -9.99379e-08 49.4522 -36.5681
1.40923 25.9482 104.615 -9.93996e-08 49.437 -36.5667
1.40128 25.9665 104.612 -9.88613e-08 49.4216 -36.5653
1.39333 25.9849 104.609 -9.8323e-08 49.4062 -36.564
1.38538 26.0034 104.606 -9.77848e-08 49.3906 -36.5626
1.37743 26.022 104.603 -9.72466e-08 49.375 -36.5612
1.36948 26.0407 104.6 -9.67084e-08 49.3592 -36.5598
1.36153 26.0595 104.597 -9.61702e-08 49.3434 -36.5584
1.35359 26.0782 104.594 -9.56318e-08 49.3276 -36.557
1.34564 26.0969 104.591 -9.50932e-08 49.3117 -36.5556
1.3377 26.1157 104.588 -9.45545e-08 49.2959 -36.5542
1.32976 26.1344 104.585 -9.40157e-08 49.2801 -36.5528
1.32182 26.1532 104.582 -9.34767e-08 49.2643 -36.5514
1.31388 26.172 104.58 -9.29375e-08 49.2485 -36.55
1.30595 26.1907 104.577 -9.23982e-08 49.2327 -36.5486
1.29801 26.2095 104.574 -9.18588e-08 49.2169 -36.5472
1.29008 26.2283 104.571 -9.13191e-08 49.2012 -36.5459
1.28215 26.247 104.568 -9.07794e-08 49.1854 -36.5445
1.27422 26.2658 104.565 -9.02395e-08 49.1696 -36.5431
1.26629 26.2846 104.562 -8.96994e-08 49.1539 -36.5417
1.25836 26.3034 104.559 -8.91592e-08 49.1381 -36.5403
1.25044 26.3222 104.555 -8.86188e-08 49.1224 -36.5389
1.24252 26.341 104.552 -8.80783e-08 49.1066 -36.5375
1.23459 26.3598 104.549 -8.75376e-08 49.0909 -36.5361
1.22667 26.3786 104.546 -8.69967e-08 49.0752 -36.5347
1.21875 26.3974 104.543 -8.64558e-08 49.0594 -36.5333
1.21083 26.4162 104.54 -8.59146e-08 49.0437 -36.5319
1.20292 26.435 104.537 -8.53733e-08 49.028 -36.5305
1.195 26.4538 104.534 -8.48319e-08 49.0123 -36.5291
1.18709 26.4726 104.531 -8.42903e-08 48.9966 -36.5278
1.17918 26.4915 104.528 -8.37485e-08 48.9809 -36.5264
1.17127 26.5103 104.525 -8.32066e-08 48.9652 -36.525
1.16336 26.5291 104.521 -8.26645e-08 48.9495 -36.5236
1.15545 26.548 104.518 -8.21223e-08 48.9338 -36.5222
1.14755 26.5668 104.515 -8.15799e-08 48.9182 -36.5208
1.13964 26.5857 104.512 -8.10374e-08 48.9025 -36.5194
1.13174 26.6045 104.509 -8.04947e-08 48.8868 -36.518
1.12384 26.6234 104.505 -7.99519e-08 48.8712 -36.5166
1.11594 26.6422 104.502 -7.94089e-08 48.8555 -36.5152
1.10804 26.6611 104.499 -7.88658e-08 48.8399 -36.5138
1.10014 26.6799 104.496 -7.83225e-08 48.8242 -36.5124
1.09225 26.6988 104.493 -7.7779e-08 48.8086 -36.511
1.08435 26.7177 104.489 -7.72354e-08 48.793 -36.5097
1.07646 26.7366 104.486 -7.66916e-08 48.7774 -36.5083
1.06857 26.7554 104.483 -7.61477e-08 48.7618 -36.5069
1.06068 26.7743 104.48 -7.56036e-08 48.7461 -36.5055
1.05279 26.7932 104.476 -7.50594e-08 48.7305 -36.5041
1.04491 26.8121 104.473 -7.4515e-08 48.715 -36.5027
1.03702 26.831 104.47 -7.39705e-08 48.6994 -36.5013
1.02914 26.8499 104.466 -7.34258e-08 48.6838 -36.4999
1.02126 26.8688 104.463 -7.28809e-08 48.6682 -36.4985
1.01338 26.8877 104.46 -7.23359e-08 48.6526 -36.4971
1.0055 26.9066 104.456 -7.17907e-08 48.6371 -36.4957
0.997622 26.9255 104.453 -7.12454e-08 48.6215 -36.4943
0.989746 26.9444 104.45 -7.06999e-08 48.6059 -36.493
0.981872 26.9634 104.446 -7.01543e-08 48.5904 -36.4916
0.973999 26.9823 104.443 -6.96085e-08 48.5749 -36.4902
0.966128 27.0012 104.439 -6.90625e-08 48.5593 -36.4888
0.958258 27.0201 104.436 -6.85164e-08 48.5438 -36.4874
0.95039 27.0391 104.433 -6.79702e-08 48.5283 -36.486
0.942523 27.058 104.429 -6.74238e-08 48.5127 -36.4846
0.934658 27.077 104.426 -6.68772e-08 48.4972 -36.4832
0.926794 27.0959 104.422 -6.63305e-08 48.4817 -36.4818
0.918932 27.1149 104.419 -6.57836e-08 48.4662 -36.4804
0.911072 27.1338 104.415 -6.52365e-08 48.4507 -36.479
0.903212 27.1528 104.412 -6.46893e-08 48.4352 -36.4776
0.895355 27.1717 104.408 -6.4142e-08 48.4198 -36.4762
0.887499 27.1907 104.405 -6.35944e-08 48.4043 -36.4749
0.879644 27.2097 104.402 -6.30468e-08 48.3888 -36.4735
0.871791 27.2287 104.398 -6.24989e-08 48.3734 -36.4721
0.863939 27.2476 104.394 -6.19509e-08 48.3579 -36.4707
0.856089 27.2666 104.391 -6.14028e-08 48.3424 -36.4693
0.84824 27.2856 104.387 -6.08545e-08 48.327 -36.4679
0.840393 27.3046 104.384 -6.0306e-08 48.3116 -36.4665
0.832547 27.3236 104.38 -5.97574e-08 48.2961 -36.4651
0.824703 27.3426 104.377 -5.92086e-08 48.2807 -36.4637
0.816861 27.3616 104.373 -5.86597e-08 48.2653 -36.4623
0.809019 27.3806 104.37 -5.81106e-08 48.2499 -36.4609
0.80118 27.3996 104.366 -5.75613e-08 48.2345 -36.4595
0.793342 27.4186 104.362 -5.70119e-08 48.219 -36.4581
0.785505 27.4376 104.359 -5.64624e-08 48.2036 -36.4568
0.77767 27.4566 104.355 -5.59126e-08 48.1883 -36.4554
0.769836 27.4756 104.351 -5.53627e-08 48.1729 -36.454
0.762004 27.4947 104.348 -5.48127e-08 48.1575 -36.4526
0.754173 27.5137 104.344 -5.42625e-08 48.1421 -36.4512
0.746344 27.5327 104.341 -5.37121e-08 48.1268 -36.4498
0.738517 27.5518 104.337 -5.31616e-08 48.1114 -36.4484
0.73069 27.5708 104.333 -5.26109e-08 48.096 -36.447
0.722866 27.5898 104.329 -5.20601e-08 48.0807 -36.4456
0.715043 27.6089 104.326 -5.15091e-08 48.0653 -36.4442
0.707221 27.6279 104.322 -5.09579e-08 48.05 -36.4428
0.699401 27.647 104.318 -5.04066e-08 48.0347 -36.4414
0.691582 27.666 104.315 -4.98551e-08 48.0194 -36.4401
0.683765 27.6851 104.311 -4.93035e-08 48.004 -36.4387
0.675949 27.7042 104.307 -4.87517e-08 47.9887 -36.4373
0.668135 27.7232 104.303 -4.81997e-08 47.9734 -36.4359
0.660322 27.7423 104.3 -4.76476e-08 47.9581 -36.4345
0.652511 27.7614 104.296 -4.70953e-08 47.9428 -36.4331
0.644702 27.7805 104.292 -4.65429e-08 47.9275 -36.4317
0.636893 27.7996 104.288 -4.59903e-08 47.9123 -36.4303
0.629087 27.8186 104.284 -4.54375e-08 47.897 -36.4289
0.621282 27.8377 104.281 -4.48846e-08 47.8817 -36.4275
0.613478 27.8568 104.277 -4.43315e-08 47.8664 -36.4261
0.605676 27.8759 104.273 -4.37783e-08 47.8512 -36.4247
0.597875 27.895 104.269 -4.32249e-08 47.8359 -36.4233
0.590076 27.9141 104.265 -4.26713e-08 47.8207 -36.422
0.582278 27.9332 104.261 -4.21176e-08 47.8055 -36.4206
0.574482 27.9523 104.257 -4.15637e-08 47.7902 -36.4192
0.566687 27.9715 104.254 -4.10097e-08 47.775 -36.4178
0.558894 27.9906 104.25 -4.04555e-08 47.7598 -36.4164
0.551102 28.0097 104.246 -3.99011e-08 47.7446 -36.415
0.543312 28.0288 104.242 -3.93466e-08 47.7294 -36.4136
0.535523 28.0479 104.238 -3.87919e-08 47.7142 -36.4122
0.527736 28.0671 104.234 -3.82371e-08 47.699 -36.4108
0.51995 28.0862 104.23 -3.76821e-08 47.6838 -36.4094
0.512166 28.1054 104.226 -3.71269e-08 47.6686 -36.408
0.504383 28.1245 104.222 -3.65716e-08 47.6534 -36.4066
0.496602 28.1436 104.218 -3.60161e-08 47.6382 -36.4052
0.488822 28.1628 104.214 -3.54604e-08 47.6231 -36.4039
0.481044 28.1819 104.21 -3.49046e-08 47.6079 -36.4025
0.473267 28.2011 104.206 -3.43486e-08 47.5928 -36.4011
0.465492 28.2203 104.202 -3.37925e-08 47.5776 -36.3997
0.457718 28.2394 104.198 -3.32362e-08 47.5625 -36.3983
0.449946 28.2586 104.194 -3.26797e-08 47.5473 -36.3969
0.442175 28.2778 104.19 -3.21231e-08 47.5322 -36.3955
0.434406 28.2969 104.186 -3.15663e-08 47.5171 -36.3941
0.426638 28.3161 104.182 -3.10094e-08 47.502 -36.3927
0.418872 28.3353 104.178 -3.04523e-08 47.4869 -36.3913
0.411107 28.3545 104.174 -2.9895e-08 47.4718 -36.3899
0.403344 28.3737 104.17 -2.93376e-08 47.4567 -36.3885
0.395582 28.3929 104.166 -2.878e-08 47.4416 -36.3872
0.387822 28.412 104.161 -2.82222e-08 47.4265 -36.3858
0.380063 28.4312 104.157 -2.76643e-08 47.4114 -36.3844
0.372305 28.4504 104.153 -2.71062e-08 47.3964 -36.383
0.36455 28.4697 104.149 -2.6548e-08 47.3813 -36.3816
0.356795 28.4889 104.145 -2.59895e-08 47.3662 -36.3802
0.349042 28.5081 104.141 -2.5431e-08 47.3512 -36.3788
0.341291 28.5273 104.137 -2.48722e-08 47.3361 -36.3774
0.333541 28.5465 104.132 -2.43133e-08 47.3211 -36.376
0.325793 28.5657 104.128 -2.37543e-08 47.3061 -36.3746
0.318046 28.585 104.124 -2.31951e-08 47.291 -36.3732
0.3103 28.6042 104.12 -2.26357e-08 47.276 -36.3718
0.302557 28.6234 104.116 -2.20761e-08 47.261 -36.3704
0.294814 28.6426 104.111 -2.15164e-08 47.246 -36.3691
0.287073 28.6619 104.107 -2.09565e-08 47.231 -36.3677
0.279334 28.6811 104.103 -2.03965e-08 47.216 -36.3663
0.271596 28.7004 104.099 -1.98363e-08 47.201 -36.3649
0.263859 28.7196 104.094 -1.92759e-08 47.186 -36.3635
0.256124 28.7389 104.09 -1.87154e-08 47.1711 -36.3621
0.248391 28.7581 104.086 -1.81547e-08 47.1561 -36.3607
0.240659 28.7774 104.081 -1.75938e-08 47.1411 -36.3593
0.232928 28.7967 104.077 -1.70328e-08 47.1262 -36.3579
0.225199 28.8159 104.073 -1.64716e-08 47.1112 -36.3565
0.217472 28.8352 104.069 -1.59103e-08 47.0963 -36.3551
0.209746 28.8545 104.064 -1.53488e-08 47.0813 -36.3537
0.202021 28.8737 104.06 -1.47871e-08 47.0664 -36.3523
0.194298 28.893 104.056 -1.42252e-08 47.0515 -36.351
0.186577 28.9123 104.051 -1.36632e-08 47.0365 -36.3496
0.178857 28.9316 104.047 -1.31011e-08 47.0216 -36.3482
0.171138 28.9509 104.042 -1.25387e-08 47.0067 -36.3468
0.163421 28.9702 104.038 -1.19762e-08 46.9918 -36.3454
0.155705 28.9895 104.034 -1.14136e-08 46.9769 -36.344
0.147991 29.0088 104.029 -1.08507e-08 46.962 -36.3426
0.140279 29.0281 104.025 -1.02877e-08 46.9472 -36.3412
0.132568 29.0474 104.02 -9.72458e-09 46.9323 -36.3398
0.124858 29.0667 104.016 -9.16126e-09 46.9174 -36.3384
0.11715 29.086 104.011 -8.59777e-09 46.9026 -36.337
0.109443 29.1053 104.007 -8.03412e-09 46.8877 -36.3356
0.101738 29.1246 104.003 -7.4703e-09 46.8729 -36.3342
0.0940343 29.144 103.998 -6.90632e-09 46.858 -36.3329
0.086332 29.1633 103.994 -6.34217e-09 46.8432 -36.3315
0.0786313 29.1826 103.989 -5.77786e-09 46.8283 -36.3301
0.0709321 29.2019 103.985 -5.21338e-09 46.8135 -36.3287
0.0632343 29.2213 103.98 -4.64874e-09 46.7987 -36.3273
0.0555381 29.2406 103.975 -4.08393e-09 46.7839 -36.3259
0.0478433 29.26 103.971 -3.51896e-09 46.7691 -36.3245
0.04015 29.2793 103.966 -2.95382e-09 46.7543 -36.3231
0.0324582 29.2986 103.962 -2.38852e-09 46.7395 -36.3217
0.0247679 29.318 103.957 -1.82305e-09 46.7247 -36.3203
0.0170791 29.3374 103.953 -1.25742e-09 46.7099 -36.3189
0.00939173 29.3567 103.948 -6.91618e-10 46.6952 -36.3175
0.00170587 29.3761 103.944 -1.25653e-10 46.6804 -36.3162
-0.0059785 29.3954 103.939 4.40478e-10 46.6656 -36.3148
-0.0136614 29.4148 103.934 1.00677e-09 46.6509 -36.3134
-0.0213428 29.4342 103.93 1.57324e-09 46.6361 -36.312
-0.0290227 29.4536 103.925 2.13987e-09 46.6214 -36.3106
-0.0367011 29.4729 103.92 2.70666e-09 46.6067 -36.3092
-0.0443781 29.4923 103.916 3.27362e-09 46.5919 -36.3078
-0.0520536 29.5117 103.911 3.84075e-09 46.5772 -36.3064
-0.0597275 29.5311 103.906 4.40804e-09 46.5625 -36.305
-0.0674 29.5505 103.902 4.9755e-09 46.5478 -36.3036
-0.075071 29.5699 103.897 5.54312e-09 46.5331 -36.3022
-0.0827406 29.5893 103.892 6.11091e-09 46.5184 -36.3008
-0.0904086 29.6087 103.888 6.67887e-09 46.5037 -36.2994
-0.0980752 29.6281 103.883 7.24699e-09 46.489 -36.2981
-0.10574 29.6475 103.878 7.81528e-09 46.4743 -36.2967
-0.113404 29.6669 103.873 8.38374e-09 46.4597 -36.2953
-0.121066 29.6863 103.869 8.95236e-09 46.445 -36.2939
-0.128727 29.7057 103.864 9.52115e-09 46.4304 -36.2925
-0.136386 29.7251 103.859 1.00901e-08 46.4157 -36.2911
-0.144043 29.7446 103.854 1.06592e-08 46.4011 -36.2897
-0.1517 29.764 103.85 1.12285e-08 46.3864 -36.2883
-0.159354 29.7834 103.845 1.1798e-08 46.3718 -36.2869
-0.167007 29.8028 103.84 1.23676e-08 46.3572 -36.2855
-0.174659 29.8223 103.835 1.29374e-08 46.3426 -36.2841
-0.182309 29.8417 103.83 1.35073e-08 46.3279 -36.2827
-0.189958 29.8612 103.826 1.40775e-08 46.3133 -36.2813
-0.197605 29.8806 103.821 1.46477e-08 46.2987 -36.28
-0.205251 29.9 103.816 1.52182e-08 46.2842 -36.2786
-0.212896 29.9195 103.811 1.57888e-08 46.2696 -36.2772
-0.220538 29.9389 103.806 1.63596e-08 46.255 -36.2758
-0.22818 29.9584 103.801 1.69306e-08 46.2404 -36.2744
-0.23582 29.9779 103.796 1.75017e-08 46.2259 -36.273
-0.243458 29.9973 103.791 1.8073e-08 46.2113 -36.2716
-0.251095 30.0168 103.786 1.86444e-08 46.1967 -36.2702
-0.25873 30.0363 103.782 1.92161e-08 46.1822 -36.2688
-0.266364 30.0557 103.777 1.97879e-08 46.1677 -36.2674
-0.273997 30.0752 103.772 2.03598e-08 46.1531 -36.266
-0.281628 30.0947 103.767 2.0932e-08 46.1386 -36.2646
-0.289257 30.1142 103.762 2.15043e-08 46.1241 -36.2633
-0.296885 30.1337 103.757 2.20767e-08 46.1096 -36.2619
-0.304512 30.1531 103.752 2.26493e-08 46.0951 -36.2605
-0.312137 30.1726 103.747 2.32221e-08 46.0806 -36.2591
-0.319761 30.1921 103.742 2.37951e-08 46.0661 -36.2577
-0.327383 30.2116 103.737 2.43682e-08 46.0516 -36.2563
-0.335003 30.2311 103.732 2.49415e-08 46.0371 -36.2549
-0.342623 30.2506 103.727 2.5515e-08 46.0226 -36.2535
-0.35024 30.2701 103.722 2.60887e-08 46.0082 -36.2521
-0.357857 30.2896 103.717 2.66625e-08 45.9937 -36.2507
-0.365471 30.3092 103.712 2.72364e-08 45.9792 -36.2493
-0.373085 30.3287 103.707 2.78106e-08 45.9648 -36.2479
-0.380696 30.3482 103.701 2.83849e-08 45.9504 -36.2465
-0.388307 30.3677 103.696 2.89594e-08 45.9359 -36.2452
-0.395915 30.3872 103.691 2.9534e-08 45.9215 -36.2438
-0.403523 30.4068 103.686 3.01088e-08 45.9071 -36.2424
-0.411129 30.4263 103.681 3.06838e-08 45.8927 -36.241
-0.418733 30.4458 103.676 3.12589e-08 45.8783 -36.2396
-0.426336 30.4654 103.671 3.18343e-08 45.8639 -36.2382
-0.433937 30.4849 103.666 3.24097e-08 45.8495 -36.2368
-0.441537 30.5044 103.66 3.29854e-08 45.8351 -36.2354
-0.449136 30.524 103.655 3.35612e-08 45.8207 -36.234
-0.456733 30.5435 103.65 3.41372e-08 45.8063 -36.2326
-0.464328 30.5631 103.645 3.47134e-08 45.792 -36.2312
-0.471922 30.5826 103.64 3.52897e-08 45.7776 -36.2298
-0.479515 30.6022 103.635 3.58662e-08 45.7632 -36.2284
-0.487106 30.6218 103.629 3.64429e-08 45.7489 -36.2271
-0.494696 30.6413 103.624 3.70197e-08 45.7346 -36.2257
-0.502284 30.6609 103.619 3.75967e-08 45.7202 -36.2243
-0.509871 30.6805 103.614 3.81739e-08 45.7059 -36.2229
-0.517456 30.7 103.608 3.87512e-08 45.6916 -36.2215
-0.525039 30.7196 103.603 3.93287e-08 45.6773 -36.2201
-0.532622 30.7392 103.598 3.99064e-08 45.6629 -36.2187
-0.540203 30.7588 103.593 4.04842e-08 45.6486 -36.2173
-0.547782 30.7784 103.587 4.10622e-08 45.6344 -36.2159
-0.55536 30.7979 103.582 4.16404e-08 45.6201 -36.2145
-0.562936 30.8175 103.577 4.22188e-08 45.6058 -36.2131
-0.570511 30.8371 103.571 4.27973e-08 45.5915 -36.2117
-0.578084 30.8567 103.566 4.3376e-08 45.5772 -36.2104
-0.585656 30.8763 103.561 4.39548e-08 45.563 -36.209
-0.593227 30.8959 103.555 4.45339e-08 45.5487 -36.2076
-0.600796 30.9155 103.55 4.51131e-08 45.5345 -36.2062
-0.608363 30.9351 103.545 4.56924e-08 45.5202 -36.2048
-0.615929 30.9547 103.539 4.62719e-08 45.506 -36.2034
-0.623494 30.9744 103.534 4.68517e-08 45.4918 -36.202
-0.631057 30.994 103.528 4.74315e-08 45.4776 -36.2006
-0.638619 31.0136 103.523 4.80116e-08 45.4633 -36.1992
-0.646179 31.0332 103.518 4.85918e-08 45.4491 -36.1978
-0.653737 31.0528 103.512 4.91721e-08 45.4349 -36.1964
-0.661295 31.0725 103.507 4.97527e-08 45.4207 -36.195
-0.66885 31.0921 103.501 5.03334e-08 45.4066 -36.1936
-0.676405 31.1117 103.496 5.09143e-08 45.3924 -36.1923
-0.683957 31.1314 103.49 5.14953e-08 45.3782 -36.1909
-0.691509 31.151 103.485 5.20766e-08 45.364 -36.1895
-0.699059 31.1707 103.479 5.2658e-08 45.3499 -36.1881
-0.706607 31.1903 103.474 5.32395e-08 45.3357 -36.1867
-0.714154 31.21 103.468 5.38213e-08 45.3216 -36.1853
-0.721699 31.2296 103.463 5.44032e-08 45.3074 -36.1839
-0.729243 31.2493 103.457 5.49852e-08 45.2933 -36.1825
-0.736786 31.2689 103.452 5.55675e-08 45.2792 -36.1811
-0.744327 31.2886 103.446 5.61499e-08 45.2651 -36.1797
-0.751866 31.3082 103.441 5.67325e-08 45.2509 -36.1783
-0.759405 31.3279 103.435 5.73152e-08 45.2368 -36.1769
-0.766941 31.3476 103.43 5.78981e-08 45.2227 -36.1755
-0.774476 31.3672 103.424 5.84812e-08 45.2086 -36.1742
-0.78201 31.3869 103.419 5.90645e-08 45.1946 -36.1728
-0.789542 31.4066 103.413 5.96479e-08 45.1805 -36.1714
-0.797073 31.4263 103.407 6.02315e-08 45.1664 -36.17
-0.804602 31.446 103.402 6.08152e-08 45.1523 -36.1686
-0.81213 31.4656 103.396 6.13992e-08 45.1383 -36.1672
-0.819656 31.4853 103.39 6.19833e-08 45.1242 -36.1658
-0.827181 31.505 103.385 6.25676e-08 45.1102 -36.1644
-0.834705 31.5247 103.379 6.3152e-08 45.0961 -36.163
-0.842227 31.5444 103.373 6.37366e-08 45.0821 -36.1616
-0.849747 31.5641 103.368 6.43214e-08 45.0681 -36.1602
-0.857266 31.5838 103.362 6.49063e-08 45.0541 -36.1588
-0.864784 31.6035 103.356 6.54915e-08 45.0401 -36.1574
-0.8723 31.6232 103.351 6.60768e-08 45.0261 -36.1561
-0.879814 31.6429 103.345 6.66622e-08 45.0121 -36.1547
-0.887328 31.6627 103.339 6.72478e-08 44.9981 -36.1533
-0.894839 31.6824 103.334 6.78336e-08 44.9841 -36.1519
-0.902349 31.7021 103.328 6.84196e-08 44.9701 -36.1505
-0.909858 31.7218 103.322 6.90058e-08 44.9561 -36.1491
-0.917365 31.7415 103.316 6.95921e-08 44.9422 -36.1477
-0.924871 31.7613 103.311 7.01785e-08 44.9282 -36.1463
-0.932376 31.781 103.305 7.07652e-08 44.9143 -36.1449
-0.939879 31.8007 103.299 7.1352e-08 44.9003 -36.1435
-0.94738 31.8205 103.293 7.1939e-08 44.8864 -36.1421
-0.95488 31.8402 103.287 7.25262e-08 44.8725 -36.1407
-0.962378 31.8599 103.282 7.31135e-08 44.8585 -36.1394
-0.969875 31.8797 103.276 7.3701e-08 44.8446 -36.138
-0.977371 31.8994 103.27 7.42886e-08 44.8307 -36.1366
-0.984865 31.9192 103.264 7.48765e-08 44.8168 -36.1352
-0.992358 31.9389 103.258 7.54645e-08 44.8029 -36.1338
-0.999849 31.9587 103.252 7.60527e-08 44.789 -36.1324
-1.00734 31.9784 103.246 7.6641e-08 44.7751 -36.131
-1.01483 31.9982 103.241 7.72295e-08 44.7613 -36.1296
-1.02231 32.018 103.235 7.78182e-08 44.7474 -36.1282
-1.0298 32.0377 103.229 7.84071e-08 44.7335 -36.1268
-1.03728 32.0575 103.223 7.89961e-08 44.7197 -36.1254
-1.04477 32.0772 103.217 7.95852e-08 44.7059 -36.124
-1.05225 32.0969 103.211 8.01744e-08 44.6922 -36.1226
-1.05973 32.1164 103.205 8.07635e-08 44.6787 -36.1213
-1.0672 32.1359 103.199 8.13526e-08 44.6652 -36.1199
-1.07468 32.1552 103.193 8.19418e-08 44.6519 -36.1185
-1.08216 32.1745 103.187 8.25309e-08 44.6387 -36.1171
-1.08963 32.1937 103.181 8.312e-08 44.6256 -36.1157
-1.0971 32.2128 103.175 8.37092e-08 44.6127 -36.1143
-1.10457 32.2318 103.168 8.42983e-08 44.5998 -36.1129
-1.11204 32.2507 103.162 8.48874e-08 44.5871 -36.1115
-1.11951 32.2695 103.156 8.54765e-08 44.5745 -36.1101
-1.12697 32.2882 103.15 8.60655e-08 44.562 -36.1087
-1.13444 32.3068 103.144 8.66545e-08 44.5496 -36.1073
-1.1419 32.3254 103.137 8.72435e-08 44.5373 -36.1059
-1.14936 32.3438 103.131 8.78325e-08 44.5252 -36.1045
-1.15683 32.3622 103.125 8.84214e-08 44.5131 -36.1032
-1.16428 32.3805 103.118 8.90103e-08 44.5012 -36.1018
-1.17174 32.3987 103.112 8.95991e-08 44.4894 -36.1004
-1.1792 32.4167 103.106 9.01879e-08 44.4777 -36.099
-1.18665 32.4347 103.099 9.07766e-08 44.4662 -36.0976
-1.19411 32.4526 103.093 9.13653e-08 44.4547 -36.0962
-1.20156 32.4705 103.086 9.19539e-08 44.4434 -36.0948
-1.20901 32.4882 103.08 9.25425e-08 44.4321 -36.0934
-1.21646 32.5058 103.073 9.3131e-08 44.421 -36.092
-1.2239 32.5234 103.067 9.37194e-08 44.4101 -36.0906
-1.23135 32.5408 103.06 9.43077e-08 44.3992 -36.0892
-1.23879 32.5582 103.053 9.4896e-08 44.3884 -36.0878
-1.24624 32.5754 103.047 9.54842e-08 44.3778 -36.0865
-1.25368 32.5926 103.04 9.60723e-08 44.3673 -36.0851
-1.26112 32.6097 103.033 9.66603e-08 44.3569 -36.0837
-1.26856 32.6267 103.027 9.72482e-08 44.3466 -36.0823
-1.27599 32.6436 103.02 9.7836e-08 44.3364 -36.0809
-1.28343 32.6604 103.013 9.84237e-08 44.3263 -36.0795
-1.29086 32.6771 103.007 9.90113e-08 44.3164 -36.0781
-1.2983 32.6937 103 9.95989e-08 44.3065 -36.0767
-1.30573 32.7102 102.993 1.00186e-07 44.2968 -36.0753
-1.31316 32.7267 102.986 1.00774e-07 44.2872 -36.0739
-1.32059 32.743 102.979 1.01361e-07 44.2777 -36.0725
-1.32801 32.7593 102.972 1.01948e-07 44.2684 -36.0711
-1.33544 32.7754 102.965 1.02535e-07 44.2591 -36.0697
-1.34286 32.7915 102.959 1.03121e-07 44.25 -36.0684
-1.35029 32.8075 102.952 1.03708e-07 44.2409 -36.067
-1.35771 32.8234 102.945 1.04295e-07 44.232 -36.0656
-1.36513 32.8392 102.938 1.04881e-07 44.2232 -36.0642
-1.37254 32.8549 102.931 1.05467e-07 44.2146 -36.0628
-1.37996 32.8705 102.924 1.06053e-07 44.206 -36.0614
-1.38738 32.886 102.916 1.06639e-07 44.1975 -36.06
-1.39479 32.9014 102.909 1.07225e-07 44.1892 -36.0586
-1.4022 32.9167 102.902 1.07811e-07 44.181 -36.0572
-1.40961 32.932 102.895 1.08396e-07 44.1729 -36.0558
-1.41702 32.9471 102.888 1.08982e-07 44.1649 -36.0544
-1.42443 32.9622 102.881 1.09567e-07 44.157 -36.053
-1.43184 32.9771 102.874 1.10152e-07 44.1492 -36.0516
-1.43924 32.992 102.866 1.10736e-07 44.1416 -36.0503
-1.44665 33.0068 102.859 1.11321e-07 44.134 -36.0489
-1.45405 33.0215 102.852 1.11906e-07 44.1266 -36.0475
-1.46145 33.0361 102.845 1.1249e-07 44.1193 -36.0461
-1.46885 33.0505 102.837 1.13074e-07 44.1121 -36.0447
-1.47625 33.0649 102.83 1.13658e-07 44.105 -36.0433
-1.48364 33.0793 102.823 1.14241e-07 44.098 -36.0419
-1.49104 33.0935 102.815 1.14825e-07 44.0912 -36.0405
-1.49843 33.1076 102.808 1.15408e-07 44.0844 -36.0391
-1.50582 33.1216 102.801 1.15991e-07 44.0778 -36.0377
-1.51321 33.1356 102.793 1.16574e-07 44.0713 -36.0363
-1.5206 33.1494 102.786 1.17157e-07 44.0649 -36.0349
-1.52799 33.1632 102.778 1.17739e-07 44.0586 -36.0335
-1.53538 33.1768 102.771 1.18321e-07 44.0524 -36.0322
-1.54276 33.1904 102.763 1.18903e-07 44.0463 -36.0308
-1.55014 33.2039 102.756 1.19485e-07 44.0404 -36.0294
-1.55753 33.2172 102.748 1.20067e-07 44.0345 -36.028
-1.56491 33.2305 102.741 1.20648e-07 44.0288 -36.0266
-1.57229 33.2437 102.733 1.21229e-07 44.0232 -36.0252
-1.57966 33.2568 102.725 1.2181e-07 44.0177 -36.0238
-1.58704 33.2698 102.718 1.2239e-07 44.0123 -36.0224
-1.59441 33.2828 102.71 1.2297e-07 44.007 -36.021
-1.60179 33.2956 102.703 1.23551e-07 44.0019 -36.0196
-1.60916 33.3083 102.695 1.2413e-07 43.9968 -36.0182
-1.61653 33.3209 102.687 1.2471e-07 43.9919 -36.0168
-1.6239 33.3335 102.679 1.25289e-07 43.987 -36.0155
-1.63127 33.3459 102.672 1.25868e-07 43.9823 -36.0141
-1.63863 33.3583 102.664 1.26447e-07 43.9777 -36.0127
-1.646 33.3705 102.656 1.27025e-07 43.9732 -36.0113
-1.65336 33.3827 102.648 1.27603e-07 43.9689 -36.0099
-1.66072 33.3948 102.641 1.28181e-07 43.9646 -36.0085
-1.66808 33.4068 102.633 1.28759e-07 43.9604 -36.0071
-1.67542 33.4187 102.625 1.29335e-07 43.9564 -36.0057
-1.68267 33.4304 102.617 1.29903e-07 43.9525 -36.0043
-1.68981 33.4421 102.609 1.30464e-07 43.9487 -36.0029
-1.69685 33.4537 102.601 1.31016e-07 43.9449 -36.0015
-1.70379 33.4653 102.593 1.3156e-07 43.9413 -36.0001
-1.71062 33.4767 102.585 1.32096e-07 43.9379 -35.9987
-1.71735 33.488 102.578 1.32623e-07 43.9345 -35.9974
-1.72398 33.4992 102.57 1.33143e-07 43.9312 -35.996
-1.7305 33.5103 102.562 1.33654e-07 43.928 -35.9946
-1.73692 33.5213 102.554 1.34157e-07 43.925 -35.9932
-1.74323 33.5323 102.546 1.34652e-07 43.922 -35.9918
-1.74944 33.5431 102.538 1.35138e-07 43.9192 -35.9904
-1.75555 33.5538 102.53 1.35617e-07 43.9165 -35.989
-1.76156 33.5645 102.522 1.36087e-07 43.9139 -35.9876
-1.76746 33.575 102.514 1.36549e-07 43.9113 -35.9862
-1.77326 33.5854 102.506 1.37003e-07 43.9089 -35.9848
-1.77895 33.5958 102.498 1.37448e-07 43.9067 -35.9834
-1.78455 33.606 102.489 1.37886e-07 43.9045 -35.982
-1.79004 33.6162 102.481 1.38315e-07 43.9024 -35.9806
-1.79542 33.6262 102.473 1.38736e-07 43.9004 -35.9793
-1.80071 33.6362 102.465 1.39149e-07 43.8986 -35.9779
-1.80589 33.646 102.457 1.39554e-07 43.8968 -35.9765
-1.81097 33.6557 102.449 1.39951e-07 43.895 -35.9751
-1.81595 33.6651 102.442 1.4034e-07 43.8933 -35.9737
-1.82083 33.6743 102.434 1.40721e-07 43.8916 -35.9723
-1.82562 33.6834 102.427 1.41095e-07 43.89 -35.9709
-1.8303 33.6923 102.419 1.41461e-07 43.8884 -35.9695
-1.83488 33.701 102.412 1.41819e-07 43.8868 -35.9681
-1.83937 33.7095 102.405 1.4217e-07 43.8853 -35.9667
-1.84375 33.7178 102.398 1.42512e-07 43.8838 -35.9653
-1.84804 33.7259 102.392 1.42847e-07 43.8823 -35.9639
-1.85223 33.7339 102.385 1.43175e-07 43.8809 -35.9626
-1.85631 33.7416 102.379 1.43494e-07 43.8795 -35.9612
-1.8603 33.7492 102.373 1.43806e-07 43.8781 -35.9598
-1.86419 33.7566 102.367 1.4411e-07 43.8768 -35.9584
-1.86798 33.7638 102.361 1.44406e-07 43.8755 -35.957
-1.87167 33.7708 102.355 1.44694e-07 43.8742 -35.9556
-1.87526 33.7776 102.349 1.44975e-07 43.873 -35.9542
-1.87875 33.7843 102.344 1.45248e-07 43.8718 -35.9528
-1.88215 33.7907 102.339 1.45514e-07 43.8707 -35.9514
-1.88544 33.797 102.333 1.45771e-07 43.8696 -35.95
-1.88864 33.803 102.328 1.46021e-07 43.8685 -35.9486
-1.89173 33.8089 102.324 1.46263e-07 43.8674 -35.9472
-1.89473 33.8146 102.319 1.46498e-07 43.8664 -35.9458
-1.89763 33.8201 102.314 1.46724e-07 43.8654 -35.9445
-1.90043 33.8255 102.31 1.46943e-07 43.8645 -35.9431
-1.90313 33.8306 102.306 1.47154e-07 43.8636 -35.9417
-1.90574 33.8356 102.302 1.47358e-07 43.8627 -35.9403
-1.90824 33.8403 102.298 1.47554e-07 43.8618 -35.9389
-1.91065 33.8449 102.294 1.47742e-07 43.861 -35.9375
-1.91295 33.8493 102.29 1.47922e-07 43.8602 -35.9361
-1.91516 33.8535 102.287 1.48095e-07 43.8595 -35.9347
-1.91727 33.8575 102.284 1.4826e-07 43.8588 -35.9333
-1.91928 33.8613 102.281 1.48417e-07 43.8581 -35.9319
-1.92119 33.865 102.278 1.48567e-07 43.8575 -35.9305
-1.92301 33.8684 102.275 1.48709e-07 43.8568 -35.9291
-1.92472 33.8717 102.272 1.48843e-07 43.8563 -35.9277
-1.92634 33.8748 102.27 1.4897e-07 43.8557 -35.9264
-1.92786 33.8776 102.267 1.49088e-07 43.8552 -35.925
-1.92928 33.8804 102.265 1.49199e-07 43.8547 -35.9236
-1.9306 33.8829 102.263 1.49303e-07 43.8543 -35.9222
-1.93183 33.8852 102.261 1.49399e-07 43.8539 -35.9208
-1.93295 33.8873 102.259 1.49487e-07 43.8535 -35.9194
-1.93398 33.8893 102.258 1.49567e-07 43.8532 -35.918
-1.93491 33.8911 102.256 1.49639e-07 43.8528 -35.9166
-1.93574 33.8926 102.255 1.49704e-07 43.8526 -35.9152
-1.93647 33.894 102.254 1.49762e-07 43.8523 -35.9138
-1.9371 33.8952 102.253 1.49811e-07 43.8521 -35.9124
-1.93764 33.8963 102.252 1.49853e-07 43.8519 -35.911
-1.93807 33.8971 102.251 1.49887e-07 43.8518 -35.9097
-1.93841 33.8977 102.251 1.49914e-07 43.8517 -35.9083
-1.93865 33.8982 102.25 1.49932e-07 43.8516 -35.9069
