475	100	475	0	180	-39.1113
475	99.9995	475	0	180	-39.1108
475.002	99.998	475.002	0	180	-39.1093
475.005	99.9955	475.005	0	180	-39.1073
475.008	99.992	475.008	0	180	-39.1052
475.012	99.9875	475.012	0	180	-39.1032
475.018	99.982	475.018	0	180	-39.1012
475.024	99.9755	475.024	0	180	-39.0991
475.032	99.968	475.032	0	180	-39.0971
475.04	99.9595	475.04	0	180	-39.095
475.05	99.95	475.05	0	180	-39.093
475.06	99.9395	475.06	0	180	-39.0909
475.072	99.928	475.072	0	180	-39.0889
475.084	99.9155	475.084	0	180	-39.0868
475.098	99.902	475.098	0	180	-39.0848
475.113	99.8875	475.113	0	180	-39.0827
475.128	99.872	475.128	0	180	-39.0807
475.144	99.8555	475.144	0	180	-39.0787
475.162	99.838	475.162	0	180	-39.0766
475.18	99.8195	475.18	0	180	-39.0746
475.2	99.8	475.2	0	180	-39.0725
475.221	99.7795	475.221	0	180	-39.0705
475.242	99.758	475.242	0	180	-39.0684
475.264	99.7355	475.264	0	180	-39.0664
475.288	99.712	475.288	0	180	-39.0643
475.312	99.6875	475.312	0	180	-39.0623
475.338	99.662	475.338	0	180	-39.0602
475.364	99.6355	475.364	0	180	-39.0582
475.392	99.608	475.392	0	180	-39.0561
475.42	99.5795	475.42	0	180	-39.0541
475.45	99.55	475.45	0	180	-39.0521
475.48	99.5195	475.48	0	180	-39.05
475.512	99.488	475.512	0	180	-39.048
475.544	99.4555	475.544	0	180	-39.0459
475.578	99.422	475.578	0	180	-39.0439
475.613	99.3875	475.613	0	180	-39.0418
475.648	99.352	475.648	0	180	-39.0398
475.684	99.3155	475.684	0	180	-39.0377
475.722	99.278	475.722	0	180	-39.0357
475.76	99.2395	475.76	0	180	-39.0336
475.8	99.2	475.8	0	180	-39.0316
475.841	99.1595	475.841	0	180	-39.0296
475.882	99.118	475.882	0	180	-39.0275
475.924	99.0755	475.924	0	180	-39.0255
475.968	99.032	475.968	0	180	-39.0234
476.012	98.9875	476.012	0	180	-39.0214
476.058	98.942	476.058	0	180	-39.0193
476.104	98.8955	476.104	0	180	-39.0173
476.152	98.848	476.152	0	180	-39.0152
476.2	98.7995	476.2	0	180	-39.0132
476.25	98.75	476.25	0	180	-39.0111
476.3	98.6995	476.3	0	180	-39.0091
476.351	98.648	476.352	0	180	-39.0071
476.402	98.5955	476.404	0	180	-39.005
476.452	98.542	476.456	0	180	-39.003
476.503	98.4875	476.508	0	180	-39.0009
476.554	98.432	476.561	0	180	-38.9989
476.604	98.3755	476.613	0	180	-38.9968
476.655	98.318	476.665	0	180	-38.9948
476.705	98.2595	476.717	0	180	-38.9927
476.756	98.2	476.769	0	180	-38.9907
476.807	98.1395	476.821	0	180	-38.9886
476.857	98.078	476.874	0	180	-38.9866
476.908	98.0155	476.926	0	180	-38.9845
476.959	97.952	476.978	0	180	-38.9825
477.009	97.8875	477.03	0	180	-38.9805
477.06	97.822	477.082	0	180	-38.9784
477.11	97.7555	477.134	0	180	-38.9764
477.161	97.688	477.186	0	180	-38.9743
477.212	97.6195	477.239	0	180	-38.9723
477.262	97.5501	477.291	0	180	-38.9702
477.313	97.4806	477.343	0	180	-38.9682
477.363	97.4111	477.395	0	180	-38.9661
477.414	97.3416	477.447	0	180	-38.9641
477.465	97.2721	477.499	0	180	-38.962
477.515	97.2026	477.552	0	180	-38.96
477.566	97.1331	477.604	0	180	-38.958
477.617	97.0636	477.656	0	180	-38.9559
477.667	96.9941	477.708	0	180	-38.9539
477.718	96.9245	477.76	0	180	-38.9518
477.768	96.855	477.812	0	180	-38.9498
477.819	96.7855	477.865	0	180	-38.9477
477.87	96.716	477.917	0	180	-38.9457
477.92	96.6465	477.969	0	180	-38.9436
477.971	96.577	478.021	0	180	-38.9416
478.022	96.5075	478.073	0	180	-38.9395
478.072	96.438	478.125	0	180	-38.9375
478.123	96.3685	478.177	0	180	-38.9355
478.173	96.299	478.23	0	180	-38.9334
478.224	96.2295	478.282	0	180	-38.9314
478.275	96.1599	478.334	0	180	-38.9293
478.325	96.0904	478.386	0	180	-38.9273
478.376	96.0209	478.438	0	180	-38.9252
478.427	95.9514	478.49	0	180	-38.9232
478.477	95.8819	478.543	0	180	-38.9211
478.528	95.8124	478.595	0	180	-38.9191
478.578	95.7429	478.647	0	180	-38.917
478.629	95.6734	478.699	0	180	-38.915
478.68	95.6039	478.751	0	180	-38.9129
478.73	95.5344	478.803	0	180	-38.9109
478.781	95.4649	478.855	0	180	-38.9089
478.831	95.3954	478.908	0	180	-38.9068
478.882	95.3258	478.96	0	180	-38.9048
478.933	95.2563	479.012	0	180	-38.9027
478.983	95.1868	479.064	0	180	-38.9007
479.034	95.1173	479.116	0	180	-38.8986
479.085	95.0478	479.168	0	180	-38.8966
479.135	94.9783	479.221	0	180	-38.8945
479.186	94.9088	479.273	0	180	-38.8925
479.236	94.8393	479.325	0	180	-38.8904
479.287	94.7698	479.377	0	180	-38.8884
479.338	94.7003	479.429	0	180	-38.8864
479.388	94.6308	479.481	0	180	-38.8843
479.439	94.5612	479.534	0	180	-38.8823
479.49	94.4917	479.586	0	180	-38.8802
479.54	94.4222	479.638	0	180	-38.8782
479.591	94.3527	479.69	0	180	-38.8761
479.641	94.2832	479.742	0	180	-38.8741
479.692	94.2137	479.794	0	180	-38.872
479.743	94.1442	479.846	0	180	-38.87
479.793	94.0747	479.899	0	180	-38.8679
479.844	94.0052	479.951	0	180	-38.8659
479.895	93.9357	480.003	0	180	-38.8639
479.945	93.8662	480.055	0	180	-38.8618
479.996	93.7967	480.107	0	180	-38.8598
480.046	93.7271	480.159	0	180	-38.8577
480.097	93.6576	480.212	0	180	-38.8557
480.148	93.5881	480.264	0	180	-38.8536
480.198	93.5186	480.316	0	180	-38.8516
480.249	93.4491	480.368	0	180	-38.8495
480.3	93.3796	480.42	0	180	-38.8475
480.35	93.3101	480.472	0	180	-38.8454
480.401	93.2406	480.524	0	180	-38.8434
480.451	93.1711	480.577	0	180	-38.8413
480.502	93.1016	480.629	0	180	-38.8393
480.553	93.0321	480.681	0	180	-38.8373
480.603	92.9626	480.733	0	180	-38.8352
480.654	92.893	480.785	0	180	-38.8332
480.704	92.8235	480.837	0	180	-38.8311
480.755	92.754	480.89	0	180	-38.8291
480.806	92.6845	480.942	0	180	-38.827
480.856	92.615	480.994	0	180	-38.825
480.907	92.5455	481.046	0	180	-38.8229
480.958	92.476	481.098	0	180	-38.8209
481.008	92.4065	481.15	0	180	-38.8188
481.059	92.337	481.203	0	180	-38.8168
481.109	92.2675	481.255	0	180	-38.8148
481.16	92.198	481.307	0	180	-38.8127
481.211	92.1284	481.359	0	180	-38.8107
481.261	92.0589	481.411	0	180	-38.8086
481.312	91.9894	481.463	0	180	-38.8066
481.363	91.9199	481.515	0	180	-38.8045
481.413	91.8504	481.568	0	180	-38.8025
481.464	91.7809	481.62	0	180	-38.8004
481.514	91.7114	481.672	0	180	-38.7984
481.565	91.6419	481.724	0	180	-38.7963
481.616	91.5724	481.776	0	180	-38.7943
481.666	91.5029	481.828	0	180	-38.7923
481.717	91.4334	481.881	0	180	-38.7902
481.768	91.3639	481.933	0	180	-38.7882
481.818	91.2943	481.985	0	180	-38.7861
481.869	91.2248	482.037	0	180	-38.7841
481.919	91.1553	482.089	0	180	-38.782
481.97	91.0858	482.141	0	180	-38.78
482.021	91.0163	482.193	0	180	-38.7779
482.071	90.9468	482.246	0	180	-38.7759
482.122	90.8773	482.298	0	180	-38.7738
482.173	90.8078	482.35	0	180	-38.7718
482.223	90.7383	482.402	0	180	-38.7697
482.274	90.6688	482.454	0	180	-38.7677
482.324	90.5993	482.506	0	180	-38.7657
482.375	90.5297	482.559	0	180	-38.7636
482.426	90.4602	482.611	0	180	-38.7616
482.476	90.3907	482.663	0	180	-38.7595
482.527	90.3212	482.715	0	180	-38.7575
482.577	90.2517	482.767	0	180	-38.7554
482.628	90.1822	482.819	0	180	-38.7534
482.679	90.1127	482.872	0	180	-38.7513
482.729	90.0432	482.924	0	180	-38.7493
482.78	89.9737	482.976	0	180	-38.7472
482.831	89.9042	483.028	0	180	-38.7452
482.881	89.8347	483.08	0	180	-38.7432
482.932	89.7652	483.132	0	180	-38.7411
482.982	89.6956	483.184	0	180	-38.7391
483.033	89.6261	483.237	0	180	-38.737
483.084	89.5566	483.289	0	180	-38.735
483.134	89.4871	483.341	0	180	-38.7329
483.185	89.4176	483.393	0	180	-38.7309
483.236	89.3481	483.445	0	180	-38.7288
483.286	89.2786	483.497	0	180	-38.7268
483.337	89.2091	483.55	0	180	-38.7247
483.387	89.1396	483.602	0	180	-38.7227
483.438	89.0701	483.654	0	180	-38.7206
483.489	89.0006	483.706	0	180	-38.7186
483.539	88.9311	483.758	0	180	-38.7166
483.59	88.8615	483.81	0	180	-38.7145
483.641	88.792	483.862	0	180	-38.7125
483.691	88.7225	483.915	0	180	-38.7104
483.742	88.653	483.967	0	180	-38.7084
483.792	88.5835	484.019	0	180	-38.7063
483.843	88.514	484.071	0	180	-38.7043
483.894	88.4445	484.123	0	180	-38.7022
483.944	88.375	484.175	0	180	-38.7002
483.995	88.3055	484.228	0	180	-38.6981
484.046	88.236	484.28	0	180	-38.6961
484.096	88.1665	484.332	0	180	-38.6941
484.147	88.0969	484.384	0	180	-38.692
484.197	88.0274	484.436	0	180	-38.69
484.248	87.9579	484.488	0	180	-38.6879
484.299	87.8884	484.54	0	180	-38.6859
484.349	87.8189	484.593	0	180	-38.6838
484.4	87.7494	484.645	0	180	-38.6818
484.45	87.6799	484.697	0	180	-38.6797
484.501	87.6104	484.749	0	180	-38.6777
484.552	87.5409	484.801	0	180	-38.6756
484.602	87.4714	484.853	0	180	-38.6736
484.653	87.4019	484.906	0	180	-38.6716
484.704	87.3324	484.958	0	180	-38.6695
484.754	87.2628	485.01	0	180	-38.6675
484.805	87.1933	485.062	0	180	-38.6654
484.855	87.1238	485.114	0	180	-38.6634
484.906	87.0543	485.166	0	180	-38.6613
484.957	86.9848	485.219	0	180	-38.6593
485.007	86.9153	485.271	0	180	-38.6572
485.058	86.8458	485.323	0	180	-38.6552
485.109	86.7763	485.375	0	180	-38.6531
485.159	86.7068	485.427	0	180	-38.6511
485.21	86.6373	485.479	0	180	-38.649
485.26	86.5678	485.531	0	180	-38.647
485.311	86.4982	485.584	0	180	-38.645
485.362	86.4287	485.636	0	180	-38.6429
485.412	86.3592	485.688	0	180	-38.6409
485.463	86.2897	485.74	0	180	-38.6388
485.514	86.2202	485.792	0	180	-38.6368
485.564	86.1507	485.844	0	180	-38.6347
485.615	86.0812	485.897	0	180	-38.6327
485.665	86.0117	485.949	0	180	-38.6306
485.716	85.9422	486.001	0	180	-38.6286
485.767	85.8727	486.053	0	180	-38.6265
485.817	85.8032	486.105	0	180	-38.6245
485.868	85.7337	486.157	0	180	-38.6225
485.918	85.6641	486.209	0	180	-38.6204
485.969	85.5946	486.262	0	180	-38.6184
486.02	85.5251	486.314	0	180	-38.6163
486.07	85.4556	486.366	0	180	-38.6143
486.121	85.3861	486.418	0	180	-38.6122
486.172	85.3166	486.47	0	180	-38.6102
486.222	85.2471	486.522	0	180	-38.6081
486.273	85.1776	486.575	0	180	-38.6061
486.323	85.1081	486.627	0	180	-38.604
486.374	85.0386	486.679	0	180	-38.602
486.425	84.9691	486.731	0	180	-38.6
486.475	84.8996	486.783	0	180	-38.5979
486.526	84.83	486.835	0	180	-38.5959
486.577	84.7605	486.888	0	180	-38.5938
486.627	84.691	486.94	0	180	-38.5918
486.678	84.6215	486.992	0	180	-38.5897
486.728	84.552	487.044	0	180	-38.5877
486.779	84.4825	487.096	0	180	-38.5856
486.83	84.413	487.148	0	180	-38.5836
486.88	84.3435	487.2	0	180	-38.5815
486.931	84.274	487.253	0	180	-38.5795
486.982	84.2045	487.305	0	180	-38.5774
487.032	84.135	487.357	0	180	-38.5754
487.083	84.0654	487.409	0	180	-38.5734
487.133	83.9959	487.461	0	180	-38.5713
487.184	83.9264	487.513	0	180	-38.5693
487.235	83.8569	487.566	0	180	-38.5672
487.285	83.7874	487.618	0	180	-38.5652
487.336	83.7179	487.67	0	180	-38.5631
487.387	83.6484	487.722	0	180	-38.5611
487.437	83.5789	487.774	0	180	-38.559
487.488	83.5094	487.826	0	180	-38.557
487.538	83.4399	487.878	0	180	-38.5549
487.589	83.3704	487.931	0	180	-38.5529
487.64	83.3009	487.983	0	180	-38.5509
487.69	83.2313	488.035	0	180	-38.5488
487.741	83.1618	488.087	0	180	-38.5468
487.791	83.0923	488.139	0	180	-38.5447
487.842	83.0228	488.191	0	180	-38.5427
487.893	82.9533	488.244	0	180	-38.5406
487.943	82.8838	488.296	0	180	-38.5386
487.994	82.8143	488.348	0	180	-38.5365
488.045	82.7448	488.4	0	180	-38.5345
488.095	82.6753	488.452	0	180	-38.5324
488.146	82.6058	488.504	0	180	-38.5304
488.196	82.5363	488.557	0	180	-38.5284
488.247	82.4667	488.609	0	180	-38.5263
488.298	82.3972	488.661	0	180	-38.5243
488.348	82.3277	488.713	0	180	-38.5222
488.399	82.2582	488.765	0	180	-38.5202
488.45	82.1887	488.817	0	180	-38.5181
488.5	82.1192	488.869	0	180	-38.5161
488.551	82.0497	488.922	0	180	-38.514
488.601	81.9802	488.974	0	180	-38.512
488.652	81.9107	489.026	0	180	-38.5099
488.703	81.8412	489.078	0	180	-38.5079
488.753	81.7717	489.13	0	180	-38.5058
488.804	81.7022	489.182	0	180	-38.5038
488.855	81.6326	489.235	0	180	-38.5018
488.905	81.5631	489.287	0	180	-38.4997
488.956	81.4936	489.339	0	180	-38.4977
489.006	81.4241	489.391	0	180	-38.4956
489.057	81.3546	489.443	0	180	-38.4936
489.108	81.2851	489.495	0	180	-38.4915
489.158	81.2156	489.547	0	180	-38.4895
489.209	81.1461	489.6	0	180	-38.4874
489.26	81.0766	489.652	0	180	-38.4854
489.31	81.0071	489.704	0	180	-38.4833
489.361	80.9376	489.756	0	180	-38.4813
489.411	80.868	489.808	0	180	-38.4793
489.462	80.7985	489.86	0	180	-38.4772
489.513	80.729	489.913	0	180	-38.4752
489.563	80.6595	489.965	0	180	-38.4731
489.614	80.59	490.017	0	180	-38.4711
489.664	80.5205	490.069	0	180	-38.469
489.715	80.451	490.121	0	180	-38.467
489.766	80.3815	490.173	0	180	-38.4649
489.816	80.312	490.226	0	180	-38.4629
489.867	80.2425	490.278	0	180	-38.4608
489.918	80.173	490.33	0	180	-38.4588
489.968	80.1035	490.382	0	180	-38.4567
490.019	80.0339	490.434	0	180	-38.4547
490.069	79.9644	490.486	0	180	-38.4527
490.12	79.8949	490.538	0	180	-38.4506
490.171	79.8254	490.591	0	180	-38.4486
490.221	79.7559	490.643	0	180	-38.4465
490.272	79.6864	490.695	0	180	-38.4445
490.323	79.6169	490.747	0	180	-38.4424
490.373	79.5474	490.799	0	180	-38.4404
490.424	79.4779	490.851	0	180	-38.4383
490.474	79.4084	490.904	0	180	-38.4363
490.525	79.3389	490.956	0	180	-38.4342
490.576	79.2694	491.008	0	180	-38.4322
490.626	79.1998	491.06	0	180	-38.4302
490.677	79.1303	491.112	0	180	-38.4281
490.728	79.0608	491.164	0	180	-38.4261
490.778	78.9913	491.216	0	180	-38.424
490.829	78.9218	491.269	0	180	-38.422
490.879	78.8523	491.321	0	180	-38.4199
490.93	78.7828	491.373	0	180	-38.4179
490.981	78.7133	491.425	0	180	-38.4158
491.031	78.6438	491.477	0	180	-38.4138
491.082	78.5743	491.529	0	180	-38.4117
491.133	78.5048	491.582	0	180	-38.4097
491.183	78.4352	491.634	0	180	-38.4077
491.234	78.3657	491.686	0	180	-38.4056
491.284	78.2962	491.738	0	180	-38.4036
491.335	78.2267	491.79	0	180	-38.4015
491.386	78.1572	491.842	0	180	-38.3995
491.436	78.0877	491.895	0	180	-38.3974
491.487	78.0182	491.947	0	180	-38.3954
491.537	77.9487	491.999	0	180	-38.3933
491.588	77.8792	492.051	0	180	-38.3913
491.639	77.8097	492.103	0	180	-38.3892
491.689	77.7402	492.155	0	180	-38.3872
491.74	77.6707	492.207	0	180	-38.3851
491.791	77.6011	492.26	0	180	-38.3831
491.841	77.5316	492.312	0	180	-38.3811
491.892	77.4621	492.364	0	180	-38.379
491.942	77.3926	492.416	0	180	-38.377
491.993	77.3231	492.468	0	180	-38.3749
492.044	77.2536	492.52	0	180	-38.3729
492.094	77.1841	492.573	0	180	-38.3708
492.145	77.1146	492.625	0	180	-38.3688
492.196	77.0451	492.677	0	180	-38.3667
492.246	76.9756	492.729	0	180	-38.3647
492.297	76.9061	492.781	0	180	-38.3626
492.347	76.8365	492.833	0	180	-38.3606
492.398	76.767	492.885	0	180	-38.3586
492.449	76.6975	492.938	0	180	-38.3565
492.499	76.628	492.99	0	180	-38.3545
492.55	76.5585	493.042	0	180	-38.3524
492.601	76.489	493.094	0	180	-38.3504
492.651	76.4195	493.146	0	180	-38.3483
492.702	76.35	493.198	0	180	-38.3463
492.752	76.2805	493.251	0	180	-38.3442
492.803	76.211	493.303	0	180	-38.3422
492.854	76.1415	493.355	0	180	-38.3401
492.904	76.072	493.407	0	180	-38.3381
492.955	76.0024	493.459	0	180	-38.3361
493.005	75.9329	493.511	0	180	-38.334
493.056	75.8634	493.564	0	180	-38.332
493.107	75.7939	493.616	0	180	-38.3299
493.157	75.7244	493.668	0	180	-38.3279
493.208	75.6549	493.72	0	180	-38.3258
493.259	75.5854	493.772	0	180	-38.3238
493.309	75.5159	493.824	0	180	-38.3217
493.36	75.4464	493.876	0	180	-38.3197
493.41	75.3769	493.929	0	180	-38.3176
493.461	75.3074	493.981	0	180	-38.3156
493.512	75.2379	494.033	0	180	-38.3135
493.562	75.1683	494.085	0	180	-38.3115
493.613	75.0988	494.137	0	180	-38.3095
493.664	75.0293	494.189	0	180	-38.3074
493.714	74.9598	494.242	0	180	-38.3054
493.765	74.8903	494.294	0	180	-38.3033
493.815	74.8208	494.346	0	180	-38.3013
493.866	74.7513	494.398	0	180	-38.2992
493.917	74.6818	494.45	0	180	-38.2972
493.967	74.6123	494.502	0	180	-38.2951
494.018	74.5428	494.554	0	180	-38.2931
494.069	74.4733	494.607	0	180	-38.291
494.119	74.4037	494.659	0	180	-38.289
494.17	74.3342	494.711	0	180	-38.287
494.22	74.2647	494.763	0	180	-38.2849
494.271	74.1952	494.815	0	180	-38.2829
494.322	74.1257	494.867	0	180	-38.2808
494.372	74.0562	494.92	0	180	-38.2788
494.423	73.9867	494.972	0	180	-38.2767
494.474	73.9172	495.024	0	180	-38.2747
494.524	73.8477	495.076	0	180	-38.2726
494.575	73.7782	495.128	0	180	-38.2706
494.625	73.7087	495.18	0	180	-38.2685
494.676	73.6392	495.232	0	180	-38.2665
494.727	73.5696	495.285	0	180	-38.2645
494.777	73.5001	495.337	0	180	-38.2624
494.828	73.4306	495.389	0	180	-38.2604
494.878	73.3611	495.441	0	180	-38.2583
494.929	73.2916	495.493	0	180	-38.2563
494.98	73.2221	495.545	0	180	-38.2542
495.03	73.1526	495.598	0	180	-38.2522
495.081	73.0831	495.65	0	180	-38.2501
495.132	73.0136	495.702	0	180	-38.2481
495.182	72.9441	495.754	0	180	-38.246
495.233	72.8746	495.806	0	180	-38.244
495.283	72.805	495.858	0	180	-38.2419
495.334	72.7355	495.911	0	180	-38.2399
495.385	72.666	495.963	0	180	-38.2379
495.435	72.5965	496.015	0	180	-38.2358
495.486	72.527	496.067	0	180	-38.2338
495.537	72.4575	496.119	0	180	-38.2317
495.587	72.388	496.171	0	180	-38.2297
495.638	72.3185	496.223	0	180	-38.2276
495.688	72.249	496.276	0	180	-38.2256
495.739	72.1795	496.328	0	180	-38.2235
495.79	72.11	496.38	0	180	-38.2215
495.84	72.0405	496.432	0	180	-38.2194
495.891	71.9709	496.484	0	180	-38.2174
495.942	71.9014	496.536	0	180	-38.2154
495.992	71.8319	496.589	0	180	-38.2133
496.043	71.7624	496.641	0	180	-38.2113
496.093	71.6929	496.693	0	180	-38.2092
496.144	71.6234	496.745	0	180	-38.2072
496.195	71.5539	496.797	0	180	-38.2051
496.245	71.4844	496.849	0	180	-38.2031
496.296	71.4149	496.901	0	180	-38.201
496.347	71.3454	496.954	0	180	-38.199
496.397	71.2759	497.006	0	180	-38.1969
496.448	71.2064	497.058	0	180	-38.1949
496.498	71.1368	497.11	0	180	-38.1928
496.549	71.0673	497.162	0	180	-38.1908
496.6	70.9978	497.214	0	180	-38.1888
496.65	70.9283	497.267	0	180	-38.1867
496.701	70.8588	497.319	0	180	-38.1847
496.751	70.7893	497.371	0	180	-38.1826
496.802	70.7198	497.423	0	180	-38.1806
496.853	70.6503	497.475	0	180	-38.1785
496.903	70.5808	497.527	0	180	-38.1765
496.954	70.5113	497.58	0	180	-38.1744
497.005	70.4418	497.632	0	180	-38.1724
497.055	70.3722	497.684	0	180	-38.1703
497.106	70.3027	497.736	0	180	-38.1683
497.156	70.2332	497.788	0	180	-38.1663
497.207	70.1637	497.84	0	180	-38.1642
497.258	70.0942	497.892	0	180	-38.1622
497.308	70.0247	497.945	0	180	-38.1601
497.359	69.9552	497.997	0	180	-38.1581
497.41	69.8857	498.049	0	180	-38.156
497.46	69.8162	498.101	0	180	-38.154
497.511	69.7467	498.153	0	180	-38.1519
497.561	69.6772	498.205	0	180	-38.1499
497.612	69.6077	498.258	0	180	-38.1478
497.663	69.5381	498.31	0	180	-38.1458
497.713	69.4686	498.362	0	180	-38.1438
497.764	69.3991	498.414	0	180	-38.1417
497.815	69.3296	498.466	0	180	-38.1397
497.865	69.2601	498.518	0	180	-38.1376
497.916	69.1906	498.57	0	180	-38.1356
497.966	69.1211	498.623	0	180	-38.1335
498.017	69.0516	498.675	0	180	-38.1315
498.068	68.9821	498.727	0	180	-38.1294
498.118	68.9126	498.779	0	180	-38.1274
498.169	68.8431	498.831	0	180	-38.1253
498.219	68.7735	498.883	0	180	-38.1233
498.27	68.704	498.936	0	180	-38.1212
498.321	68.6345	498.988	0	180	-38.1192
498.371	68.565	499.04	0	180	-38.1172
498.422	68.4955	499.092	0	180	-38.1151
498.473	68.426	499.144	0	180	-38.1131
498.523	68.3565	499.196	0	180	-38.111
498.574	68.287	499.249	0	180	-38.109
498.624	68.2175	499.301	0	180	-38.1069
498.675	68.148	499.353	0	180	-38.1049
498.726	68.0785	499.405	0	180	-38.1028
498.776	68.009	499.457	0	180	-38.1008
498.827	67.9394	499.509	0	180	-38.0987
498.878	67.8699	499.561	0	180	-38.0967
498.928	67.8004	499.614	0	180	-38.0947
498.979	67.7309	499.666	0	180	-38.0926
499.029	67.6614	499.718	0	180	-38.0906
499.08	67.5919	499.77	0	180	-38.0885
499.131	67.5224	499.822	0	180	-38.0865
499.181	67.4529	499.874	0	180	-38.0844
499.232	67.3834	499.927	0	180	-38.0824
499.283	67.3139	499.979	0	180	-38.0803
499.333	67.2444	500.031	0	180	-38.0783
499.384	67.1748	500.083	0	180	-38.0762
499.434	67.1053	500.135	0	180	-38.0742
499.485	67.0358	500.187	0	180	-38.0722
499.536	66.9663	500.239	0	180	-38.0701
499.586	66.8968	500.292	0	180	-38.0681
499.637	66.8273	500.344	0	180	-38.066
499.688	66.7578	500.396	0	180	-38.064
499.738	66.6883	500.448	0	180	-38.0619
499.789	66.6188	500.5	0	180	-38.0599
499.839	66.5493	500.552	0	180	-38.0578
499.89	66.4798	500.605	0	180	-38.0558
499.941	66.4103	500.657	0	180	-38.0537
499.991	66.3407	500.709	0	180	-38.0517
500.042	66.2712	500.761	0	180	-38.0496
500.092	66.2017	500.813	0	180	-38.0476
500.143	66.1322	500.865	0	180	-38.0456
500.194	66.0627	500.918	0	180	-38.0435
500.244	65.9932	500.97	0	180	-38.0415
500.295	65.9237	501.022	0	180	-38.0394
500.346	65.8542	501.074	0	180	-38.0374
500.396	65.7847	501.126	0	180	-38.0353
500.447	65.7152	501.178	0	180	-38.0333
500.497	65.6457	501.23	0	180	-38.0312
500.548	65.5762	501.283	0	180	-38.0292
500.599	65.5066	501.335	0	180	-38.0271
500.649	65.4371	501.387	0	180	-38.0251
500.7	65.3676	501.439	0	180	-38.0231
500.751	65.2981	501.491	0	180	-38.021
500.801	65.2286	501.543	0	180	-38.019
500.852	65.1591	501.596	0	180	-38.0169
500.902	65.0896	501.648	0	180	-38.0149
500.953	65.0201	501.7	0	180	-38.0128
501.004	64.9506	501.752	0	180	-38.0108
501.054	64.8811	501.804	0	180	-38.0087
501.105	64.8116	501.856	0	180	-38.0067
501.156	64.742	501.908	0	180	-38.0046
501.206	64.6725	501.961	0	180	-38.0026
501.257	64.603	502.013	0	180	-38.0006
501.307	64.5335	502.065	0	180	-37.9985
501.358	64.464	502.117	0	180	-37.9965
501.409	64.3945	502.169	0	180	-37.9944
501.459	64.325	502.221	0	180	-37.9924
501.51	64.2555	502.274	0	180	-37.9903
501.561	64.186	502.326	0	180	-37.9883
501.611	64.1165	502.378	0	180	-37.9862
501.662	64.047	502.43	0	180	-37.9842
501.712	63.9775	502.482	0	180	-37.9821
501.763	63.9079	502.534	0	180	-37.9801
501.814	63.8384	502.587	0	180	-37.978
501.864	63.7689	502.639	0	180	-37.976
501.915	63.6994	502.691	0	180	-37.974
501.965	63.6299	502.743	0	180	-37.9719
502.016	63.5604	502.795	0	180	-37.9699
502.067	63.4909	502.847	0	180	-37.9678
502.117	63.4214	502.899	0	180	-37.9658
502.168	63.3519	502.952	0	180	-37.9637
502.219	63.2824	503.004	0	180	-37.9617
502.269	63.2129	503.056	0	180	-37.9596
502.32	63.1433	503.108	0	180	-37.9576
502.37	63.0738	503.16	0	180	-37.9555
502.421	63.0043	503.212	0	180	-37.9535
502.472	62.9348	503.265	0	180	-37.9515
502.522	62.8653	503.317	0	180	-37.9494
502.573	62.7958	503.369	0	180	-37.9474
502.624	62.7263	503.421	0	180	-37.9453
502.674	62.6568	503.473	0	180	-37.9433
502.725	62.5873	503.525	0	180	-37.9412
502.775	62.5178	503.577	0	180	-37.9392
502.826	62.4483	503.63	0	180	-37.9371
502.877	62.3788	503.682	0	180	-37.9351
502.927	62.3092	503.734	0	180	-37.933
502.978	62.2397	503.786	0	180	-37.931
503.029	62.1702	503.838	0	180	-37.929
503.079	62.1007	503.89	0	180	-37.9269
503.13	62.0312	503.943	0	180	-37.9249
503.18	61.9617	503.995	0	180	-37.9228
503.231	61.8922	504.047	0	180	-37.9208
503.282	61.8227	504.099	0	180	-37.9187
503.332	61.7532	504.151	0	180	-37.9167
503.383	61.6837	504.203	0	180	-37.9146
503.434	61.6142	504.256	0	180	-37.9126
503.484	61.5447	504.308	0	180	-37.9105
503.535	61.4751	504.36	0	180	-37.9085
503.585	61.4056	504.412	0	180	-37.9064
503.636	61.3361	504.464	0	180	-37.9044
503.687	61.2666	504.516	0	180	-37.9024
503.737	61.1971	504.568	0	180	-37.9003
503.788	61.1276	504.621	0	180	-37.8983
503.838	61.0581	504.673	0	180	-37.8962
503.889	60.9886	504.725	0	180	-37.8942
503.94	60.9191	504.777	0	180	-37.8921
503.99	60.8496	504.829	0	180	-37.8901
504.041	60.7801	504.881	0	180	-37.888
504.092	60.7105	504.934	0	180	-37.886
504.142	60.641	504.986	0	180	-37.8839
504.193	60.5715	505.038	0	180	-37.8819
504.243	60.502	505.09	0	180	-37.8799
504.294	60.4325	505.142	0	180	-37.8778
504.345	60.363	505.194	0	180	-37.8758
504.395	60.2935	505.246	0	180	-37.8737
504.446	60.224	505.299	0	180	-37.8717
504.497	60.1545	505.351	0	180	-37.8696
504.547	60.085	505.403	0	180	-37.8676
504.598	60.0155	505.455	0	180	-37.8655
504.648	59.946	505.507	0	180	-37.8635
504.699	59.8764	505.559	0	180	-37.8614
504.75	59.8069	505.612	0	180	-37.8594
504.8	59.7374	505.664	0	180	-37.8573
504.851	59.6679	505.716	0	180	-37.8553
504.902	59.5984	505.768	0	180	-37.8533
504.952	59.5289	505.82	0	180	-37.8512
505.003	59.4594	505.872	0	180	-37.8492
505.053	59.3899	505.925	0	180	-37.8471
505.104	59.3204	505.977	0	180	-37.8451
505.155	59.2509	506.029	0	180	-37.843
505.205	59.1814	506.081	0	180	-37.841
505.256	59.1118	506.133	0	180	-37.8389
505.306	59.0423	506.185	0	180	-37.8369
505.357	58.9728	506.237	0	180	-37.8348
505.408	58.9033	506.29	0	180	-37.8328
505.458	58.8338	506.342	0	180	-37.8308
505.509	58.7643	506.394	0	180	-37.8287
505.56	58.6948	506.446	0	180	-37.8267
505.61	58.6253	506.498	0	180	-37.8246
505.661	58.5558	506.55	0	180	-37.8226
505.711	58.4863	506.603	0	180	-37.8205
505.762	58.4168	506.655	0	180	-37.8185
505.813	58.3473	506.707	0	180	-37.8164
505.863	58.2777	506.759	0	180	-37.8144
505.914	58.2082	506.811	0	180	-37.8123
505.965	58.1387	506.863	0	180	-37.8103
506.015	58.0692	506.915	0	180	-37.8083
506.066	57.9997	506.968	0	180	-37.8062
506.116	57.9302	507.02	0	180	-37.8042
506.167	57.8607	507.072	0	180	-37.8021
506.218	57.7912	507.124	0	180	-37.8001
506.268	57.7217	507.176	0	180	-37.798
506.319	57.6522	507.228	0	180	-37.796
506.37	57.5827	507.281	0	180	-37.7939
506.42	57.5132	507.333	0	180	-37.7919
506.471	57.4436	507.385	0	180	-37.7898
506.521	57.3741	507.437	0	180	-37.7878
506.572	57.3046	507.489	0	180	-37.7857
506.623	57.2351	507.541	0	180	-37.7837
506.673	57.1656	507.593	0	180	-37.7817
506.724	57.0961	507.646	0	180	-37.7796
506.775	57.0266	507.698	0	180	-37.7776
506.825	56.9571	507.75	0	180	-37.7755
506.876	56.8876	507.802	0	180	-37.7735
506.926	56.8181	507.854	0	180	-37.7714
506.977	56.7486	507.906	0	180	-37.7694
507.028	56.679	507.959	0	180	-37.7673
507.078	56.6095	508.011	0	180	-37.7653
507.129	56.54	508.063	0	180	-37.7632
507.179	56.4705	508.115	0	180	-37.7612
507.23	56.401	508.167	0	180	-37.7592
507.281	56.3315	508.219	0	180	-37.7571
507.331	56.262	508.272	0	180	-37.7551
507.382	56.1925	508.324	0	180	-37.753
507.433	56.123	508.376	0	180	-37.751
507.483	56.0535	508.428	0	180	-37.7489
507.534	55.984	508.48	0	180	-37.7469
507.584	55.9145	508.532	0	180	-37.7448
507.635	55.8449	508.584	0	180	-37.7428
507.686	55.7754	508.637	0	180	-37.7407
507.736	55.7059	508.689	0	180	-37.7387
507.787	55.6364	508.741	0	180	-37.7367
507.838	55.5669	508.793	0	180	-37.7346
507.888	55.4974	508.845	0	180	-37.7326
507.939	55.4279	508.897	0	180	-37.7305
507.989	55.3584	508.95	0	180	-37.7285
508.04	55.2889	509.002	0	180	-37.7264
508.091	55.2194	509.054	0	180	-37.7244
508.141	55.1499	509.106	0	180	-37.7223
508.192	55.0803	509.158	0	180	-37.7203
508.243	55.0108	509.21	0	180	-37.7182
508.293	54.9413	509.262	0	180	-37.7162
508.344	54.8718	509.315	0	180	-37.7141
508.394	54.8023	509.367	0	180	-37.7121
508.445	54.7328	509.419	0	180	-37.7101
508.496	54.6633	509.471	0	180	-37.708
508.546	54.5938	509.523	0	180	-37.706
508.597	54.5243	509.575	0	180	-37.7039
508.648	54.4548	509.628	0	180	-37.7019
508.698	54.3853	509.68	0	180	-37.6998
508.749	54.3158	509.732	0	180	-37.6978
508.799	54.2462	509.784	0	180	-37.6957
508.85	54.1767	509.836	0	180	-37.6937
508.901	54.1072	509.888	0	180	-37.6916
508.951	54.0377	509.941	0	180	-37.6896
509.002	53.9682	509.993	0	180	-37.6876
509.052	53.8987	510.045	0	180	-37.6855
509.103	53.8292	510.097	0	180	-37.6835
509.154	53.7597	510.149	0	180	-37.6814
509.204	53.6902	510.201	0	180	-37.6794
509.255	53.6207	510.253	0	180	-37.6773
509.306	53.5512	510.306	0	180	-37.6753
509.356	53.4816	510.358	0	180	-37.6732
509.407	53.4121	510.41	0	180	-37.6712
509.457	53.3426	510.462	0	180	-37.6691
509.508	53.2731	510.514	0	180	-37.6671
509.559	53.2036	510.566	0	180	-37.6651
509.609	53.1341	510.619	0	180	-37.663
509.66	53.0646	510.671	0	180	-37.661
509.711	52.9951	510.723	0	180	-37.6589
509.761	52.9256	510.775	0	180	-37.6569
509.812	52.8561	510.827	0	180	-37.6548
509.862	52.7866	510.879	0	180	-37.6528
509.913	52.7171	510.931	0	180	-37.6507
509.964	52.6475	510.984	0	180	-37.6487
510.014	52.578	511.036	0	180	-37.6466
510.065	52.5085	511.088	0	180	-37.6446
510.116	52.439	511.14	0	180	-37.6425
510.166	52.3695	511.192	0	180	-37.6405
510.217	52.3	511.244	0	180	-37.6385
510.267	52.2305	511.297	0	180	-37.6364
510.318	52.161	511.349	0	180	-37.6344
510.369	52.0915	511.401	0	180	-37.6323
510.419	52.022	511.453	0	180	-37.6303
510.47	51.9525	511.505	0	180	-37.6282
510.52	51.883	511.557	0	180	-37.6262
510.571	51.8134	511.61	0	180	-37.6241
510.622	51.7439	511.662	0	180	-37.6221
510.672	51.6744	511.714	0	180	-37.62
510.723	51.6049	511.766	0	180	-37.618
510.774	51.5354	511.818	0	180	-37.616
510.824	51.4659	511.87	0	180	-37.6139
510.875	51.3964	511.922	0	180	-37.6119
510.925	51.3269	511.975	0	180	-37.6098
510.976	51.2574	512.027	0	180	-37.6078
511.027	51.1879	512.079	0	180	-37.6057
511.077	51.1184	512.131	0	180	-37.6037
511.128	51.0488	512.183	0	180	-37.6016
511.179	50.9793	512.235	0	180	-37.5996
511.229	50.9098	512.288	0	180	-37.5975
511.28	50.8403	512.34	0	180	-37.5955
511.33	50.7708	512.392	0	180	-37.5934
511.381	50.7013	512.444	0	180	-37.5914
511.432	50.6318	512.496	0	180	-37.5894
511.482	50.5623	512.548	0	180	-37.5873
511.533	50.4928	512.6	0	180	-37.5853
511.584	50.4233	512.653	0	180	-37.5832
511.634	50.3538	512.705	0	180	-37.5812
511.685	50.2843	512.757	0	180	-37.5791
511.735	50.2147	512.809	0	180	-37.5771
511.786	50.1452	512.861	0	180	-37.575
511.837	50.0757	512.913	0	180	-37.573
511.887	50.0062	512.966	0	180	-37.5709
511.938	49.9367	513.018	0	180	-37.5689
511.989	49.8672	513.07	0	180	-37.5669
512.039	49.7977	513.122	0	180	-37.5648
512.09	49.7282	513.174	0	180	-37.5628
512.14	49.6587	513.226	0	180	-37.5607
512.191	49.5892	513.279	0	180	-37.5587
512.242	49.5197	513.331	0	180	-37.5566
512.292	49.4501	513.383	0	180	-37.5546
512.343	49.3806	513.435	0	180	-37.5525
512.393	49.3111	513.487	0	180	-37.5505
512.444	49.2416	513.539	0	180	-37.5484
512.495	49.1721	513.591	0	180	-37.5464
512.545	49.1026	513.644	0	180	-37.5444
512.596	49.0331	513.696	0	180	-37.5423
512.647	48.9636	513.748	0	180	-37.5403
512.697	48.8941	513.8	0	180	-37.5382
512.748	48.8246	513.852	0	180	-37.5362
512.798	48.7551	513.904	0	180	-37.5341
512.849	48.6856	513.957	0	180	-37.5321
512.9	48.616	514.009	0	180	-37.53
512.95	48.5465	514.061	0	180	-37.528
513.001	48.477	514.113	0	180	-37.5259
513.052	48.4075	514.165	0	180	-37.5239
513.102	48.338	514.217	0	180	-37.5218
513.153	48.2685	514.269	0	180	-37.5198
513.203	48.199	514.322	0	180	-37.5178
513.254	48.1295	514.374	0	180	-37.5157
513.305	48.06	514.426	0	180	-37.5137
513.355	47.9905	514.478	0	180	-37.5116
513.406	47.921	514.53	0	180	-37.5096
513.457	47.8515	514.582	0	180	-37.5075
513.507	47.7819	514.635	0	180	-37.5055
513.558	47.7124	514.687	0	180	-37.5034
513.608	47.6429	514.739	0	180	-37.5014
513.659	47.5734	514.791	0	180	-37.4993
513.71	47.5039	514.843	0	180	-37.4973
513.76	47.4344	514.895	0	180	-37.4953
513.811	47.3649	514.948	0	180	-37.4932
513.862	47.2954	515	0	180	-37.4912
513.912	47.2259	515.052	0	180	-37.4891
513.963	47.1564	515.104	0	180	-37.4871
514.013	47.0869	515.156	0	180	-37.485
514.064	47.0173	515.208	0	180	-37.483
514.115	46.9478	515.26	0	180	-37.4809
514.165	46.8783	515.313	0	180	-37.4789
514.216	46.8088	515.365	0	180	-37.4768
514.266	46.7393	515.417	0	180	-37.4748
514.317	46.6698	515.469	0	180	-37.4728
514.368	46.6003	515.521	0	180	-37.4707
514.418	46.5308	515.573	0	180	-37.4687
514.469	46.4613	515.626	0	180	-37.4666
514.52	46.3918	515.678	0	180	-37.4646
514.57	46.3223	515.73	0	180	-37.4625
514.621	46.2528	515.782	0	180	-37.4605
514.671	46.1832	515.834	0	180	-37.4584
514.722	46.1137	515.886	0	180	-37.4564
514.773	46.0442	515.938	0	180	-37.4543
514.823	45.9747	515.991	0	180	-37.4523
514.874	45.9052	516.043	0	180	-37.4502
514.925	45.8357	516.095	0	180	-37.4482
514.975	45.7662	516.147	0	180	-37.4462
515.026	45.6967	516.199	0	180	-37.4441
515.076	45.6272	516.251	0	180	-37.4421
515.127	45.5577	516.304	0	180	-37.44
515.178	45.4882	516.356	0	180	-37.438
515.228	45.4186	516.408	0	180	-37.4359
515.279	45.3491	516.46	0	180	-37.4339
515.33	45.2796	516.512	0	180	-37.4318
515.38	45.2101	516.564	0	180	-37.4298
515.431	45.1406	516.617	0	180	-37.4277
515.481	45.0711	516.669	0	180	-37.4257
515.532	45.0016	516.721	0	180	-37.4237
515.583	44.9321	516.773	0	180	-37.4216
515.633	44.8626	516.825	0	180	-37.4196
515.684	44.7931	516.877	0	180	-37.4175
515.735	44.7236	516.929	0	180	-37.4155
515.785	44.6541	516.982	0	180	-37.4134
515.836	44.5845	517.034	0	180	-37.4114
515.886	44.515	517.086	0	180	-37.4093
515.937	44.4455	517.138	0	180	-37.4073
515.988	44.376	517.19	0	180	-37.4052
516.038	44.3065	517.242	0	180	-37.4032
516.089	44.237	517.295	0	180	-37.4012
516.139	44.1675	517.347	0	180	-37.3991
516.19	44.098	517.399	0	180	-37.3971
516.241	44.0285	517.451	0	180	-37.395
516.291	43.959	517.503	0	180	-37.393
516.342	43.8895	517.555	0	180	-37.3909
516.393	43.82	517.607	0	180	-37.3889
516.443	43.7504	517.66	0	180	-37.3868
516.494	43.6809	517.712	0	180	-37.3848
516.544	43.6114	517.764	0	180	-37.3827
516.595	43.5419	517.816	0	180	-37.3807
516.646	43.4724	517.868	0	180	-37.3786
516.696	43.4029	517.92	0	180	-37.3766
516.747	43.3334	517.973	0	180	-37.3746
516.798	43.2639	518.025	0	180	-37.3725
516.848	43.1944	518.077	0	180	-37.3705
516.899	43.1249	518.129	0	180	-37.3684
516.949	43.0554	518.181	0	180	-37.3664
517	42.9858	518.233	0	180	-37.3643
517.051	42.9163	518.286	0	180	-37.3623
517.101	42.8468	518.338	0	180	-37.3602
517.152	42.7773	518.39	0	180	-37.3582
517.203	42.7078	518.442	0	180	-37.3561
517.253	42.6383	518.494	0	180	-37.3541
517.304	42.5688	518.546	0	180	-37.3521
517.354	42.4993	518.598	0	180	-37.35
517.405	42.4298	518.651	0	180	-37.348
517.456	42.3603	518.703	0	180	-37.3459
517.506	42.2908	518.755	0	180	-37.3439
517.557	42.2213	518.807	0	180	-37.3418
517.607	42.1517	518.859	0	180	-37.3398
517.658	42.0822	518.911	0	180	-37.3377
517.709	42.0127	518.964	0	180	-37.3357
517.759	41.9432	519.016	0	180	-37.3336
517.81	41.8737	519.068	0	180	-37.3316
517.861	41.8042	519.12	0	180	-37.3296
517.911	41.7347	519.172	0	180	-37.3275
517.962	41.6652	519.224	0	180	-37.3255
518.012	41.5957	519.276	0	180	-37.3234
518.063	41.5262	519.329	0	180	-37.3214
518.114	41.4567	519.381	0	180	-37.3193
518.164	41.3871	519.433	0	180	-37.3173
518.215	41.3176	519.485	0	180	-37.3152
518.266	41.2481	519.537	0	180	-37.3132
518.316	41.1786	519.589	0	180	-37.3111
518.367	41.1091	519.642	0	180	-37.3091
518.417	41.0396	519.694	0	180	-37.307
518.468	40.9701	519.746	0	180	-37.305
518.519	40.9006	519.798	0	180	-37.303
518.569	40.8311	519.85	0	180	-37.3009
518.62	40.7616	519.902	0	180	-37.2989
518.671	40.6921	519.954	0	180	-37.2968
518.721	40.6226	520.007	0	180	-37.2948
518.772	40.553	520.059	0	180	-37.2927
518.822	40.4835	520.111	0	180	-37.2907
518.873	40.414	520.163	0	180	-37.2886
518.924	40.3445	520.215	0	180	-37.2866
518.974	40.275	520.267	0	180	-37.2845
519.025	40.2055	520.32	0	180	-37.2825
519.076	40.136	520.372	0	180	-37.2805
519.126	40.0665	520.424	0	180	-37.2784
519.177	39.997	520.476	0	180	-37.2764
519.227	39.9275	520.528	0	180	-37.2743
519.278	39.858	520.58	0	180	-37.2723
519.329	39.7884	520.633	0	180	-37.2702
519.379	39.7189	520.685	0	180	-37.2682
519.43	39.6494	520.737	0	180	-37.2661
519.48	39.5799	520.789	0	180	-37.2641
519.531	39.5104	520.841	0	180	-37.262
519.582	39.4409	520.893	0	180	-37.26
519.632	39.3714	520.945	0	180	-37.2579
519.683	39.3019	520.998	0	180	-37.2559
519.734	39.2324	521.05	0	180	-37.2539
519.784	39.1629	521.102	0	180	-37.2518
519.835	39.0934	521.154	0	180	-37.2498
519.885	39.0239	521.206	0	180	-37.2477
519.936	38.9543	521.258	0	180	-37.2457
519.987	38.8848	521.311	0	180	-37.2436
520.037	38.8153	521.363	0	180	-37.2416
520.088	38.7458	521.415	0	180	-37.2395
520.139	38.6763	521.467	0	180	-37.2375
520.189	38.6068	521.519	0	180	-37.2354
520.24	38.5373	521.571	0	180	-37.2334
520.29	38.4678	521.623	0	180	-37.2314
520.341	38.3983	521.676	0	180	-37.2293
520.392	38.3288	521.728	0	180	-37.2273
520.442	38.2593	521.78	0	180	-37.2252
520.493	38.1898	521.832	0	180	-37.2232
520.544	38.1202	521.884	0	180	-37.2211
520.594	38.0507	521.936	0	180	-37.2191
520.645	37.9812	521.989	0	180	-37.217
520.695	37.9117	522.041	0	180	-37.215
520.746	37.8422	522.093	0	180	-37.2129
520.797	37.7727	522.145	0	180	-37.2109
520.847	37.7032	522.197	0	180	-37.2089
520.898	37.6337	522.249	0	180	-37.2068
520.949	37.5642	522.302	0	180	-37.2048
520.999	37.4947	522.354	0	180	-37.2027
521.05	37.4252	522.406	0	180	-37.2007
521.1	37.3556	522.458	0	180	-37.1986
521.151	37.2861	522.51	0	180	-37.1966
521.202	37.2166	522.562	0	180	-37.1945
521.252	37.1471	522.614	0	180	-37.1925
521.303	37.0776	522.667	0	180	-37.1904
521.353	37.0081	522.719	0	180	-37.1884
521.404	36.9386	522.771	0	180	-37.1863
521.455	36.8691	522.823	0	180	-37.1843
521.505	36.7996	522.875	0	180	-37.1823
521.556	36.7301	522.927	0	180	-37.1802
521.607	36.6606	522.98	0	180	-37.1782
521.657	36.5911	523.032	0	180	-37.1761
521.708	36.5215	523.084	0	180	-37.1741
521.758	36.452	523.136	0	180	-37.172
521.809	36.3825	523.188	0	180	-37.17
521.86	36.313	523.24	0	180	-37.1679
521.91	36.2435	523.292	0	180	-37.1659
521.961	36.174	523.345	0	180	-37.1638
522.012	36.1045	523.397	0	180	-37.1618
522.062	36.035	523.449	0	180	-37.1598
522.113	35.9655	523.501	0	180	-37.1577
522.163	35.896	523.553	0	180	-37.1557
522.214	35.8265	523.605	0	180	-37.1536
522.265	35.7569	523.658	0	180	-37.1516
522.315	35.6874	523.71	0	180	-37.1495
522.366	35.6179	523.762	0	180	-37.1475
522.417	35.5484	523.814	0	180	-37.1454
522.467	35.4789	523.866	0	180	-37.1434
522.518	35.4094	523.918	0	180	-37.1413
522.568	35.3399	523.971	0	180	-37.1393
522.619	35.2704	524.023	0	180	-37.1373
522.67	35.2009	524.075	0	180	-37.1352
522.72	35.1314	524.127	0	180	-37.1332
522.771	35.0619	524.179	0	180	-37.1311
522.822	34.9924	524.231	0	180	-37.1291
522.872	34.9228	524.283	0	180	-37.127
522.923	34.8533	524.336	0	180	-37.125
522.973	34.7838	524.388	0	180	-37.1229
523.024	34.7143	524.44	0	180	-37.1209
523.075	34.6448	524.492	0	180	-37.1188
523.125	34.5753	524.544	0	180	-37.1168
523.176	34.5058	524.596	0	180	-37.1147
523.226	34.4363	524.649	0	180	-37.1127
523.277	34.3668	524.701	0	180	-37.1107
523.328	34.2973	524.753	0	180	-37.1086
523.378	34.2278	524.805	0	180	-37.1066
523.429	34.1583	524.857	0	180	-37.1045
523.48	34.0887	524.909	0	180	-37.1025
523.53	34.0192	524.961	0	180	-37.1004
523.581	33.9497	525.014	0	180	-37.0984
523.631	33.8802	525.066	0	180	-37.0963
523.682	33.8107	525.118	0	180	-37.0943
523.733	33.7412	525.17	0	180	-37.0922
523.783	33.6717	525.222	0	180	-37.0902
523.834	33.6022	525.274	0	180	-37.0882
523.885	33.5327	525.327	0	180	-37.0861
523.935	33.4632	525.379	0	180	-37.0841
523.986	33.3937	525.431	0	180	-37.082
524.036	33.3241	525.483	0	180	-37.08
524.087	33.2546	525.535	0	180	-37.0779
524.138	33.1851	525.587	0	180	-37.0759
524.188	33.1156	525.64	0	180	-37.0738
524.239	33.0461	525.692	0	180	-37.0718
524.29	32.9766	525.744	0	180	-37.0697
524.34	32.9071	525.796	0	180	-37.0677
524.391	32.8376	525.848	0	180	-37.0657
524.441	32.7681	525.9	0	180	-37.0636
524.492	32.6986	525.952	0	180	-37.0616
524.543	32.6291	526.005	0	180	-37.0595
524.593	32.5596	526.057	0	180	-37.0575
524.644	32.49	526.109	0	180	-37.0554
524.694	32.4205	526.161	0	180	-37.0534
524.745	32.351	526.213	0	180	-37.0513
524.796	32.2815	526.265	0	180	-37.0493
524.846	32.212	526.318	0	180	-37.0472
524.897	32.1425	526.37	0	180	-37.0452
524.948	32.073	526.422	0	180	-37.0431
524.998	32.0035	526.474	0	180	-37.0411
525.049	31.934	526.526	0	180	-37.0391
525.099	31.8645	526.578	0	180	-37.037
525.15	31.795	526.63	0	180	-37.035
525.201	31.7254	526.683	0	180	-37.0329
525.251	31.6559	526.735	0	180	-37.0309
525.302	31.5864	526.787	0	180	-37.0288
525.353	31.5169	526.839	0	180	-37.0268
525.403	31.4474	526.891	0	180	-37.0247
525.454	31.3779	526.943	0	180	-37.0227
525.504	31.3084	526.996	0	180	-37.0206
525.555	31.2389	527.048	0	180	-37.0186
525.606	31.1694	527.1	0	180	-37.0166
525.656	31.0999	527.152	0	180	-37.0145
525.707	31.0304	527.204	0	180	-37.0125
525.758	30.9609	527.256	0	180	-37.0104
525.808	30.8913	527.309	0	180	-37.0084
525.859	30.8218	527.361	0	180	-37.0063
525.909	30.7523	527.413	0	180	-37.0043
525.96	30.6828	527.465	0	180	-37.0022
526.011	30.6133	527.517	0	180	-37.0002
526.061	30.5438	527.569	0	180	-36.9981
526.112	30.4743	527.621	0	180	-36.9961
526.163	30.4048	527.674	0	180	-36.994
526.213	30.3353	527.726	0	180	-36.992
526.264	30.2658	527.778	0	180	-36.99
526.314	30.1963	527.83	0	180	-36.9879
526.365	30.1268	527.882	0	180	-36.9859
526.416	30.0572	527.934	0	180	-36.9838
526.466	29.9877	527.987	0	180	-36.9818
526.517	29.9182	528.039	0	180	-36.9797
526.567	29.8487	528.091	0	180	-36.9777
526.618	29.7792	528.143	0	180	-36.9756
526.669	29.7097	528.195	0	180	-36.9736
526.719	29.6402	528.247	0	180	-36.9715
526.77	29.5707	528.299	0	180	-36.9695
526.821	29.5012	528.352	0	180	-36.9675
526.871	29.4317	528.404	0	180	-36.9654
526.922	29.3622	528.456	0	180	-36.9634
526.972	29.2926	528.508	0	180	-36.9613
527.023	29.2231	528.56	0	180	-36.9593
527.074	29.1536	528.612	0	180	-36.9572
527.124	29.0841	528.665	0	180	-36.9552
527.175	29.0146	528.717	0	180	-36.9531
527.226	28.9451	528.769	0	180	-36.9511
527.276	28.8756	528.821	0	180	-36.949
527.327	28.8061	528.873	0	180	-36.947
527.377	28.7366	528.925	0	180	-36.945
527.428	28.6671	528.978	0	180	-36.9429
527.479	28.5976	529.03	0	180	-36.9409
527.529	28.5281	529.082	0	180	-36.9388
527.58	28.4585	529.134	0	180	-36.9368
527.631	28.389	529.186	0	180	-36.9347
527.681	28.3195	529.238	0	180	-36.9327
527.732	28.25	529.29	0	180	-36.9306
527.782	28.1805	529.343	0	180	-36.9286
527.833	28.111	529.395	0	180	-36.9265
527.884	28.0415	529.447	0	180	-36.9245
527.934	27.972	529.499	0	180	-36.9224
527.985	27.9025	529.551	0	180	-36.9204
528.036	27.833	529.601	0	180	-36.9184
528.086	27.7635	529.651	0	180	-36.9163
528.137	27.6939	529.699	0	180	-36.9143
528.187	27.6244	529.747	0	180	-36.9122
528.238	27.5549	529.793	0	180	-36.9102
528.289	27.4854	529.839	0	180	-36.9081
528.339	27.4159	529.884	0	180	-36.9061
528.39	27.3464	529.927	0	180	-36.904
528.44	27.2769	529.97	0	180	-36.902
528.491	27.2074	530.011	0	180	-36.8999
528.542	27.1379	530.052	0	180	-36.8979
528.592	27.0684	530.091	0	180	-36.8959
528.643	26.9989	530.13	0	180	-36.8938
528.694	26.9294	530.168	0	180	-36.8918
528.744	26.8598	530.204	0	180	-36.8897
528.795	26.7903	530.24	0	180	-36.8877
528.845	26.7208	530.274	0	180	-36.8856
528.896	26.6513	530.308	0	180	-36.8836
528.947	26.5818	530.34	0	180	-36.8815
528.997	26.5123	530.372	0	180	-36.8795
529.048	26.4428	530.403	0	180	-36.8774
529.099	26.3733	530.432	0	180	-36.8754
529.149	26.3038	530.461	0	180	-36.8734
529.2	26.2343	530.488	0	180	-36.8713
529.25	26.1648	530.515	0	180	-36.8693
529.301	26.0952	530.54	0	180	-36.8672
529.352	26.0257	530.565	0	180	-36.8652
529.402	25.9562	530.589	0	180	-36.8631
529.453	25.8867	530.611	0	180	-36.8611
529.504	25.8172	530.633	0	180	-36.859
529.554	25.7477	530.653	0	180	-36.857
529.605	25.6782	530.673	0	180	-36.8549
529.655	25.6087	530.691	0	180	-36.8529
529.706	25.5392	530.709	0	180	-36.8508
529.757	25.4697	530.726	0	180	-36.8488
529.807	25.4002	530.741	0	180	-36.8468
529.858	25.3307	530.756	0	180	-36.8447
529.908	25.2611	530.769	0	180	-36.8427
529.959	25.1916	530.782	0	180	-36.8406
530.01	25.1221	530.793	0	180	-36.8386
530.06	25.0526	530.804	0	180	-36.8365
530.111	24.9831	530.814	0	180	-36.8345
530.162	24.9136	530.822	0	180	-36.8324
530.212	24.8441	530.83	0	180	-36.8304
530.263	24.7746	530.836	0	180	-36.8283
530.313	24.7051	530.842	0	180	-36.8263
530.364	24.6356	530.846	0	180	-36.8243
530.415	24.5661	530.85	0	180	-36.8222
530.465	24.4966	530.853	0	180	-36.8202
530.516	24.427	530.854	0	180	-36.8181
530.567	24.3575	530.855	0	180	-36.8161
530.617	24.288	530.854	0	180	-36.814
530.668	24.2185	530.853	0	180	-36.812
530.718	24.149	530.85	0	180	-36.8099
530.769	24.0795	530.847	0	180	-36.8079
530.82	24.01	530.843	0	180	-36.8058
530.87	23.9405	530.837	0	180	-36.8038
530.921	23.871	530.831	0	180	-36.8018
530.972	23.8015	530.823	0	180	-36.7997
531.022	23.732	530.815	0	180	-36.7977
531.073	23.6624	530.805	0	180	-36.7956
531.123	23.5929	530.795	0	180	-36.7936
531.174	23.5234	530.784	0	180	-36.7915
531.225	23.4539	530.771	0	180	-36.7895
531.275	23.3844	530.758	0	180	-36.7874
531.326	23.3149	530.743	0	180	-36.7854
531.377	23.2454	530.728	0	180	-36.7833
531.427	23.1759	530.711	0	180	-36.7813
531.478	23.1064	530.694	0	180	-36.7792
531.528	23.0369	530.676	0	180	-36.7772
531.579	22.9674	530.656	0	180	-36.7752
531.63	22.8979	530.636	0	180	-36.7731
531.68	22.8283	530.614	0	180	-36.7711
531.731	22.7588	530.592	0	180	-36.769
531.781	22.6893	530.568	0	180	-36.767
531.832	22.6198	530.544	0	180	-36.7649
531.883	22.5503	530.519	0	180	-36.7629
531.933	22.4808	530.492	0	180	-36.7608
531.984	22.4113	530.465	0	180	-36.7588
532.035	22.3418	530.436	0	180	-36.7567
532.085	22.2723	530.407	0	180	-36.7547
532.136	22.2028	530.376	0	180	-36.7527
532.186	22.1333	530.345	0	180	-36.7506
532.237	22.0637	530.313	0	180	-36.7486
532.288	21.9942	530.279	0	180	-36.7465
532.338	21.9247	530.245	0	180	-36.7445
532.389	21.8552	530.209	0	180	-36.7424
532.44	21.7857	530.173	0	180	-36.7404
532.49	21.7162	530.135	0	180	-36.7383
532.541	21.6467	530.097	0	180	-36.7363
532.591	21.5772	530.058	0	180	-36.7342
532.642	21.5077	530.017	0	180	-36.7322
532.693	21.4382	529.976	0	180	-36.7302
532.743	21.3687	529.933	0	180	-36.7281
532.794	21.2992	529.89	0	180	-36.7261
532.845	21.2296	529.845	0	180	-36.724
532.895	21.1601	529.8	0	180	-36.722
532.946	21.0906	529.754	0	180	-36.7199
532.996	21.0211	529.706	0	180	-36.7179
533.047	20.9516	529.658	0	180	-36.7158
533.098	20.8821	529.608	0	180	-36.7138
533.148	20.8126	529.558	0	180	-36.7117
533.199	20.7429	529.506	0	180	-36.7097
533.25	20.6724	529.454	0	180	-36.7076
533.302	20.6009	529.401	0	180	-36.7059
533.354	20.5283	529.346	0	180	-36.7046
533.407	20.4549	529.291	0	180	-36.7032
533.46	20.3814	529.234	0	180	-36.7018
533.513	20.3079	529.177	0	180	-36.7004
533.566	20.2343	529.118	0	180	-36.699
533.619	20.1608	529.059	0	180	-36.6976
533.672	20.0873	528.999	0	180	-36.6962
533.725	20.0138	528.937	0	180	-36.6948
533.778	19.9403	528.875	0	180	-36.6934
533.831	19.8667	528.811	0	180	-36.692
533.884	19.7932	528.747	0	180	-36.6906
533.937	19.7197	528.681	0	180	-36.6892
533.99	19.6462	528.615	0	180	-36.6878
534.043	19.5727	528.548	0	180	-36.6865
534.096	19.4991	528.479	0	180	-36.6851
534.149	19.4256	528.41	0	180	-36.6837
534.202	19.3521	528.339	0	180	-36.6823
534.255	19.2786	528.268	0	180	-36.6809
534.308	19.2051	528.195	0	180	-36.6795
534.361	19.1315	528.122	0	180	-36.6781
534.414	19.058	528.048	0	180	-36.6767
534.467	18.9845	527.972	0	180	-36.6753
534.52	18.911	527.896	0	180	-36.6739
534.573	18.8375	527.818	0	180	-36.6725
534.626	18.7639	527.74	0	180	-36.6711
534.679	18.6904	527.66	0	180	-36.6698
534.732	18.6169	527.58	0	180	-36.6684
534.785	18.5434	527.499	0	180	-36.667
534.838	18.4699	527.416	0	180	-36.6656
534.891	18.3963	527.333	0	180	-36.6642
534.944	18.3228	527.248	0	180	-36.6628
534.997	18.2493	527.163	0	180	-36.6614
535.05	18.1758	527.076	0	180	-36.66
535.103	18.1023	526.989	0	180	-36.6586
535.156	18.0287	526.901	0	180	-36.6572
535.209	17.9552	526.811	0	180	-36.6558
535.262	17.8817	526.721	0	180	-36.6544
535.315	17.8082	526.629	0	180	-36.653
535.368	17.7347	526.537	0	180	-36.6517
535.42	17.6611	526.443	0	180	-36.6503
535.473	17.5876	526.349	0	180	-36.6489
535.526	17.5141	526.254	0	180	-36.6475
535.579	17.4406	526.157	0	180	-36.6461
535.632	17.3671	526.06	0	180	-36.6447
535.685	17.2935	525.961	0	180	-36.6433
535.738	17.22	525.862	0	180	-36.6419
535.791	17.1465	525.761	0	180	-36.6405
535.844	17.073	525.66	0	180	-36.6391
535.897	16.9995	525.558	0	180	-36.6377
535.95	16.9259	525.454	0	180	-36.6363
536.003	16.8524	525.35	0	180	-36.6349
536.056	16.7789	525.244	0	180	-36.6336
536.109	16.7054	525.138	0	180	-36.6322
536.162	16.6319	525.03	0	180	-36.6308
536.215	16.5583	524.922	0	180	-36.6294
536.268	16.4848	524.812	0	180	-36.628
536.321	16.4113	524.702	0	180	-36.6266
536.374	16.3378	524.591	0	180	-36.6252
536.427	16.2643	524.478	0	180	-36.6238
536.48	16.1907	524.365	0	180	-36.6224
536.533	16.1172	524.25	0	180	-36.621
536.586	16.0437	524.135	0	180	-36.6196
536.639	15.9702	524.018	0	180	-36.6182
536.692	15.8967	523.901	0	180	-36.6169
536.745	15.8231	523.783	0	180	-36.6155
536.798	15.7496	523.663	0	180	-36.6141
536.851	15.6761	523.543	0	180	-36.6127
536.904	15.6026	523.421	0	180	-36.6113
536.957	15.5291	523.299	0	180	-36.6099
537.01	15.4555	523.175	0	180	-36.6085
537.063	15.382	523.051	0	180	-36.6071
537.116	15.3085	522.926	0	180	-36.6057
537.169	15.235	522.799	0	180	-36.6043
537.222	15.1615	522.672	0	180	-36.6029
537.275	15.0879	522.543	0	180	-36.6015
537.328	15.0144	522.414	0	180	-36.6001
537.381	14.9409	522.283	0	180	-36.5988
537.434	14.8674	522.152	0	180	-36.5974
537.487	14.7939	522.02	0	180	-36.596
537.54	14.7203	521.886	0	180	-36.5946
537.593	14.6468	521.752	0	180	-36.5932
537.646	14.5733	521.616	0	180	-36.5918
537.699	14.4998	521.48	0	180	-36.5904
537.751	14.4263	521.342	0	180	-36.589
537.804	14.3527	521.204	0	180	-36.5876
537.857	14.2792	521.065	0	180	-36.5862
537.91	14.2057	520.924	0	180	-36.5848
537.963	14.1322	520.783	0	180	-36.5834
538.016	14.0587	520.64	0	180	-36.582
538.069	13.9851	520.497	0	180	-36.5807
538.122	13.9116	520.352	0	180	-36.5793
538.175	13.8381	520.207	0	180	-36.5779
538.228	13.7646	520.061	0	180	-36.5765
538.281	13.6911	519.913	0	180	-36.5751
538.334	13.6175	519.765	0	180	-36.5737
538.387	13.544	519.615	0	180	-36.5723
538.44	13.4705	519.465	0	180	-36.5709
538.493	13.397	519.313	0	180	-36.5695
538.546	13.3235	519.161	0	180	-36.5681
538.599	13.2499	519.008	0	180	-36.5667
538.652	13.1764	518.853	0	180	-36.5653
538.705	13.1029	518.698	0	180	-36.564
538.758	13.0294	518.541	0	180	-36.5626
538.811	12.9559	518.384	0	180	-36.5612
538.864	12.8823	518.225	0	180	-36.5598
538.917	12.8088	518.066	0	180	-36.5584
538.97	12.7353	517.908	0	180	-36.557
539.023	12.6618	517.749	0	180	-36.5556
539.076	12.5883	517.59	0	180	-36.5542
539.129	12.5147	517.431	0	180	-36.5528
539.182	12.4412	517.272	0	180	-36.5514
539.235	12.3677	517.113	0	180	-36.55
539.288	12.2942	516.954	0	180	-36.5486
539.341	12.2207	516.795	0	180	-36.5472
539.394	12.1471	516.636	0	180	-36.5459
539.447	12.0736	516.477	0	180	-36.5445
539.5	12.0001	516.318	0	180	-36.5431
539.553	11.9266	516.159	0	180	-36.5417
539.606	11.8531	516	0	180	-36.5403
539.659	11.7795	515.841	0	180	-36.5389
539.712	11.706	515.682	0	180	-36.5375
539.765	11.6325	515.523	0	180	-36.5361
539.818	11.559	515.364	0	180	-36.5347
539.871	11.4855	515.205	0	180	-36.5333
539.924	11.4119	515.046	0	180	-36.5319
539.977	11.3384	514.887	0	180	-36.5305
540.03	11.2649	514.728	0	180	-36.5291
540.083	11.1914	514.569	0	180	-36.5278
540.135	11.1179	514.411	0	180	-36.5264
540.188	11.0443	514.252	0	180	-36.525
540.241	10.9708	514.093	0	180	-36.5236
540.294	10.8973	513.934	0	180	-36.5222
540.347	10.8238	513.775	0	180	-36.5208
540.4	10.7503	513.616	0	180	-36.5194
540.453	10.6767	513.457	0	180	-36.518
540.506	10.6032	513.298	0	180	-36.5166
540.559	10.5297	513.139	0	180	-36.5152
540.612	10.4562	512.98	0	180	-36.5138
540.665	10.3827	512.821	0	180	-36.5124
540.718	10.3091	512.662	0	180	-36.511
540.771	10.2356	512.503	0	180	-36.5097
540.824	10.1621	512.344	0	180	-36.5083
540.877	10.0886	512.185	0	180	-36.5069
540.93	10.0151	512.026	0	180	-36.5055
540.983	9.94153	511.867	0	180	-36.5041
541.036	9.86801	511.708	0	180	-36.5027
541.089	9.79449	511.549	0	180	-36.5013
541.142	9.72097	511.39	0	180	-36.4999
541.195	9.64745	511.231	0	180	-36.4985
541.248	9.57393	511.072	0	180	-36.4971
541.301	9.50041	510.913	0	180	-36.4957
541.354	9.42689	510.755	0	180	-36.4943
541.407	9.35337	510.596	0	180	-36.493
541.46	9.27985	510.437	0	180	-36.4916
541.513	9.20633	510.278	0	180	-36.4902
541.566	9.13281	510.119	0	180	-36.4888
541.619	9.05929	509.96	0	180	-36.4874
541.672	8.98577	509.801	0	180	-36.486
541.725	8.91225	509.642	0	180	-36.4846
541.778	8.83873	509.483	0	180	-36.4832
541.831	8.76521	509.324	0	180	-36.4818
541.884	8.69169	509.165	0	180	-36.4804
541.937	8.61817	509.006	0	180	-36.479
541.99	8.54465	508.847	0	180	-36.4776
542.043	8.47113	508.688	0	180	-36.4762
542.096	8.39761	508.529	0	180	-36.4749
542.149	8.32409	508.37	0	180	-36.4735
542.202	8.25057	508.211	0	180	-36.4721
542.255	8.17705	508.052	0	180	-36.4707
542.308	8.10353	507.893	0	180	-36.4693
542.361	8.03001	507.734	0	180	-36.4679
542.414	7.95649	507.575	0	180	-36.4665
542.466	7.88297	507.416	0	180	-36.4651
542.519	7.80945	507.257	0	180	-36.4637
542.572	7.73593	507.099	0	180	-36.4623
542.625	7.66241	506.94	0	180	-36.4609
542.678	7.58889	506.781	0	180	-36.4595
542.731	7.51537	506.622	0	180	-36.4581
542.784	7.44185	506.463	0	180	-36.4568
542.837	7.36833	506.304	0	180	-36.4554
542.89	7.29481	506.145	0	180	-36.454
542.943	7.22129	505.986	0	180	-36.4526
542.996	7.14777	505.827	0	180	-36.4512
543.049	7.07425	505.668	0	180	-36.4498
543.102	7.00073	505.509	0	180	-36.4484
543.155	6.92721	505.35	0	180	-36.447
543.208	6.85369	505.191	0	180	-36.4456
543.261	6.78017	505.032	0	180	-36.4442
543.314	6.70665	504.873	0	180	-36.4428
543.367	6.63313	504.714	0	180	-36.4414
543.42	6.55961	504.555	0	180	-36.4401
543.473	6.48609	504.396	0	180	-36.4387
543.526	6.41257	504.237	0	180	-36.4373
543.579	6.33905	504.078	0	180	-36.4359
543.632	6.26553	503.919	0	180	-36.4345
543.685	6.19201	503.76	0	180	-36.4331
543.738	6.11849	503.601	0	180	-36.4317
543.791	6.04497	503.443	0	180	-36.4303
543.844	5.97145	503.284	0	180	-36.4289
543.897	5.89793	503.125	0	180	-36.4275
543.95	5.82441	502.966	0	180	-36.4261
544.003	5.75089	502.807	0	180	-36.4247
544.056	5.67737	502.648	0	180	-36.4233
544.109	5.60385	502.489	0	180	-36.422
544.162	5.53033	502.33	0	180	-36.4206
544.215	5.45681	502.171	0	180	-36.4192
544.268	5.38329	502.012	0	180	-36.4178
544.321	5.30977	501.853	0	180	-36.4164
544.374	5.23625	501.694	0	180	-36.415
544.427	5.16273	501.535	0	180	-36.4136
544.48	5.08921	501.376	0	180	-36.4122
544.533	5.01569	501.217	0	180	-36.4108
544.586	4.94217	501.058	0	180	-36.4094
544.639	4.86865	500.899	0	180	-36.408
544.692	4.79513	500.74	0	180	-36.4066
544.745	4.72161	500.581	0	180	-36.4052
544.797	4.64809	500.422	0	180	-36.4039
544.85	4.57457	500.263	0	180	-36.4025
544.903	4.50105	500.104	0	180	-36.4011
544.956	4.42752	499.946	0	180	-36.3997
545.009	4.354	499.787	0	180	-36.3983
545.062	4.28048	499.628	0	180	-36.3969
545.115	4.20696	499.469	0	180	-36.3955
545.168	4.13344	499.31	0	180	-36.3941
545.221	4.05992	499.151	0	180	-36.3927
545.274	3.9864	498.992	0	180	-36.3913
545.327	3.91288	498.833	0	180	-36.3899
545.38	3.83936	498.674	0	180	-36.3885
545.433	3.76584	498.515	0	180	-36.3872
545.486	3.69232	498.356	0	180	-36.3858
545.539	3.6188	498.197	0	180	-36.3844
545.592	3.54528	498.038	0	180	-36.383
545.645	3.47176	497.879	0	180	-36.3816
545.698	3.39824	497.72	0	180	-36.3802
545.751	3.32472	497.561	0	180	-36.3788
545.804	3.2512	497.402	0	180	-36.3774
545.857	3.17768	497.243	0	180	-36.376
545.91	3.10416	497.084	0	180	-36.3746
545.963	3.03064	496.925	0	180	-36.3732
546.016	2.95712	496.766	0	180	-36.3718
546.069	2.8836	496.607	0	180	-36.3704
546.122	2.81008	496.448	0	180	-36.3691
546.175	2.73656	496.29	0	180	-36.3677
546.228	2.66304	496.131	0	180	-36.3663
546.281	2.58952	495.972	0	180	-36.3649
546.334	2.516	495.813	0	180	-36.3635
546.387	2.44248	495.654	0	180	-36.3621
546.44	2.36896	495.495	0	180	-36.3607
546.493	2.29544	495.336	0	180	-36.3593
546.546	2.22192	495.177	0	180	-36.3579
546.599	2.1484	495.018	0	180	-36.3565
546.652	2.07488	494.859	0	180	-36.3551
546.705	2.00136	494.7	0	180	-36.3537
546.758	1.92784	494.541	0	180	-36.3523
546.811	1.85432	494.382	0	180	-36.351
546.864	1.7808	494.223	0	180	-36.3496
546.917	1.70728	494.064	0	180	-36.3482
546.97	1.63376	493.905	0	180	-36.3468
547.023	1.56024	493.746	0	180	-36.3454
547.076	1.48672	493.587	0	180	-36.344
547.129	1.4132	493.428	0	180	-36.3426
547.181	1.33968	493.269	0	180	-36.3412
547.234	1.26616	493.11	0	180	-36.3398
547.287	1.19264	492.951	0	180	-36.3384
547.34	1.11912	492.792	0	180	-36.337
547.393	1.0456	492.634	0	180	-36.3356
547.446	0.972081	492.475	0	180	-36.3342
547.499	0.898561	492.316	0	180	-36.3329
547.552	0.825041	492.157	0	180	-36.3315
547.605	0.751521	491.998	0	180	-36.3301
547.658	0.678	491.839	0	180	-36.3287
547.711	0.60448	491.68	0	180	-36.3273
547.764	0.53096	491.521	0	180	-36.3259
547.817	0.45744	491.362	0	180	-36.3245
547.87	0.38392	491.203	0	180	-36.3231
547.923	0.3104	491.044	0	180	-36.3217
547.976	0.23688	490.885	0	180	-36.3203
548.029	0.16336	490.726	0	180	-36.3189
548.082	0.0898397	490.567	0	180	-36.3175
548.135	0.0163196	490.408	0	180	-36.3162
548.188	-0.0572004	490.249	0	180	-36.3148
548.241	-0.130721	490.09	0	180	-36.3134
548.294	-0.204241	489.931	0	180	-36.312
548.347	-0.277761	489.772	0	180	-36.3106
548.4	-0.351281	489.613	0	180	-36.3092
548.453	-0.424801	489.454	0	180	-36.3078
548.506	-0.498321	489.295	0	180	-36.3064
548.559	-0.571841	489.136	0	180	-36.305
548.612	-0.645361	488.978	0	180	-36.3036
548.665	-0.718881	488.819	0	180	-36.3022
548.718	-0.792401	488.66	0	180	-36.3008
548.771	-0.865921	488.501	0	180	-36.2994
548.824	-0.939441	488.342	0	180	-36.2981
548.877	-1.01296	488.183	0	180	-36.2967
548.93	-1.08648	488.024	0	180	-36.2953
548.983	-1.16	487.865	0	180	-36.2939
549.036	-1.23352	487.706	0	180	-36.2925
549.089	-1.30704	487.547	0	180	-36.2911
549.142	-1.38056	487.388	0	180	-36.2897
549.195	-1.45408	487.229	0	180	-36.2883
549.248	-1.5276	487.07	0	180	-36.2869
549.301	-1.60112	486.911	0	180	-36.2855
549.354	-1.67464	486.752	0	180	-36.2841
549.407	-1.74816	486.593	0	180	-36.2827
549.46	-1.82168	486.434	0	180	-36.2813
549.512	-1.8952	486.275	0	180	-36.28
549.565	-1.96872	486.116	0	180	-36.2786
549.618	-2.04224	485.957	0	180	-36.2772
549.671	-2.11576	485.798	0	180	-36.2758
549.724	-2.18928	485.639	0	180	-36.2744
549.777	-2.2628	485.48	0	180	-36.273
549.83	-2.33632	485.322	0	180	-36.2716
549.883	-2.40984	485.163	0	180	-36.2702
549.936	-2.48336	485.004	0	180	-36.2688
549.989	-2.55688	484.845	0	180	-36.2674
550.042	-2.6304	484.686	0	180	-36.266
550.095	-2.70392	484.527	0	180	-36.2646
550.148	-2.77744	484.368	0	180	-36.2633
550.201	-2.85096	484.209	0	180	-36.2619
550.254	-2.92448	484.05	0	180	-36.2605
550.307	-2.998	483.891	0	180	-36.2591
550.36	-3.07152	483.732	0	180	-36.2577
550.413	-3.14504	483.573	0	180	-36.2563
550.466	-3.21856	483.414	0	180	-36.2549
550.519	-3.29208	483.255	0	180	-36.2535
550.572	-3.3656	483.096	0	180	-36.2521
550.625	-3.43912	482.937	0	180	-36.2507
550.678	-3.51264	482.778	0	180	-36.2493
550.731	-3.58616	482.619	0	180	-36.2479
550.784	-3.65968	482.46	0	180	-36.2465
550.837	-3.7332	482.301	0	180	-36.2452
550.89	-3.80672	482.142	0	180	-36.2438
550.943	-3.88025	481.983	0	180	-36.2424
550.996	-3.95377	481.825	0	180	-36.241
551.049	-4.02729	481.666	0	180	-36.2396
551.102	-4.10081	481.507	0	180	-36.2382
551.155	-4.17433	481.348	0	180	-36.2368
551.208	-4.24785	481.189	0	180	-36.2354
551.261	-4.32137	481.03	0	180	-36.234
551.314	-4.39489	480.871	0	180	-36.2326
551.367	-4.46841	480.712	0	180	-36.2312
551.42	-4.54193	480.553	0	180	-36.2298
551.473	-4.61545	480.394	0	180	-36.2284
551.526	-4.68897	480.235	0	180	-36.2271
551.579	-4.76249	480.076	0	180	-36.2257
551.632	-4.83601	479.917	0	180	-36.2243
551.685	-4.90953	479.758	0	180	-36.2229
551.738	-4.98305	479.599	0	180	-36.2215
551.791	-5.05657	479.44	0	180	-36.2201
551.844	-5.13009	479.281	0	180	-36.2187
551.896	-5.20361	479.122	0	180	-36.2173
551.949	-5.27713	478.963	0	180	-36.2159
552.002	-5.35065	478.804	0	180	-36.2145
552.055	-5.42417	478.645	0	180	-36.2131
552.108	-5.49769	478.486	0	180	-36.2117
552.161	-5.57121	478.327	0	180	-36.2104
552.214	-5.64473	478.169	0	180	-36.209
552.267	-5.71825	478.01	0	180	-36.2076
552.32	-5.79177	477.851	0	180	-36.2062
552.373	-5.86529	477.692	0	180	-36.2048
552.426	-5.93881	477.533	0	180	-36.2034
552.479	-6.01233	477.374	0	180	-36.202
552.532	-6.08585	477.215	0	180	-36.2006
552.585	-6.15937	477.056	0	180	-36.1992
552.638	-6.23289	476.897	0	180	-36.1978
552.691	-6.30641	476.738	0	180	-36.1964
552.744	-6.37993	476.579	0	180	-36.195
552.797	-6.45345	476.42	0	180	-36.1936
552.85	-6.52697	476.261	0	180	-36.1923
552.903	-6.60049	476.102	0	180	-36.1909
552.956	-6.67401	475.943	0	180	-36.1895
553.009	-6.74753	475.784	0	180	-36.1881
553.062	-6.82105	475.625	0	180	-36.1867
553.115	-6.89457	475.466	0	180	-36.1853
553.168	-6.96809	475.307	0	180	-36.1839
553.221	-7.04161	475.148	0	180	-36.1825
553.274	-7.11513	474.989	0	180	-36.1811
553.327	-7.18865	474.83	0	180	-36.1797
553.38	-7.26217	474.671	0	180	-36.1783
553.433	-7.33569	474.513	0	180	-36.1769
553.486	-7.40921	474.354	0	180	-36.1755
553.539	-7.48273	474.195	0	180	-36.1742
553.592	-7.55625	474.036	0	180	-36.1728
553.645	-7.62977	473.877	0	180	-36.1714
553.698	-7.70329	473.718	0	180	-36.17
553.751	-7.77681	473.559	0	180	-36.1686
553.804	-7.85033	473.4	0	180	-36.1672
553.857	-7.92385	473.241	0	180	-36.1658
553.91	-7.99737	473.082	0	180	-36.1644
553.963	-8.07089	472.923	0	180	-36.163
554.016	-8.14441	472.764	0	180	-36.1616
554.069	-8.21793	472.605	0	180	-36.1602
554.122	-8.29145	472.446	0	180	-36.1588
554.175	-8.36497	472.287	0	180	-36.1574
554.227	-8.43849	472.128	0	180	-36.1561
554.28	-8.51201	471.969	0	180	-36.1547
554.333	-8.58553	471.81	0	180	-36.1533
554.386	-8.65905	471.651	0	180	-36.1519
554.439	-8.73257	471.492	0	180	-36.1505
554.492	-8.80609	471.333	0	180	-36.1491
554.545	-8.87961	471.174	0	180	-36.1477
554.598	-8.95313	471.015	0	180	-36.1463
554.651	-9.02665	470.857	0	180	-36.1449
554.704	-9.10017	470.698	0	180	-36.1435
554.757	-9.17369	470.539	0	180	-36.1421
554.81	-9.24721	470.38	0	180	-36.1407
554.863	-9.32073	470.221	0	180	-36.1394
554.916	-9.39425	470.062	0	180	-36.138
554.969	-9.46777	469.903	0	180	-36.1366
555.022	-9.54129	469.744	0	180	-36.1352
555.075	-9.61481	469.585	0	180	-36.1338
555.128	-9.68833	469.426	0	180	-36.1324
555.181	-9.76185	469.267	0	180	-36.131
555.234	-9.83537	469.108	0	180	-36.1296
555.287	-9.90889	468.949	0	180	-36.1282
555.34	-9.98241	468.79	0	180	-36.1268
555.393	-10.0559	468.631	0	180	-36.1254
555.446	-10.1295	468.473	0	180	-36.124
555.499	-10.203	468.315	0	180	-36.1226
555.552	-10.2765	468.159	0	180	-36.1213
555.605	-10.35	468.003	0	180	-36.1199
555.658	-10.4235	467.849	0	180	-36.1185
555.711	-10.4971	467.696	0	180	-36.1171
555.764	-10.5706	467.543	0	180	-36.1157
555.817	-10.6441	467.392	0	180	-36.1143
555.87	-10.7176	467.241	0	180	-36.1129
555.923	-10.7911	467.092	0	180	-36.1115
555.976	-10.8647	466.943	0	180	-36.1101
556.029	-10.9382	466.796	0	180	-36.1087
556.082	-11.0117	466.649	0	180	-36.1073
556.135	-11.0852	466.504	0	180	-36.1059
556.188	-11.1587	466.36	0	180	-36.1045
556.241	-11.2323	466.216	0	180	-36.1032
556.294	-11.3058	466.074	0	180	-36.1018
556.347	-11.3793	465.932	0	180	-36.1004
556.4	-11.4528	465.792	0	180	-36.099
556.453	-11.5263	465.652	0	180	-36.0976
556.506	-11.5999	465.514	0	180	-36.0962
556.559	-11.6734	465.376	0	180	-36.0948
556.611	-11.7469	465.24	0	180	-36.0934
556.664	-11.8204	465.105	0	180	-36.092
556.717	-11.8939	464.97	0	180	-36.0906
556.77	-11.9675	464.837	0	180	-36.0892
556.823	-12.041	464.704	0	180	-36.0878
556.876	-12.1145	464.573	0	180	-36.0865
556.929	-12.188	464.442	0	180	-36.0851
556.982	-12.2615	464.313	0	180	-36.0837
557.035	-12.3351	464.184	0	180	-36.0823
557.088	-12.4086	464.057	0	180	-36.0809
557.141	-12.4821	463.931	0	180	-36.0795
557.194	-12.5556	463.805	0	180	-36.0781
557.247	-12.6291	463.681	0	180	-36.0767
557.3	-12.7027	463.557	0	180	-36.0753
557.353	-12.7762	463.435	0	180	-36.0739
557.406	-12.8497	463.313	0	180	-36.0725
557.459	-12.9232	463.193	0	180	-36.0711
557.512	-12.9967	463.074	0	180	-36.0697
557.565	-13.0703	462.955	0	180	-36.0684
557.618	-13.1438	462.838	0	180	-36.067
557.671	-13.2173	462.721	0	180	-36.0656
557.724	-13.2908	462.606	0	180	-36.0642
557.777	-13.3643	462.491	0	180	-36.0628
557.83	-13.4379	462.378	0	180	-36.0614
557.883	-13.5114	462.265	0	180	-36.06
557.936	-13.5849	462.154	0	180	-36.0586
557.989	-13.6584	462.044	0	180	-36.0572
558.042	-13.7319	461.934	0	180	-36.0558
558.095	-13.8055	461.826	0	180	-36.0544
558.148	-13.879	461.718	0	180	-36.053
558.201	-13.9525	461.612	0	180	-36.0516
558.254	-14.026	461.506	0	180	-36.0503
558.307	-14.0995	461.402	0	180	-36.0489
558.36	-14.1731	461.298	0	180	-36.0475
558.413	-14.2466	461.196	0	180	-36.0461
558.466	-14.3201	461.095	0	180	-36.0447
558.519	-14.3936	460.994	0	180	-36.0433
558.572	-14.4671	460.895	0	180	-36.0419
558.625	-14.5407	460.796	0	180	-36.0405
558.678	-14.6142	460.699	0	180	-36.0391
558.731	-14.6877	460.602	0	180	-36.0377
558.784	-14.7612	460.507	0	180	-36.0363
558.837	-14.8347	460.412	0	180	-36.0349
558.89	-14.9083	460.319	0	180	-36.0335
558.942	-14.9818	460.227	0	180	-36.0322
558.995	-15.0553	460.135	0	180	-36.0308
559.048	-15.1288	460.045	0	180	-36.0294
559.101	-15.2023	459.955	0	180	-36.028
559.154	-15.2759	459.867	0	180	-36.0266
559.207	-15.3494	459.779	0	180	-36.0252
559.26	-15.4229	459.693	0	180	-36.0238
559.313	-15.4964	459.608	0	180	-36.0224
559.366	-15.5699	459.523	0	180	-36.021
559.419	-15.6435	459.44	0	180	-36.0196
559.472	-15.717	459.357	0	180	-36.0182
559.525	-15.7905	459.276	0	180	-36.0168
559.578	-15.864	459.195	0	180	-36.0155
559.631	-15.9375	459.116	0	180	-36.0141
559.684	-16.0111	459.037	0	180	-36.0127
559.737	-16.0846	458.96	0	180	-36.0113
559.79	-16.1581	458.884	0	180	-36.0099
559.843	-16.2316	458.808	0	180	-36.0085
559.896	-16.3051	458.734	0	180	-36.0071
559.949	-16.3785	458.66	0	180	-36.0057
560.002	-16.4509	458.588	0	180	-36.0043
560.055	-16.5224	458.516	0	180	-36.0029
560.108	-16.5928	458.446	0	180	-36.0015
560.161	-16.6623	458.376	0	180	-36.0001
560.214	-16.7307	458.308	0	180	-35.9987
560.267	-16.7981	458.241	0	180	-35.9974
560.32	-16.8646	458.174	0	180	-35.996
560.373	-16.93	458.109	0	180	-35.9946
560.426	-16.9945	458.044	0	180	-35.9932
560.479	-17.0579	457.981	0	180	-35.9918
560.532	-17.1203	457.918	0	180	-35.9904
560.585	-17.1818	457.857	0	180	-35.989
560.638	-17.2422	457.796	0	180	-35.9876
560.691	-17.3017	457.737	0	180	-35.9862
560.744	-17.3601	457.679	0	180	-35.9848
560.797	-17.4176	457.621	0	180	-35.9834
560.85	-17.474	457.565	0	180	-35.982
560.903	-17.5294	457.509	0	180	-35.9806
560.956	-17.5839	457.455	0	180	-35.9793
561.009	-17.6373	457.401	0	180	-35.9779
561.061	-17.6898	457.349	0	180	-35.9765
561.112	-17.7412	457.298	0	180	-35.9751
561.163	-17.7916	457.247	0	180	-35.9737
561.212	-17.8411	457.198	0	180	-35.9723
561.261	-17.8895	457.149	0	180	-35.9709
561.308	-17.937	457.102	0	180	-35.9695
561.355	-17.9834	457.055	0	180	-35.9681
561.4	-18.0288	457.01	0	180	-35.9667
561.445	-18.0733	456.965	0	180	-35.9653
561.488	-18.1167	456.922	0	180	-35.9639
561.53	-18.1592	456.88	0	180	-35.9626
561.572	-18.2006	456.838	0	180	-35.9612
561.612	-18.2411	456.798	0	180	-35.9598
561.652	-18.2805	456.758	0	180	-35.9584
561.69	-18.3189	456.72	0	180	-35.957
561.728	-18.3564	456.682	0	180	-35.9556
561.764	-18.3928	456.646	0	180	-35.9542
561.8	-18.4283	456.61	0	180	-35.9528
561.834	-18.4627	456.576	0	180	-35.9514
561.867	-18.4961	456.543	0	180	-35.95
561.9	-18.5286	456.51	0	180	-35.9486
561.931	-18.56	456.479	0	180	-35.9472
561.962	-18.5905	456.448	0	180	-35.9458
561.991	-18.6199	456.419	0	180	-35.9445
562.02	-18.6483	456.39	0	180	-35.9431
562.047	-18.6758	456.363	0	180	-35.9417
562.074	-18.7022	456.336	0	180	-35.9403
562.099	-18.7277	456.311	0	180	-35.9389
562.123	-18.7521	456.287	0	180	-35.9375
562.147	-18.7756	456.263	0	180	-35.9361
562.169	-18.798	456.241	0	180	-35.9347
562.191	-18.8194	456.219	0	180	-35.9333
562.211	-18.8399	456.199	0	180	-35.9319
562.231	-18.8593	456.179	0	180	-35.9305
562.249	-18.8778	456.161	0	180	-35.9291
562.266	-18.8952	456.144	0	180	-35.9277
562.283	-18.9116	456.127	0	180	-35.9264
562.298	-18.9271	456.112	0	180	-35.925
562.313	-18.9415	456.097	0	180	-35.9236
562.326	-18.955	456.084	0	180	-35.9222
562.339	-18.9674	456.071	0	180	-35.9208
562.35	-18.9788	456.06	0	180	-35.9194
562.361	-18.9893	456.049	0	180	-35.918
562.37	-18.9987	456.04	0	180	-35.9166
562.378	-19.0072	456.032	0	180	-35.9152
562.386	-19.0146	456.024	0	180	-35.9138
562.392	-19.0211	456.018	0	180	-35.9124
562.398	-19.0265	456.012	0	180	-35.911
562.402	-19.0309	456.008	0	180	-35.9097
562.406	-19.0344	456.004	0	180	-35.9083
562.408	-19.0368	456.002	0	180	-35.9069
562.41	-19.0383	456	0	180	-35.9056
