562.41	-19.0387	456	0	180	-35.9051
562.409	-19.0382	456.001	0	180	-35.9056
562.408	-19.0367	456.002	0	180	-35.9071
562.405	-19.0342	456.005	0	180	-35.9096
562.402	-19.0307	456.008	0	180	-35.9123
562.398	-19.0262	456.013	0	180	-35.915
562.392	-19.0207	456.018	0	180	-35.9176
562.385	-19.0142	456.024	0	180	-35.9203
562.378	-19.0067	456.032	0	180	-35.923
562.37	-18.9982	456.041	0	180	-35.9257
562.36	-18.9887	456.05	0	180	-35.9284
562.349	-18.9782	456.061	0	180	-35.9311
562.338	-18.9667	456.072	0	180	-35.9337
562.325	-18.9542	456.084	0	180	-35.9364
562.312	-18.9407	456.098	0	180	-35.9391
562.298	-18.9262	456.113	0	180	-35.9418
562.282	-18.9107	456.128	0	180	-35.9445
562.265	-18.8942	456.144	0	180	-35.9472
562.248	-18.8767	456.162	0	180	-35.9498
562.229	-18.8582	456.18	0	180	-35.9525
562.21	-18.8387	456.2	0	180	-35.9552
562.19	-18.8182	456.221	0	180	-35.9579
562.169	-18.7967	456.242	0	180	-35.9606
562.148	-18.7742	456.264	0	180	-35.9633
562.127	-18.7507	456.288	0	180	-35.9659
562.106	-18.7262	456.312	0	180	-35.9686
562.085	-18.7007	456.338	0	180	-35.9713
562.064	-18.6742	456.365	0	180	-35.974
562.043	-18.6467	456.392	0	180	-35.9767
562.023	-18.6182	456.421	0	180	-35.9794
562.002	-18.5887	456.45	0	180	-35.982
561.981	-18.5582	456.481	0	180	-35.9847
561.96	-18.5267	456.512	0	180	-35.9874
561.939	-18.4942	456.545	0	180	-35.9901
561.918	-18.4607	456.578	0	180	-35.9928
561.897	-18.4262	456.613	0	180	-35.9955
561.877	-18.3907	456.648	0	180	-35.9982
561.856	-18.3542	456.685	0	180	-36.0008
561.835	-18.3167	456.722	0	180	-36.0035
561.814	-18.2782	456.761	0	180	-36.0062
561.793	-18.2387	456.8	0	180	-36.0089
561.772	-18.1982	456.841	0	180	-36.0116
561.751	-18.1567	456.882	0	180	-36.0143
561.731	-18.1142	456.925	0	180	-36.0169
561.71	-18.0707	456.968	0	180	-36.0196
561.689	-18.0262	457.013	0	180	-36.0223
561.668	-17.9807	457.058	0	180	-36.025
561.647	-17.9342	457.105	0	180	-36.0277
561.626	-17.8867	457.152	0	180	-36.0304
561.605	-17.8382	457.201	0	180	-36.033
561.584	-17.7887	457.25	0	180	-36.0357
561.564	-17.7382	457.3	0	180	-36.0384
561.543	-17.6867	457.352	0	180	-36.0411
561.522	-17.6342	457.404	0	180	-36.0438
561.501	-17.5807	457.458	0	180	-36.0465
561.48	-17.5262	457.512	0	180	-36.0491
561.459	-17.4707	457.568	0	180	-36.0518
561.438	-17.4142	457.625	0	180	-36.0545
561.418	-17.3567	457.682	0	180	-36.0572
561.397	-17.2982	457.74	0	180	-36.0599
561.376	-17.2387	457.8	0	180	-36.0626
561.355	-17.1782	457.861	0	180	-36.0653
561.334	-17.1167	457.922	0	180	-36.0679
561.313	-17.0542	457.985	0	180	-36.0706
561.292	-16.9907	458.048	0	180	-36.0733
561.272	-16.9262	458.113	0	180	-36.076
561.251	-16.8607	458.178	0	180	-36.0787
561.23	-16.7942	458.245	0	180	-36.0814
561.209	-16.7267	458.312	0	180	-36.084
561.188	-16.659	458.379	0	180	-36.0867
561.167	-16.5913	458.447	0	180	-36.0894
561.146	-16.5236	458.514	0	180	-36.0921
561.126	-16.4559	458.581	0	180	-36.0948
561.105	-16.3882	458.649	0	180	-36.0975
561.084	-16.3205	458.716	0	180	-36.1001
561.063	-16.2528	458.784	0	180	-36.1028
561.042	-16.1851	458.851	0	180	-36.1055
561.021	-16.1173	458.918	0	180	-36.1082
561	-16.0496	458.986	0	180	-36.1109
560.979	-15.9819	459.053	0	180	-36.1136
560.959	-15.9142	459.121	0	180	-36.1162
560.938	-15.8465	459.188	0	180	-36.1189
560.917	-15.7788	459.255	0	180	-36.1216
560.896	-15.7111	459.323	0	180	-36.1243
560.875	-15.6434	459.39	0	180	-36.127
560.854	-15.5757	459.458	0	180	-36.1297
560.833	-15.5079	459.525	0	180	-36.1324
560.813	-15.4402	459.592	0	180	-36.135
560.792	-15.3725	459.66	0	180	-36.1377
560.771	-15.3048	459.727	0	180	-36.1404
560.75	-15.2371	459.795	0	180	-36.1431
560.729	-15.1694	459.862	0	180	-36.1458
560.708	-15.1017	459.929	0	180	-36.1485
560.687	-15.034	459.997	0	180	-36.1511
560.667	-14.9663	460.064	0	180	-36.1538
560.646	-14.8985	460.131	0	180	-36.1565
560.625	-14.8308	460.199	0	180	-36.1592
560.604	-14.7631	460.266	0	180	-36.1619
560.583	-14.6954	460.334	0	180	-36.1646
560.562	-14.6277	460.401	0	180	-36.1672
560.541	-14.56	460.468	0	180	-36.1699
560.521	-14.4923	460.536	0	180	-36.1726
560.5	-14.4246	460.603	0	180	-36.1753
560.479	-14.3569	460.671	0	180	-36.178
560.458	-14.2891	460.738	0	180	-36.1807
560.437	-14.2214	460.805	0	180	-36.1833
560.416	-14.1537	460.873	0	180	-36.186
560.395	-14.086	460.94	0	180	-36.1887
560.374	-14.0183	461.008	0	180	-36.1914
560.354	-13.9506	461.075	0	180	-36.1941
560.333	-13.8829	461.142	0	180	-36.1968
560.312	-13.8152	461.21	0	180	-36.1994
560.291	-13.7475	461.277	0	180	-36.2021
560.27	-13.6797	461.345	0	180	-36.2048
560.249	-13.612	461.412	0	180	-36.2075
560.228	-13.5443	461.479	0	180	-36.2102
560.208	-13.4766	461.547	0	180	-36.2129
560.187	-13.4089	461.614	0	180	-36.2156
560.166	-13.3412	461.682	0	180	-36.2182
560.145	-13.2735	461.749	0	180	-36.2209
560.124	-13.2058	461.816	0	180	-36.2236
560.103	-13.1381	461.884	0	180	-36.2263
560.082	-13.0703	461.951	0	180	-36.229
560.062	-13.0026	462.019	0	180	-36.2317
560.041	-12.9349	462.086	0	180	-36.2343
560.02	-12.8672	462.153	0	180	-36.237
559.999	-12.7995	462.221	0	180	-36.2397
559.978	-12.7318	462.288	0	180	-36.2424
559.957	-12.6641	462.356	0	180	-36.2451
559.936	-12.5964	462.423	0	180	-36.2478
559.916	-12.5287	462.49	0	180	-36.2504
559.895	-12.4609	462.558	0	180	-36.2531
559.874	-12.3932	462.625	0	180	-36.2558
559.853	-12.3255	462.693	0	180	-36.2585
559.832	-12.2578	462.76	0	180	-36.2612
559.811	-12.1901	462.827	0	180	-36.2639
559.79	-12.1224	462.895	0	180	-36.2665
559.769	-12.0547	462.962	0	180	-36.2692
559.749	-11.987	463.03	0	180	-36.2719
559.728	-11.9193	463.097	0	180	-36.2746
559.707	-11.8515	463.164	0	180	-36.2773
559.686	-11.7838	463.232	0	180	-36.28
559.665	-11.7161	463.299	0	180	-36.2827
559.644	-11.6484	463.366	0	180	-36.2853
559.623	-11.5807	463.434	0	180	-36.288
559.603	-11.513	463.501	0	180	-36.2907
559.582	-11.4453	463.569	0	180	-36.2934
559.561	-11.3776	463.636	0	180	-36.2961
559.54	-11.3099	463.703	0	180	-36.2988
559.519	-11.2421	463.771	0	180	-36.3014
559.498	-11.1744	463.838	0	180	-36.3041
559.477	-11.1067	463.906	0	180	-36.3068
559.457	-11.039	463.973	0	180	-36.3095
559.436	-10.9713	464.04	0	180	-36.3122
559.415	-10.9036	464.108	0	180	-36.3149
559.394	-10.8359	464.175	0	180	-36.3175
559.373	-10.7682	464.243	0	180	-36.3202
559.352	-10.7005	464.31	0	180	-36.3229
559.331	-10.6327	464.377	0	180	-36.3256
559.31	-10.565	464.445	0	180	-36.3283
559.29	-10.4973	464.512	0	180	-36.331
559.269	-10.4296	464.58	0	180	-36.3336
559.248	-10.3619	464.647	0	180	-36.3363
559.227	-10.2942	464.714	0	180	-36.339
559.206	-10.2265	464.782	0	180	-36.3417
559.185	-10.1588	464.849	0	180	-36.3444
559.164	-10.0911	464.917	0	180	-36.3471
559.144	-10.0234	464.984	0	180	-36.3498
559.123	-9.95564	465.051	0	180	-36.3524
559.102	-9.88793	465.119	0	180	-36.3551
559.081	-9.82022	465.186	0	180	-36.3578
559.06	-9.75251	465.254	0	180	-36.3605
559.039	-9.6848	465.321	0	180	-36.3632
559.018	-9.61708	465.388	0	180	-36.3659
558.998	-9.54937	465.456	0	180	-36.3685
558.977	-9.48166	465.523	0	180	-36.3712
558.956	-9.41395	465.591	0	180	-36.3739
558.935	-9.34624	465.658	0	180	-36.3766
558.914	-9.27853	465.725	0	180	-36.3793
558.893	-9.21082	465.793	0	180	-36.382
558.872	-9.14311	465.86	0	180	-36.3846
558.852	-9.0754	465.928	0	180	-36.3873
558.831	-9.00769	465.995	0	180	-36.39
558.81	-8.93997	466.062	0	180	-36.3927
558.789	-8.87226	466.13	0	180	-36.3954
558.768	-8.80455	466.197	0	180	-36.3981
558.747	-8.73684	466.264	0	180	-36.4007
558.726	-8.66913	466.332	0	180	-36.4034
558.705	-8.60142	466.399	0	180	-36.4061
558.685	-8.53371	466.467	0	180	-36.4088
558.664	-8.466	466.534	0	180	-36.4115
558.643	-8.39829	466.601	0	180	-36.4142
558.622	-8.33058	466.669	0	180	-36.4168
558.601	-8.26286	466.736	0	180	-36.4195
558.58	-8.19515	466.804	0	180	-36.4222
558.559	-8.12744	466.871	0	180	-36.4249
558.539	-8.05973	466.938	0	180	-36.4276
558.518	-7.99202	467.006	0	180	-36.4303
558.497	-7.92431	467.073	0	180	-36.433
558.476	-7.8566	467.141	0	180	-36.4356
558.455	-7.78889	467.208	0	180	-36.4383
558.434	-7.72118	467.275	0	180	-36.441
558.413	-7.65347	467.343	0	180	-36.4437
558.393	-7.58575	467.41	0	180	-36.4464
558.372	-7.51804	467.478	0	180	-36.4491
558.351	-7.45033	467.545	0	180	-36.4517
558.33	-7.38262	467.612	0	180	-36.4544
558.309	-7.31491	467.68	0	180	-36.4571
558.288	-7.2472	467.747	0	180	-36.4598
558.267	-7.17949	467.815	0	180	-36.4625
558.247	-7.11178	467.882	0	180	-36.4652
558.226	-7.04407	467.949	0	180	-36.4678
558.205	-6.97635	468.017	0	180	-36.4705
558.184	-6.90864	468.084	0	180	-36.4732
558.163	-6.84093	468.152	0	180	-36.4759
558.142	-6.77322	468.219	0	180	-36.4786
558.121	-6.70551	468.286	0	180	-36.4813
558.1	-6.6378	468.354	0	180	-36.4839
558.08	-6.57009	468.421	0	180	-36.4866
558.059	-6.50238	468.489	0	180	-36.4893
558.038	-6.43467	468.556	0	180	-36.492
558.017	-6.36696	468.623	0	180	-36.4947
557.996	-6.29924	468.691	0	180	-36.4974
557.975	-6.23153	468.758	0	180	-36.5001
557.954	-6.16382	468.826	0	180	-36.5027
557.934	-6.09611	468.893	0	180	-36.5054
557.913	-6.0284	468.96	0	180	-36.5081
557.892	-5.96069	469.028	0	180	-36.5108
557.871	-5.89298	469.095	0	180	-36.5135
557.85	-5.82527	469.162	0	180	-36.5162
557.829	-5.75756	469.23	0	180	-36.5188
557.808	-5.68985	469.297	0	180	-36.5215
557.788	-5.62213	469.365	0	180	-36.5242
557.767	-5.55442	469.432	0	180	-36.5269
557.746	-5.48671	469.499	0	180	-36.5296
557.725	-5.419	469.567	0	180	-36.5323
557.704	-5.35129	469.634	0	180	-36.5349
557.683	-5.28358	469.702	0	180	-36.5376
557.662	-5.21587	469.769	0	180	-36.5403
557.642	-5.14816	469.836	0	180	-36.543
557.621	-5.08045	469.904	0	180	-36.5457
557.6	-5.01274	469.971	0	180	-36.5484
557.579	-4.94502	470.039	0	180	-36.551
557.558	-4.87731	470.106	0	180	-36.5537
557.537	-4.8096	470.173	0	180	-36.5564
557.516	-4.74189	470.241	0	180	-36.5591
557.495	-4.67418	470.308	0	180	-36.5618
557.475	-4.60647	470.376	0	180	-36.5645
557.454	-4.53876	470.443	0	180	-36.5672
557.433	-4.47105	470.51	0	180	-36.5698
557.412	-4.40334	470.578	0	180	-36.5725
557.391	-4.33563	470.645	0	180	-36.5752
557.37	-4.26791	470.713	0	180	-36.5779
557.349	-4.2002	470.78	0	180	-36.5806
557.329	-4.13249	470.847	0	180	-36.5833
557.308	-4.06478	470.915	0	180	-36.5859
557.287	-3.99707	470.982	0	180	-36.5886
557.266	-3.92936	471.05	0	180	-36.5913
557.245	-3.86165	471.117	0	180	-36.594
557.224	-3.79394	471.184	0	180	-36.5967
557.203	-3.72623	471.252	0	180	-36.5994
557.183	-3.65851	471.319	0	180	-36.602
557.162	-3.5908	471.387	0	180	-36.6047
557.141	-3.52309	471.454	0	180	-36.6074
557.12	-3.45538	471.521	0	180	-36.6101
557.099	-3.38767	471.589	0	180	-36.6128
557.078	-3.31996	471.656	0	180	-36.6155
557.057	-3.25225	471.724	0	180	-36.6181
557.036	-3.18454	471.791	0	180	-36.6208
557.016	-3.11683	471.858	0	180	-36.6235
556.995	-3.04912	471.926	0	180	-36.6262
556.974	-2.9814	471.993	0	180	-36.6289
556.953	-2.91369	472.061	0	180	-36.6316
556.932	-2.84598	472.128	0	180	-36.6342
556.911	-2.77827	472.195	0	180	-36.6369
556.89	-2.71056	472.263	0	180	-36.6396
556.87	-2.64285	472.33	0	180	-36.6423
556.849	-2.57514	472.397	0	180	-36.645
556.828	-2.50743	472.465	0	180	-36.6477
556.807	-2.43972	472.532	0	180	-36.6504
556.786	-2.37201	472.6	0	180	-36.653
556.765	-2.30429	472.667	0	180	-36.6557
556.744	-2.23658	472.734	0	180	-36.6584
556.724	-2.16887	472.802	0	180	-36.6611
556.703	-2.10116	472.869	0	180	-36.6638
556.682	-2.03345	472.937	0	180	-36.6665
556.661	-1.96574	473.004	0	180	-36.6691
556.64	-1.89803	473.071	0	180	-36.6718
556.619	-1.83032	473.139	0	180	-36.6745
556.598	-1.76261	473.206	0	180	-36.6772
556.578	-1.6949	473.274	0	180	-36.6799
556.557	-1.62718	473.341	0	180	-36.6826
556.536	-1.55947	473.408	0	180	-36.6852
556.515	-1.49176	473.476	0	180	-36.6879
556.494	-1.42405	473.543	0	180	-36.6906
556.473	-1.35634	473.611	0	180	-36.6933
556.452	-1.28863	473.678	0	180	-36.696
556.431	-1.22092	473.745	0	180	-36.6987
556.411	-1.15321	473.813	0	180	-36.7013
556.39	-1.0855	473.88	0	180	-36.704
556.369	-1.01779	473.948	0	180	-36.7067
556.348	-0.950074	474.015	0	180	-36.7094
556.327	-0.882363	474.082	0	180	-36.7121
556.306	-0.814652	474.15	0	180	-36.7148
556.285	-0.746941	474.217	0	180	-36.7175
556.265	-0.67923	474.285	0	180	-36.7201
556.244	-0.611519	474.352	0	180	-36.7228
556.223	-0.543808	474.419	0	180	-36.7255
556.202	-0.476097	474.487	0	180	-36.7282
556.181	-0.408386	474.554	0	180	-36.7309
556.16	-0.340675	474.622	0	180	-36.7336
556.139	-0.272964	474.689	0	180	-36.7362
556.119	-0.205253	474.756	0	180	-36.7389
556.098	-0.137542	474.824	0	180	-36.7416
556.077	-0.0698308	474.891	0	180	-36.7443
556.056	-0.00211974	474.959	0	180	-36.747
556.035	0.0655913	475.026	0	180	-36.7497
556.014	0.133302	475.093	0	180	-36.7523
555.993	0.201013	475.161	0	180	-36.755
555.973	0.268724	475.228	0	180	-36.7577
555.952	0.336435	475.295	0	180	-36.7604
555.931	0.404146	475.363	0	180	-36.7631
555.91	0.471857	475.43	0	180	-36.7658
555.889	0.539568	475.498	0	180	-36.7684
555.868	0.607279	475.565	0	180	-36.7711
555.847	0.67499	475.632	0	180	-36.7738
555.826	0.742701	475.7	0	180	-36.7765
555.806	0.810413	475.767	0	180	-36.7792
555.785	0.878124	475.835	0	180	-36.7819
555.764	0.945835	475.902	0	180	-36.7846
555.743	1.01355	475.969	0	180	-36.7872
555.722	1.08126	476.037	0	180	-36.7899
555.701	1.14897	476.104	0	180	-36.7926
555.68	1.21668	476.172	0	180	-36.7953
555.66	1.28439	476.239	0	180	-36.798
555.639	1.3521	476.306	0	180	-36.8007
555.618	1.41981	476.374	0	180	-36.8033
555.597	1.48752	476.441	0	180	-36.806
555.576	1.55523	476.509	0	180	-36.8087
555.555	1.62294	476.576	0	180	-36.8114
555.534	1.69066	476.643	0	180	-36.8141
555.514	1.75837	476.711	0	180	-36.8168
555.493	1.82608	476.778	0	180	-36.8194
555.472	1.89379	476.846	0	180	-36.8221
555.451	1.9615	476.913	0	180	-36.8248
555.43	2.02921	476.98	0	180	-36.8275
555.409	2.09692	477.048	0	180	-36.8302
555.388	2.16463	477.115	0	180	-36.8329
555.367	2.23234	477.183	0	180	-36.8355
555.347	2.30005	477.25	0	180	-36.8382
555.326	2.36777	477.317	0	180	-36.8409
555.305	2.43548	477.385	0	180	-36.8436
555.284	2.50319	477.452	0	180	-36.8463
555.263	2.5709	477.52	0	180	-36.849
555.242	2.63861	477.587	0	180	-36.8516
555.221	2.70632	477.654	0	180	-36.8543
555.201	2.77403	477.722	0	180	-36.857
555.18	2.84174	477.789	0	180	-36.8597
555.159	2.90945	477.857	0	180	-36.8624
555.138	2.97717	477.924	0	180	-36.8651
555.117	3.04488	477.991	0	180	-36.8678
555.096	3.11259	478.059	0	180	-36.8704
555.075	3.1803	478.126	0	180	-36.8731
555.055	3.24801	478.193	0	180	-36.8758
555.034	3.31572	478.261	0	180	-36.8785
555.013	3.38343	478.328	0	180	-36.8812
554.992	3.45114	478.396	0	180	-36.8839
554.971	3.51885	478.463	0	180	-36.8865
554.95	3.58656	478.53	0	180	-36.8892
554.929	3.65428	478.598	0	180	-36.8919
554.909	3.72199	478.665	0	180	-36.8946
554.888	3.7897	478.733	0	180	-36.8973
554.867	3.85741	478.8	0	180	-36.9
554.846	3.92512	478.867	0	180	-36.9026
554.825	3.99283	478.935	0	180	-36.9053
554.804	4.06054	479.002	0	180	-36.908
554.783	4.12825	479.07	0	180	-36.9107
554.762	4.19596	479.137	0	180	-36.9134
554.742	4.26367	479.204	0	180	-36.9161
554.721	4.33139	479.272	0	180	-36.9187
554.7	4.3991	479.339	0	180	-36.9214
554.679	4.46681	479.407	0	180	-36.9241
554.658	4.53452	479.474	0	180	-36.9268
554.637	4.60223	479.541	0	180	-36.9295
554.616	4.66994	479.609	0	180	-36.9322
554.596	4.73765	479.676	0	180	-36.9349
554.575	4.80536	479.744	0	180	-36.9375
554.554	4.87307	479.811	0	180	-36.9402
554.533	4.94078	479.878	0	180	-36.9429
554.512	5.0085	479.946	0	180	-36.9456
554.491	5.07621	480.013	0	180	-36.9483
554.47	5.14392	480.081	0	180	-36.951
554.45	5.21163	480.148	0	180	-36.9536
554.429	5.27934	480.215	0	180	-36.9563
554.408	5.34705	480.283	0	180	-36.959
554.387	5.41476	480.35	0	180	-36.9617
554.366	5.48247	480.418	0	180	-36.9644
554.345	5.55018	480.485	0	180	-36.9671
554.324	5.61789	480.552	0	180	-36.9697
554.304	5.68561	480.62	0	180	-36.9724
554.283	5.75332	480.687	0	180	-36.9751
554.262	5.82103	480.755	0	180	-36.9778
554.241	5.88874	480.822	0	180	-36.9805
554.22	5.95645	480.889	0	180	-36.9832
554.199	6.02416	480.957	0	180	-36.9858
554.178	6.09187	481.024	0	180	-36.9885
554.157	6.15958	481.092	0	180	-36.9912
554.137	6.22729	481.159	0	180	-36.9939
554.116	6.29501	481.226	0	180	-36.9966
554.095	6.36272	481.294	0	180	-36.9993
554.074	6.43043	481.361	0	180	-37.002
554.053	6.49814	481.428	0	180	-37.0046
554.032	6.56585	481.496	0	180	-37.0073
554.011	6.63356	481.563	0	180	-37.01
553.991	6.70127	481.631	0	180	-37.0127
553.97	6.76898	481.698	0	180	-37.0154
553.949	6.83669	481.765	0	180	-37.0181
553.928	6.9044	481.833	0	180	-37.0207
553.907	6.97212	481.9	0	180	-37.0234
553.886	7.03983	481.968	0	180	-37.0261
553.865	7.10754	482.035	0	180	-37.0288
553.845	7.17525	482.102	0	180	-37.0315
553.824	7.24296	482.17	0	180	-37.0342
553.803	7.31067	482.237	0	180	-37.0368
553.782	7.37838	482.305	0	180	-37.0395
553.761	7.44609	482.372	0	180	-37.0422
553.74	7.5138	482.439	0	180	-37.0449
553.719	7.58151	482.507	0	180	-37.0476
553.699	7.64923	482.574	0	180	-37.0503
553.678	7.71694	482.642	0	180	-37.0529
553.657	7.78465	482.709	0	180	-37.0556
553.636	7.85236	482.776	0	180	-37.0583
553.615	7.92007	482.844	0	180	-37.061
553.594	7.98778	482.911	0	180	-37.0637
553.573	8.05549	482.979	0	180	-37.0664
553.552	8.1232	483.046	0	180	-37.069
553.532	8.19091	483.113	0	180	-37.0717
553.511	8.25862	483.181	0	180	-37.0744
553.49	8.32634	483.248	0	180	-37.0771
553.469	8.39405	483.316	0	180	-37.0798
553.448	8.46176	483.383	0	180	-37.0825
553.427	8.52947	483.45	0	180	-37.0852
553.406	8.59718	483.518	0	180	-37.0878
553.386	8.66489	483.585	0	180	-37.0905
553.365	8.7326	483.653	0	180	-37.0932
553.344	8.80031	483.72	0	180	-37.0959
553.323	8.86802	483.787	0	180	-37.0986
553.302	8.93573	483.855	0	180	-37.1013
553.281	9.00345	483.922	0	180	-37.1039
553.26	9.07116	483.99	0	180	-37.1066
553.24	9.13887	484.057	0	180	-37.1093
553.219	9.20658	484.124	0	180	-37.112
553.198	9.27429	484.192	0	180	-37.1147
553.177	9.342	484.259	0	180	-37.1174
553.156	9.40971	484.326	0	180	-37.12
553.135	9.47742	484.394	0	180	-37.1227
553.114	9.54513	484.461	0	180	-37.1254
553.093	9.61285	484.529	0	180	-37.1281
553.073	9.68056	484.596	0	180	-37.1308
553.052	9.74827	484.663	0	180	-37.1335
553.031	9.81598	484.731	0	180	-37.1361
553.01	9.88369	484.798	0	180	-37.1388
552.989	9.9514	484.866	0	180	-37.1415
552.968	10.0191	484.933	0	180	-37.1442
552.947	10.0868	485	0	180	-37.1469
552.927	10.1545	485.068	0	180	-37.1496
552.906	10.2222	485.135	0	180	-37.1523
552.885	10.29	485.203	0	180	-37.1549
552.864	10.3577	485.27	0	180	-37.1576
552.843	10.4254	485.337	0	180	-37.1603
552.822	10.4931	485.405	0	180	-37.163
552.801	10.5608	485.472	0	180	-37.1657
552.781	10.6285	485.54	0	180	-37.1684
552.76	10.6962	485.607	0	180	-37.171
552.739	10.7639	485.674	0	180	-37.1737
552.718	10.8316	485.742	0	180	-37.1764
552.697	10.8994	485.809	0	180	-37.1791
552.676	10.9671	485.877	0	180	-37.1818
552.655	11.0348	485.944	0	180	-37.1845
552.635	11.1025	486.011	0	180	-37.1871
552.614	11.1702	486.079	0	180	-37.1898
552.593	11.2379	486.146	0	180	-37.1925
552.572	11.3056	486.214	0	180	-37.1952
552.551	11.3733	486.281	0	180	-37.1979
552.53	11.441	486.348	0	180	-37.2006
552.509	11.5088	486.416	0	180	-37.2032
552.488	11.5765	486.483	0	180	-37.2059
552.468	11.6442	486.551	0	180	-37.2086
552.447	11.7119	486.618	0	180	-37.2113
552.426	11.7796	486.685	0	180	-37.214
552.405	11.8473	486.753	0	180	-37.2167
552.384	11.915	486.82	0	180	-37.2193
552.363	11.9827	486.888	0	180	-37.222
552.342	12.0504	486.955	0	180	-37.2247
552.322	12.1182	487.022	0	180	-37.2274
552.301	12.1859	487.09	0	180	-37.2301
552.28	12.2536	487.157	0	180	-37.2328
552.259	12.3213	487.224	0	180	-37.2355
552.238	12.389	487.292	0	180	-37.2381
552.217	12.4567	487.359	0	180	-37.2408
552.196	12.5244	487.427	0	180	-37.2435
552.176	12.5921	487.494	0	180	-37.2462
552.155	12.6598	487.561	0	180	-37.2489
552.134	12.7276	487.629	0	180	-37.2516
552.113	12.7953	487.696	0	180	-37.2542
552.092	12.863	487.764	0	180	-37.2569
552.071	12.9307	487.831	0	180	-37.2596
552.05	12.9984	487.898	0	180	-37.2623
552.03	13.0661	487.966	0	180	-37.265
552.009	13.1338	488.033	0	180	-37.2677
551.988	13.2015	488.101	0	180	-37.2703
551.967	13.2692	488.168	0	180	-37.273
551.946	13.337	488.235	0	180	-37.2757
551.925	13.4047	488.303	0	180	-37.2784
551.904	13.4724	488.37	0	180	-37.2811
551.883	13.5401	488.438	0	180	-37.2838
551.863	13.6078	488.505	0	180	-37.2864
551.842	13.6755	488.572	0	180	-37.2891
551.821	13.7432	488.64	0	180	-37.2918
551.8	13.8109	488.707	0	180	-37.2945
551.779	13.8786	488.775	0	180	-37.2972
551.758	13.9464	488.842	0	180	-37.2999
551.737	14.0141	488.909	0	180	-37.3026
551.717	14.0818	488.977	0	180	-37.3052
551.696	14.1495	489.044	0	180	-37.3079
551.675	14.2172	489.112	0	180	-37.3106
551.654	14.2849	489.179	0	180	-37.3133
551.633	14.3526	489.246	0	180	-37.316
551.612	14.4203	489.314	0	180	-37.3187
551.591	14.488	489.381	0	180	-37.3213
551.571	14.5557	489.449	0	180	-37.324
551.55	14.6235	489.516	0	180	-37.3267
551.529	14.6912	489.583	0	180	-37.3294
551.508	14.7589	489.651	0	180	-37.3321
551.487	14.8266	489.718	0	180	-37.3348
551.466	14.8943	489.786	0	180	-37.3374
551.445	14.962	489.853	0	180	-37.3401
551.425	15.0297	489.92	0	180	-37.3428
551.404	15.0974	489.988	0	180	-37.3455
551.383	15.1651	490.055	0	180	-37.3482
551.362	15.2329	490.123	0	180	-37.3509
551.341	15.3006	490.19	0	180	-37.3535
551.32	15.3683	490.257	0	180	-37.3562
551.299	15.436	490.325	0	180	-37.3589
551.278	15.5037	490.392	0	180	-37.3616
551.258	15.5714	490.459	0	180	-37.3643
551.237	15.6391	490.527	0	180	-37.367
551.216	15.7068	490.594	0	180	-37.3697
551.195	15.7745	490.662	0	180	-37.3723
551.174	15.8423	490.729	0	180	-37.375
551.153	15.91	490.796	0	180	-37.3777
551.132	15.9777	490.864	0	180	-37.3804
551.112	16.0454	490.931	0	180	-37.3831
551.091	16.1131	490.999	0	180	-37.3858
551.07	16.1808	491.066	0	180	-37.3884
551.049	16.2485	491.133	0	180	-37.3911
551.028	16.3162	491.201	0	180	-37.3938
551.007	16.3839	491.268	0	180	-37.3965
550.986	16.4517	491.336	0	180	-37.3992
550.966	16.5194	491.403	0	180	-37.4019
550.945	16.5871	491.47	0	180	-37.4045
550.924	16.6548	491.538	0	180	-37.4072
550.903	16.7225	491.605	0	180	-37.4099
550.882	16.7902	491.673	0	180	-37.4126
550.861	16.8579	491.74	0	180	-37.4153
550.84	16.9256	491.807	0	180	-37.418
550.819	16.9933	491.875	0	180	-37.4206
550.799	17.0611	491.942	0	180	-37.4233
550.778	17.1288	492.01	0	180	-37.426
550.757	17.1965	492.077	0	180	-37.4287
550.736	17.2642	492.144	0	180	-37.4314
550.715	17.3319	492.212	0	180	-37.4341
550.694	17.3996	492.279	0	180	-37.4367
550.673	17.4673	492.347	0	180	-37.4394
550.653	17.535	492.414	0	180	-37.4421
550.632	17.6027	492.481	0	180	-37.4448
550.611	17.6705	492.549	0	180	-37.4475
550.59	17.7382	492.616	0	180	-37.4502
550.569	17.8059	492.684	0	180	-37.4529
550.548	17.8736	492.751	0	180	-37.4555
550.527	17.9413	492.818	0	180	-37.4582
550.507	18.009	492.886	0	180	-37.4609
550.486	18.0767	492.953	0	180	-37.4636
550.465	18.1444	493.021	0	180	-37.4663
550.444	18.2121	493.088	0	180	-37.469
550.423	18.2799	493.155	0	180	-37.4716
550.402	18.3476	493.223	0	180	-37.4743
550.381	18.4153	493.29	0	180	-37.477
550.361	18.483	493.357	0	180	-37.4797
550.34	18.5507	493.425	0	180	-37.4824
550.319	18.6184	493.492	0	180	-37.4851
550.298	18.6861	493.56	0	180	-37.4877
550.277	18.7538	493.627	0	180	-37.4904
550.256	18.8215	493.694	0	180	-37.4931
550.235	18.8893	493.762	0	180	-37.4958
550.214	18.957	493.829	0	180	-37.4985
550.194	19.0247	493.897	0	180	-37.5012
550.173	19.0924	493.964	0	180	-37.5038
550.152	19.1601	494.031	0	180	-37.5065
550.131	19.2278	494.099	0	180	-37.5092
550.11	19.2955	494.166	0	180	-37.5119
550.089	19.3632	494.234	0	180	-37.5146
550.068	19.4309	494.301	0	180	-37.5173
550.048	19.4987	494.368	0	180	-37.52
550.027	19.5664	494.436	0	180	-37.5226
550.006	19.6341	494.503	0	180	-37.5253
549.985	19.7018	494.571	0	180	-37.528
549.964	19.7695	494.638	0	180	-37.5307
549.943	19.8372	494.705	0	180	-37.5334
549.922	19.9049	494.773	0	180	-37.5361
549.902	19.9726	494.84	0	180	-37.5387
549.881	20.0403	494.908	0	180	-37.5414
549.86	20.1081	494.975	0	180	-37.5441
549.839	20.1758	495.042	0	180	-37.5468
549.818	20.2435	495.11	0	180	-37.5495
549.797	20.3112	495.177	0	180	-37.5522
549.776	20.3789	495.245	0	180	-37.5548
549.756	20.4466	495.312	0	180	-37.5575
549.735	20.5143	495.379	0	180	-37.5602
549.714	20.582	495.447	0	180	-37.5629
549.693	20.6497	495.514	0	180	-37.5656
549.672	20.7175	495.582	0	180	-37.5683
549.651	20.7852	495.649	0	180	-37.5709
549.63	20.8529	495.716	0	180	-37.5736
549.609	20.9206	495.784	0	180	-37.5763
549.589	20.9883	495.851	0	180	-37.579
549.568	21.056	495.919	0	180	-37.5817
549.547	21.1237	495.986	0	180	-37.5844
549.526	21.1914	496.053	0	180	-37.5871
549.505	21.2591	496.121	0	180	-37.5897
549.484	21.3269	496.188	0	180	-37.5924
549.463	21.3946	496.255	0	180	-37.5951
549.443	21.4623	496.323	0	180	-37.5978
549.422	21.53	496.39	0	180	-37.6005
549.401	21.5977	496.458	0	180	-37.6032
549.38	21.6654	496.525	0	180	-37.6058
549.359	21.7331	496.592	0	180	-37.6085
549.338	21.8008	496.66	0	180	-37.6112
549.317	21.8685	496.727	0	180	-37.6139
549.297	21.9363	496.795	0	180	-37.6166
549.276	22.004	496.862	0	180	-37.6193
549.255	22.0717	496.929	0	180	-37.6219
549.234	22.1394	496.997	0	180	-37.6246
549.213	22.2071	497.064	0	180	-37.6273
549.192	22.2748	497.132	0	180	-37.63
549.171	22.3425	497.199	0	180	-37.6327
549.15	22.4102	497.266	0	180	-37.6354
549.13	22.4779	497.334	0	180	-37.638
549.109	22.5457	497.401	0	180	-37.6407
549.088	22.6134	497.469	0	180	-37.6434
549.067	22.6811	497.536	0	180	-37.6461
549.046	22.7488	497.603	0	180	-37.6488
549.025	22.8165	497.671	0	180	-37.6515
549.004	22.8842	497.738	0	180	-37.6541
548.984	22.9519	497.806	0	180	-37.6568
548.963	23.0196	497.873	0	180	-37.6595
548.942	23.0873	497.94	0	180	-37.6622
548.921	23.155	498.008	0	180	-37.6649
548.9	23.2228	498.075	0	180	-37.6676
548.879	23.2905	498.143	0	180	-37.6703
548.858	23.3582	498.21	0	180	-37.6729
548.838	23.4259	498.277	0	180	-37.6756
548.817	23.4936	498.345	0	180	-37.6783
548.796	23.5613	498.412	0	180	-37.681
548.775	23.629	498.48	0	180	-37.6837
548.754	23.6967	498.547	0	180	-37.6864
548.733	23.7644	498.614	0	180	-37.689
548.712	23.8322	498.682	0	180	-37.6917
548.692	23.8999	498.749	0	180	-37.6944
548.671	23.9676	498.817	0	180	-37.6971
548.65	24.0353	498.884	0	180	-37.6998
548.629	24.103	498.951	0	180	-37.7025
548.608	24.1707	499.019	0	180	-37.7051
548.587	24.2384	499.086	0	180	-37.7078
548.566	24.3061	499.154	0	180	-37.7105
548.545	24.3738	499.221	0	180	-37.7132
548.525	24.4416	499.288	0	180	-37.7159
548.504	24.5093	499.356	0	180	-37.7186
548.483	24.577	499.423	0	180	-37.7212
548.462	24.6447	499.49	0	180	-37.7239
548.441	24.7124	499.558	0	180	-37.7266
548.42	24.7801	499.625	0	180	-37.7293
548.399	24.8478	499.693	0	180	-37.732
548.379	24.9155	499.76	0	180	-37.7347
548.358	24.9832	499.827	0	180	-37.7374
548.337	25.051	499.895	0	180	-37.74
548.316	25.1187	499.962	0	180	-37.7427
548.295	25.1864	500.03	0	180	-37.7454
548.274	25.2541	500.097	0	180	-37.7481
548.253	25.3218	500.164	0	180	-37.7508
548.233	25.3895	500.232	0	180	-37.7535
548.212	25.4572	500.299	0	180	-37.7561
548.191	25.5249	500.367	0	180	-37.7588
548.17	25.5926	500.434	0	180	-37.7615
548.149	25.6604	500.501	0	180	-37.7642
548.128	25.7281	500.569	0	180	-37.7669
548.107	25.7958	500.636	0	180	-37.7696
548.087	25.8635	500.704	0	180	-37.7722
548.066	25.9312	500.771	0	180	-37.7749
548.045	25.9989	500.838	0	180	-37.7776
548.024	26.0666	500.906	0	180	-37.7803
548.003	26.1343	500.973	0	180	-37.783
547.982	26.202	501.041	0	180	-37.7857
547.961	26.2698	501.108	0	180	-37.7883
547.94	26.3375	501.175	0	180	-37.791
547.92	26.4052	501.243	0	180	-37.7937
547.899	26.4729	501.31	0	180	-37.7964
547.878	26.5406	501.378	0	180	-37.7991
547.857	26.6083	501.445	0	180	-37.8018
547.836	26.676	501.512	0	180	-37.8045
547.815	26.7437	501.58	0	180	-37.8071
547.794	26.8114	501.647	0	180	-37.8098
547.774	26.8792	501.715	0	180	-37.8125
547.753	26.9469	501.782	0	180	-37.8152
547.732	27.0146	501.849	0	180	-37.8179
547.711	27.0823	501.917	0	180	-37.8206
547.69	27.15	501.984	0	180	-37.8232
547.669	27.2177	502.052	0	180	-37.8259
547.648	27.2854	502.119	0	180	-37.8286
547.628	27.3531	502.186	0	180	-37.8313
547.607	27.4208	502.254	0	180	-37.834
547.586	27.4886	502.321	0	180	-37.8367
547.565	27.5563	502.388	0	180	-37.8393
547.544	27.624	502.456	0	180	-37.842
547.523	27.6917	502.523	0	180	-37.8447
547.502	27.7594	502.591	0	180	-37.8474
547.482	27.8271	502.658	0	180	-37.8501
547.461	27.8948	502.725	0	180	-37.8528
547.44	27.9625	502.793	0	180	-37.8554
547.419	28.0302	502.86	0	180	-37.8581
547.398	28.098	502.928	0	180	-37.8608
547.377	28.1657	502.995	0	180	-37.8635
547.356	28.2334	503.062	0	180	-37.8662
547.335	28.3011	503.13	0	180	-37.8689
547.315	28.3688	503.197	0	180	-37.8715
547.294	28.4365	503.265	0	180	-37.8742
547.273	28.5042	503.332	0	180	-37.8769
547.252	28.5719	503.399	0	180	-37.8796
547.231	28.6396	503.467	0	180	-37.8823
547.21	28.7074	503.534	0	180	-37.885
547.189	28.7751	503.602	0	180	-37.8877
547.169	28.8428	503.669	0	180	-37.8903
547.148	28.9105	503.736	0	180	-37.893
547.127	28.9782	503.804	0	180	-37.8957
547.106	29.0459	503.871	0	180	-37.8984
547.085	29.1136	503.939	0	180	-37.9011
547.064	29.1813	504.006	0	180	-37.9038
547.043	29.249	504.073	0	180	-37.9064
547.023	29.3168	504.141	0	180	-37.9091
547.002	29.3845	504.208	0	180	-37.9118
546.981	29.4522	504.276	0	180	-37.9145
546.96	29.5199	504.343	0	180	-37.9172
546.939	29.5876	504.41	0	180	-37.9199
546.918	29.6553	504.478	0	180	-37.9225
546.897	29.723	504.545	0	180	-37.9252
546.876	29.7907	504.613	0	180	-37.9279
546.856	29.8584	504.68	0	180	-37.9306
546.835	29.9262	504.747	0	180	-37.9333
546.814	29.9939	504.815	0	180	-37.936
546.793	30.0616	504.882	0	180	-37.9386
546.772	30.1293	504.95	0	180	-37.9413
546.751	30.197	505.017	0	180	-37.944
546.73	30.2647	505.084	0	180	-37.9467
546.71	30.3324	505.152	0	180	-37.9494
546.689	30.4001	505.219	0	180	-37.9521
546.668	30.4678	505.287	0	180	-37.9548
546.647	30.5356	505.354	0	180	-37.9574
546.626	30.6033	505.421	0	180	-37.9601
546.605	30.671	505.489	0	180	-37.9628
546.584	30.7387	505.556	0	180	-37.9655
546.564	30.8064	505.623	0	180	-37.9682
546.543	30.8741	505.691	0	180	-37.9709
546.522	30.9418	505.758	0	180	-37.9735
546.501	31.0095	505.826	0	180	-37.9762
546.48	31.0772	505.893	0	180	-37.9789
546.459	31.1449	505.96	0	180	-37.9816
546.438	31.2127	506.028	0	180	-37.9843
546.418	31.2804	506.095	0	180	-37.987
546.397	31.3481	506.163	0	180	-37.9896
546.376	31.4158	506.23	0	180	-37.9923
546.355	31.4835	506.297	0	180	-37.995
546.334	31.5512	506.365	0	180	-37.9977
546.313	31.6189	506.432	0	180	-38.0004
546.292	31.6866	506.5	0	180	-38.0031
546.271	31.7543	506.567	0	180	-38.0057
546.251	31.8221	506.634	0	180	-38.0084
546.23	31.8898	506.702	0	180	-38.0111
546.209	31.9575	506.769	0	180	-38.0138
546.188	32.0252	506.837	0	180	-38.0165
546.167	32.0929	506.904	0	180	-38.0192
546.146	32.1606	506.971	0	180	-38.0219
546.125	32.2283	507.039	0	180	-38.0245
546.105	32.296	507.106	0	180	-38.0272
546.084	32.3637	507.174	0	180	-38.0299
546.063	32.4315	507.241	0	180	-38.0326
546.042	32.4992	507.308	0	180	-38.0353
546.021	32.5669	507.376	0	180	-38.038
546	32.6346	507.443	0	180	-38.0406
545.979	32.7023	507.511	0	180	-38.0433
545.959	32.77	507.578	0	180	-38.046
545.938	32.8377	507.645	0	180	-38.0487
545.917	32.9054	507.713	0	180	-38.0514
545.896	32.9731	507.78	0	180	-38.0541
545.875	33.0409	507.848	0	180	-38.0567
545.854	33.1086	507.915	0	180	-38.0594
545.833	33.1763	507.982	0	180	-38.0621
545.813	33.244	508.05	0	180	-38.0648
545.792	33.3117	508.117	0	180	-38.0675
545.771	33.3794	508.185	0	180	-38.0702
545.75	33.4471	508.252	0	180	-38.0728
545.729	33.5148	508.319	0	180	-38.0755
545.708	33.5825	508.387	0	180	-38.0782
545.687	33.6503	508.454	0	180	-38.0809
545.666	33.718	508.521	0	180	-38.0836
545.646	33.7857	508.589	0	180	-38.0863
545.625	33.8534	508.656	0	180	-38.0889
545.604	33.9211	508.724	0	180	-38.0916
545.583	33.9888	508.791	0	180	-38.0943
545.562	34.0565	508.858	0	180	-38.097
545.541	34.1242	508.926	0	180	-38.0997
545.52	34.1919	508.993	0	180	-38.1024
545.5	34.2597	509.061	0	180	-38.1051
545.479	34.3274	509.128	0	180	-38.1077
545.458	34.3951	509.195	0	180	-38.1104
545.437	34.4628	509.263	0	180	-38.1131
545.416	34.5305	509.33	0	180	-38.1158
545.395	34.5982	509.398	0	180	-38.1185
545.374	34.6659	509.465	0	180	-38.1212
545.354	34.7336	509.532	0	180	-38.1238
545.333	34.8013	509.6	0	180	-38.1265
545.312	34.8691	509.667	0	180	-38.1292
545.291	34.9368	509.735	0	180	-38.1319
545.27	35.0045	509.802	0	180	-38.1346
545.249	35.0722	509.869	0	180	-38.1373
545.228	35.1399	509.937	0	180	-38.1399
545.208	35.2076	510.004	0	180	-38.1426
545.187	35.2753	510.072	0	180	-38.1453
545.166	35.343	510.139	0	180	-38.148
545.145	35.4107	510.206	0	180	-38.1507
545.124	35.4785	510.274	0	180	-38.1534
545.103	35.5462	510.341	0	180	-38.156
545.082	35.6139	510.409	0	180	-38.1587
545.061	35.6816	510.476	0	180	-38.1614
545.041	35.7493	510.543	0	180	-38.1641
545.02	35.817	510.611	0	180	-38.1668
544.999	35.8847	510.678	0	180	-38.1695
544.978	35.9524	510.746	0	180	-38.1722
544.957	36.0201	510.813	0	180	-38.1748
544.936	36.0879	510.88	0	180	-38.1775
544.915	36.1556	510.948	0	180	-38.1802
544.895	36.2233	511.015	0	180	-38.1829
544.874	36.291	511.083	0	180	-38.1856
544.853	36.3587	511.15	0	180	-38.1883
544.832	36.4264	511.217	0	180	-38.1909
544.811	36.4941	511.285	0	180	-38.1936
544.79	36.5618	511.352	0	180	-38.1963
544.769	36.6295	511.419	0	180	-38.199
544.749	36.6973	511.487	0	180	-38.2017
544.728	36.765	511.554	0	180	-38.2044
544.707	36.8327	511.622	0	180	-38.207
544.686	36.9004	511.689	0	180	-38.2097
544.665	36.9681	511.756	0	180	-38.2124
544.644	37.0358	511.824	0	180	-38.2151
544.623	37.1035	511.891	0	180	-38.2178
544.602	37.1712	511.959	0	180	-38.2205
544.582	37.2389	512.026	0	180	-38.2231
544.561	37.3067	512.093	0	180	-38.2258
544.54	37.3744	512.161	0	180	-38.2285
544.519	37.4421	512.228	0	180	-38.2312
544.498	37.5098	512.296	0	180	-38.2339
544.477	37.5775	512.363	0	180	-38.2366
544.456	37.6452	512.43	0	180	-38.2393
544.436	37.7129	512.498	0	180	-38.2419
544.415	37.7806	512.565	0	180	-38.2446
544.394	37.8483	512.633	0	180	-38.2473
544.373	37.9161	512.7	0	180	-38.25
544.352	37.9838	512.767	0	180	-38.2527
544.331	38.0515	512.835	0	180	-38.2554
544.31	38.1192	512.902	0	180	-38.258
544.29	38.1869	512.97	0	180	-38.2607
544.269	38.2546	513.037	0	180	-38.2634
544.248	38.3223	513.104	0	180	-38.2661
544.227	38.39	513.172	0	180	-38.2688
544.206	38.4577	513.239	0	180	-38.2715
544.185	38.5255	513.307	0	180	-38.2741
544.164	38.5932	513.374	0	180	-38.2768
544.144	38.6609	513.441	0	180	-38.2795
544.123	38.7286	513.509	0	180	-38.2822
544.102	38.7963	513.576	0	180	-38.2849
544.081	38.864	513.644	0	180	-38.2876
544.06	38.9317	513.711	0	180	-38.2902
544.039	38.9994	513.778	0	180	-38.2929
544.018	39.0671	513.846	0	180	-38.2956
543.997	39.1348	513.913	0	180	-38.2983
543.977	39.2026	513.981	0	180	-38.301
543.956	39.2703	514.048	0	180	-38.3037
543.935	39.338	514.115	0	180	-38.3063
543.914	39.4057	514.183	0	180	-38.309
543.893	39.4734	514.25	0	180	-38.3117
543.872	39.5411	514.318	0	180	-38.3144
543.851	39.6088	514.385	0	180	-38.3171
543.831	39.6765	514.452	0	180	-38.3198
543.81	39.7442	514.52	0	180	-38.3225
543.789	39.812	514.587	0	180	-38.3251
543.768	39.8797	514.654	0	180	-38.3278
543.747	39.9474	514.722	0	180	-38.3305
543.726	40.0151	514.789	0	180	-38.3332
543.705	40.0828	514.857	0	180	-38.3359
543.685	40.1505	514.924	0	180	-38.3386
543.664	40.2182	514.991	0	180	-38.3412
543.643	40.2859	515.059	0	180	-38.3439
543.622	40.3536	515.126	0	180	-38.3466
543.601	40.4214	515.194	0	180	-38.3493
543.58	40.4891	515.261	0	180	-38.352
543.559	40.5568	515.328	0	180	-38.3547
543.539	40.6245	515.396	0	180	-38.3573
543.518	40.6922	515.463	0	180	-38.36
543.497	40.7599	515.531	0	180	-38.3627
543.476	40.8276	515.598	0	180	-38.3654
543.455	40.8953	515.665	0	180	-38.3681
543.434	40.963	515.733	0	180	-38.3708
543.413	41.0308	515.8	0	180	-38.3734
543.392	41.0985	515.868	0	180	-38.3761
543.372	41.1662	515.935	0	180	-38.3788
543.351	41.2339	516.002	0	180	-38.3815
543.33	41.3016	516.07	0	180	-38.3842
543.309	41.3693	516.137	0	180	-38.3869
543.288	41.437	516.205	0	180	-38.3896
543.267	41.5047	516.272	0	180	-38.3922
543.246	41.5724	516.339	0	180	-38.3949
543.226	41.6402	516.407	0	180	-38.3976
543.205	41.7079	516.474	0	180	-38.4003
543.184	41.7756	516.542	0	180	-38.403
543.163	41.8433	516.609	0	180	-38.4057
543.142	41.911	516.676	0	180	-38.4083
543.121	41.9787	516.744	0	180	-38.411
543.1	42.0464	516.811	0	180	-38.4137
543.08	42.1141	516.879	0	180	-38.4164
543.059	42.1818	516.946	0	180	-38.4191
543.038	42.2496	517.013	0	180	-38.4218
543.017	42.3173	517.081	0	180	-38.4244
542.996	42.385	517.148	0	180	-38.4271
542.975	42.4527	517.216	0	180	-38.4298
542.954	42.5204	517.283	0	180	-38.4325
542.933	42.5881	517.35	0	180	-38.4352
542.913	42.6558	517.418	0	180	-38.4379
542.892	42.7235	517.485	0	180	-38.4405
542.871	42.7912	517.552	0	180	-38.4432
542.85	42.859	517.62	0	180	-38.4459
542.829	42.9267	517.687	0	180	-38.4486
542.808	42.9944	517.755	0	180	-38.4513
542.787	43.0621	517.822	0	180	-38.454
542.767	43.1298	517.889	0	180	-38.4566
542.746	43.1975	517.957	0	180	-38.4593
542.725	43.2652	518.024	0	180	-38.462
542.704	43.3329	518.092	0	180	-38.4647
542.683	43.4006	518.159	0	180	-38.4674
542.662	43.4684	518.226	0	180	-38.4701
542.641	43.5361	518.294	0	180	-38.4728
542.621	43.6038	518.361	0	180	-38.4754
542.6	43.6715	518.429	0	180	-38.4781
542.579	43.7392	518.496	0	180	-38.4808
542.558	43.8069	518.563	0	180	-38.4835
542.537	43.8746	518.631	0	180	-38.4862
542.516	43.9423	518.698	0	180	-38.4889
542.495	44.01	518.766	0	180	-38.4915
542.475	44.0778	518.833	0	180	-38.4942
542.454	44.1455	518.9	0	180	-38.4969
542.433	44.2132	518.968	0	180	-38.4996
542.412	44.2809	519.035	0	180	-38.5023
542.391	44.3486	519.103	0	180	-38.505
542.37	44.4163	519.17	0	180	-38.5076
542.349	44.484	519.237	0	180	-38.5103
542.328	44.5517	519.305	0	180	-38.513
542.308	44.6194	519.372	0	180	-38.5157
542.287	44.6872	519.44	0	180	-38.5184
542.266	44.7549	519.507	0	180	-38.5211
542.245	44.8226	519.574	0	180	-38.5237
542.224	44.8903	519.642	0	180	-38.5264
542.203	44.958	519.709	0	180	-38.5291
542.182	45.0257	519.777	0	180	-38.5318
542.162	45.0934	519.844	0	180	-38.5345
542.141	45.1611	519.911	0	180	-38.5372
542.12	45.2288	519.979	0	180	-38.5399
542.099	45.2966	520.046	0	180	-38.5425
542.078	45.3643	520.114	0	180	-38.5452
542.057	45.432	520.181	0	180	-38.5479
542.036	45.4997	520.248	0	180	-38.5506
542.016	45.5674	520.316	0	180	-38.5533
541.995	45.6351	520.383	0	180	-38.556
541.974	45.7028	520.45	0	180	-38.5586
541.953	45.7705	520.518	0	180	-38.5613
541.932	45.8382	520.585	0	180	-38.564
541.911	45.906	520.653	0	180	-38.5667
541.89	45.9737	520.72	0	180	-38.5694
541.87	46.0414	520.787	0	180	-38.5721
541.849	46.1091	520.855	0	180	-38.5747
541.828	46.1768	520.922	0	180	-38.5774
541.807	46.2445	520.99	0	180	-38.5801
541.786	46.3122	521.057	0	180	-38.5828
541.765	46.3799	521.124	0	180	-38.5855
541.744	46.4476	521.192	0	180	-38.5882
541.723	46.5154	521.259	0	180	-38.5908
541.703	46.5831	521.327	0	180	-38.5935
541.682	46.6508	521.394	0	180	-38.5962
541.661	46.7185	521.461	0	180	-38.5989
541.64	46.7862	521.529	0	180	-38.6016
541.619	46.8539	521.596	0	180	-38.6043
541.598	46.9216	521.664	0	180	-38.607
541.577	46.9893	521.731	0	180	-38.6096
541.557	47.057	521.798	0	180	-38.6123
541.536	47.1248	521.866	0	180	-38.615
541.515	47.1925	521.933	0	180	-38.6177
541.494	47.2602	522.001	0	180	-38.6204
541.473	47.3279	522.068	0	180	-38.6231
541.452	47.3956	522.135	0	180	-38.6257
541.431	47.4633	522.203	0	180	-38.6284
541.411	47.531	522.27	0	180	-38.6311
541.39	47.5987	522.338	0	180	-38.6338
541.369	47.6664	522.405	0	180	-38.6365
541.348	47.7341	522.472	0	180	-38.6392
541.327	47.8019	522.54	0	180	-38.6418
541.306	47.8696	522.607	0	180	-38.6445
541.285	47.9373	522.675	0	180	-38.6472
541.265	48.005	522.742	0	180	-38.6499
541.244	48.0727	522.809	0	180	-38.6526
541.223	48.1404	522.877	0	180	-38.6553
541.202	48.2081	522.944	0	180	-38.6579
541.181	48.2758	523.012	0	180	-38.6606
541.16	48.3435	523.079	0	180	-38.6633
541.139	48.4113	523.146	0	180	-38.666
541.118	48.479	523.214	0	180	-38.6687
541.098	48.5467	523.281	0	180	-38.6714
541.077	48.6144	523.349	0	180	-38.674
541.056	48.6821	523.416	0	180	-38.6767
541.035	48.7498	523.483	0	180	-38.6794
541.014	48.8175	523.551	0	180	-38.6821
540.993	48.8852	523.618	0	180	-38.6848
540.972	48.9529	523.685	0	180	-38.6875
540.952	49.0207	523.753	0	180	-38.6902
540.931	49.0884	523.82	0	180	-38.6928
540.91	49.1561	523.888	0	180	-38.6955
540.889	49.2238	523.955	0	180	-38.6982
540.868	49.2915	524.022	0	180	-38.7009
540.847	49.3592	524.09	0	180	-38.7036
540.826	49.4269	524.157	0	180	-38.7063
540.806	49.4946	524.225	0	180	-38.7089
540.785	49.5623	524.292	0	180	-38.7116
540.764	49.6301	524.359	0	180	-38.7143
540.743	49.6978	524.427	0	180	-38.717
540.722	49.7655	524.494	0	180	-38.7197
540.701	49.8332	524.562	0	180	-38.7224
540.68	49.9009	524.629	0	180	-38.725
540.659	49.9686	524.696	0	180	-38.7277
540.639	50.0363	524.764	0	180	-38.7304
540.618	50.104	524.831	0	180	-38.7331
540.597	50.1717	524.899	0	180	-38.7358
540.576	50.2395	524.966	0	180	-38.7385
540.555	50.3072	525.033	0	180	-38.7411
540.534	50.3749	525.101	0	180	-38.7438
540.513	50.4426	525.168	0	180	-38.7465
540.493	50.5103	525.236	0	180	-38.7492
540.472	50.578	525.303	0	180	-38.7519
540.451	50.6457	525.37	0	180	-38.7546
540.43	50.7134	525.438	0	180	-38.7573
540.409	50.7811	525.505	0	180	-38.7599
540.388	50.8489	525.573	0	180	-38.7626
540.367	50.9166	525.64	0	180	-38.7653
540.347	50.9843	525.707	0	180	-38.768
540.326	51.052	525.775	0	180	-38.7707
540.305	51.1197	525.842	0	180	-38.7734
540.284	51.1874	525.91	0	180	-38.776
540.263	51.2551	525.977	0	180	-38.7787
540.242	51.3228	526.044	0	180	-38.7814
540.221	51.3905	526.112	0	180	-38.7841
540.201	51.4583	526.179	0	180	-38.7868
540.18	51.526	526.247	0	180	-38.7895
540.159	51.5937	526.314	0	180	-38.7921
540.138	51.6614	526.381	0	180	-38.7948
540.117	51.7291	526.449	0	180	-38.7975
540.096	51.7968	526.516	0	180	-38.8002
540.075	51.8645	526.583	0	180	-38.8029
540.054	51.9322	526.651	0	180	-38.8056
540.034	51.9999	526.718	0	180	-38.8082
540.013	52.0677	526.786	0	180	-38.8109
539.992	52.1354	526.853	0	180	-38.8136
539.971	52.2031	526.92	0	180	-38.8163
539.95	52.2708	526.988	0	180	-38.819
539.929	52.3385	527.055	0	180	-38.8217
539.908	52.4062	527.123	0	180	-38.8244
539.888	52.4739	527.19	0	180	-38.827
539.867	52.5416	527.257	0	180	-38.8297
539.846	52.6093	527.325	0	180	-38.8324
539.825	52.6771	527.392	0	180	-38.8351
539.804	52.7448	527.46	0	180	-38.8378
539.783	52.8125	527.527	0	180	-38.8405
539.762	52.8802	527.594	0	180	-38.8431
539.742	52.9479	527.662	0	180	-38.8458
539.721	53.0156	527.729	0	180	-38.8485
539.7	53.0833	527.797	0	180	-38.8512
539.679	53.151	527.864	0	180	-38.8539
539.658	53.2187	527.931	0	180	-38.8566
539.637	53.2865	527.999	0	180	-38.8592
539.616	53.3542	528.066	0	180	-38.8619
539.596	53.4219	528.134	0	180	-38.8646
539.575	53.4896	528.201	0	180	-38.8673
539.554	53.5573	528.268	0	180	-38.87
539.533	53.625	528.336	0	180	-38.8727
539.512	53.6927	528.403	0	180	-38.8753
539.491	53.7604	528.471	0	180	-38.878
539.47	53.8281	528.538	0	180	-38.8807
539.449	53.8959	528.605	0	180	-38.8834
539.429	53.9636	528.673	0	180	-38.8861
539.408	54.0313	528.74	0	180	-38.8888
539.387	54.099	528.808	0	180	-38.8914
539.366	54.1667	528.875	0	180	-38.8941
539.345	54.2344	528.942	0	180	-38.8968
539.324	54.3021	529.01	0	180	-38.8995
539.303	54.3698	529.077	0	180	-38.9022
539.283	54.4375	529.144	0	180	-38.9049
539.262	54.5053	529.209	0	180	-38.9076
539.241	54.573	529.274	0	180	-38.9102
539.22	54.6407	529.338	0	180	-38.9129
539.199	54.7084	529.401	0	180	-38.9156
539.178	54.7761	529.462	0	180	-38.9183
539.157	54.8438	529.523	0	180	-38.921
539.137	54.9115	529.583	0	180	-38.9237
539.116	54.9792	529.641	0	180	-38.9263
539.095	55.0469	529.699	0	180	-38.929
539.074	55.1147	529.756	0	180	-38.9317
539.053	55.1824	529.811	0	180	-38.9344
539.032	55.2501	529.866	0	180	-38.9371
539.011	55.3178	529.92	0	180	-38.9398
538.991	55.3855	529.972	0	180	-38.9424
538.97	55.4532	530.024	0	180	-38.9451
538.949	55.5209	530.075	0	180	-38.9478
538.928	55.5886	530.124	0	180	-38.9505
538.907	55.6563	530.173	0	180	-38.9532
538.886	55.724	530.221	0	180	-38.9559
538.865	55.7918	530.267	0	180	-38.9585
538.844	55.8595	530.313	0	180	-38.9612
538.824	55.9272	530.358	0	180	-38.9639
538.803	55.9949	530.401	0	180	-38.9666
538.782	56.0626	530.444	0	180	-38.9693
538.761	56.1303	530.486	0	180	-38.972
538.74	56.198	530.526	0	180	-38.9747
538.719	56.2657	530.566	0	180	-38.9773
538.698	56.3334	530.605	0	180	-38.98
538.678	56.4012	530.643	0	180	-38.9827
538.657	56.4689	530.679	0	180	-38.9854
538.636	56.5366	530.715	0	180	-38.9881
538.615	56.6043	530.75	0	180	-38.9908
538.594	56.672	530.783	0	180	-38.9934
538.573	56.7397	530.816	0	180	-38.9961
538.552	56.8074	530.848	0	180	-38.9988
538.532	56.8751	530.878	0	180	-39.0015
538.511	56.9428	530.908	0	180	-39.0042
538.49	57.0106	530.937	0	180	-39.0069
538.469	57.0783	530.964	0	180	-39.0095
538.448	57.146	530.991	0	180	-39.0122
538.427	57.2137	531.017	0	180	-39.0149
538.406	57.2814	531.041	0	180	-39.0176
538.385	57.3491	531.065	0	180	-39.0203
538.365	57.4168	531.088	0	180	-39.023
538.344	57.4845	531.109	0	180	-39.0256
538.323	57.5522	531.13	0	180	-39.0283
538.302	57.62	531.15	0	180	-39.031
538.281	57.6877	531.168	0	180	-39.0337
538.26	57.7554	531.186	0	180	-39.0364
538.239	57.8231	531.203	0	180	-39.0391
538.219	57.8908	531.219	0	180	-39.0418
538.198	57.9585	531.233	0	180	-39.0444
538.177	58.0262	531.247	0	180	-39.0471
538.156	58.0939	531.26	0	180	-39.0498
538.135	58.1616	531.271	0	180	-39.0525
538.114	58.2294	531.282	0	180	-39.0552
538.093	58.2971	531.292	0	180	-39.0579
538.073	58.3648	531.3	0	180	-39.0605
538.052	58.4325	531.308	0	180	-39.0632
538.031	58.5002	531.315	0	180	-39.0659
538.01	58.5679	531.32	0	180	-39.0686
537.989	58.6356	531.325	0	180	-39.0713
537.968	58.7033	531.329	0	180	-39.074
537.947	58.771	531.331	0	180	-39.0766
537.927	58.8388	531.333	0	180	-39.0793
537.906	58.9065	531.334	0	180	-39.082
537.885	58.9742	531.333	0	180	-39.0847
537.864	59.0419	531.332	0	180	-39.0874
537.843	59.1096	531.33	0	180	-39.0901
537.822	59.1773	531.326	0	180	-39.0927
537.801	59.245	531.322	0	180	-39.0954
537.78	59.3127	531.317	0	180	-39.0981
537.76	59.3804	531.311	0	180	-39.1008
537.739	59.4482	531.303	0	180	-39.1035
537.718	59.5159	531.295	0	180	-39.1062
537.697	59.5836	531.286	0	180	-39.1088
537.676	59.6513	531.275	0	180	-39.1115
537.655	59.719	531.264	0	180	-39.1142
537.634	59.7867	531.252	0	180	-39.1169
537.614	59.8544	531.238	0	180	-39.1196
537.593	59.9221	531.224	0	180	-39.1223
537.572	59.9898	531.209	0	180	-39.125
537.551	60.0576	531.192	0	180	-39.1276
537.53	60.1253	531.175	0	180	-39.1303
537.509	60.193	531.157	0	180	-39.133
537.488	60.2607	531.137	0	180	-39.1357
537.468	60.3289	531.117	0	180	-39.1382
537.447	60.3981	531.096	0	180	-39.14
537.426	60.4676	531.073	0	180	-39.1418
537.405	60.537	531.05	0	180	-39.1436
537.384	60.6065	531.026	0	180	-39.1454
537.363	60.676	531	0	180	-39.1472
537.342	60.7454	530.974	0	180	-39.149
537.321	60.8149	530.947	0	180	-39.1507
537.3	60.8844	530.919	0	180	-39.1525
537.279	60.9539	530.889	0	180	-39.1543
537.258	61.0233	530.859	0	180	-39.1561
537.237	61.0928	530.828	0	180	-39.1579
537.216	61.1623	530.795	0	180	-39.1596
537.195	61.2318	530.762	0	180	-39.1614
537.174	61.3012	530.728	0	180	-39.1632
537.153	61.3707	530.692	0	180	-39.165
537.132	61.4402	530.656	0	180	-39.1668
537.111	61.5097	530.619	0	180	-39.1685
537.091	61.5791	530.58	0	180	-39.1703
537.07	61.6486	530.541	0	180	-39.1721
537.049	61.7181	530.501	0	180	-39.1739
537.028	61.7876	530.459	0	180	-39.1757
537.007	61.857	530.417	0	180	-39.1775
536.986	61.9265	530.374	0	180	-39.1792
536.965	61.996	530.329	0	180	-39.181
536.944	62.0654	530.284	0	180	-39.1828
536.923	62.1349	530.238	0	180	-39.1846
536.902	62.2044	530.19	0	180	-39.1864
536.881	62.2739	530.142	0	180	-39.1881
536.86	62.3433	530.093	0	180	-39.1899
536.839	62.4128	530.043	0	180	-39.1917
536.818	62.4823	529.991	0	180	-39.1935
536.797	62.5518	529.939	0	180	-39.1953
536.776	62.6212	529.886	0	180	-39.197
536.755	62.6907	529.831	0	180	-39.1988
536.735	62.7602	529.776	0	180	-39.2006
536.714	62.8297	529.72	0	180	-39.2024
536.693	62.8991	529.662	0	180	-39.2042
536.672	62.9686	529.604	0	180	-39.206
536.651	63.0381	529.545	0	180	-39.2077
536.63	63.1076	529.484	0	180	-39.2095
536.609	63.177	529.423	0	180	-39.2113
536.588	63.2465	529.361	0	180	-39.2131
536.567	63.316	529.297	0	180	-39.2149
536.546	63.3854	529.233	0	180	-39.2166
536.525	63.4549	529.168	0	180	-39.2184
536.504	63.5244	529.101	0	180	-39.2202
536.483	63.5939	529.034	0	180	-39.222
536.462	63.6633	528.966	0	180	-39.2238
536.441	63.7328	528.896	0	180	-39.2255
536.42	63.8023	528.826	0	180	-39.2273
536.399	63.8718	528.755	0	180	-39.2291
536.378	63.9412	528.682	0	180	-39.2309
536.358	64.0107	528.609	0	180	-39.2327
536.337	64.0802	528.535	0	180	-39.2345
536.316	64.1497	528.46	0	180	-39.2362
536.295	64.2191	528.383	0	180	-39.238
536.274	64.2886	528.306	0	180	-39.2398
536.253	64.3581	528.228	0	180	-39.2416
536.232	64.4276	528.148	0	180	-39.2434
536.211	64.497	528.068	0	180	-39.2451
536.19	64.5665	527.987	0	180	-39.2469
536.169	64.636	527.904	0	180	-39.2487
536.148	64.7054	527.821	0	180	-39.2505
536.127	64.7749	527.737	0	180	-39.2523
536.106	64.8444	527.651	0	180	-39.254
536.085	64.9139	527.565	0	180	-39.2558
536.064	64.9833	527.478	0	180	-39.2576
536.043	65.0528	527.389	0	180	-39.2594
536.022	65.1223	527.3	0	180	-39.2612
536.001	65.1918	527.21	0	180	-39.263
535.981	65.2612	527.118	0	180	-39.2647
535.96	65.3307	527.026	0	180	-39.2665
535.939	65.4002	526.933	0	180	-39.2683
535.918	65.4697	526.838	0	180	-39.2701
535.897	65.5391	526.743	0	180	-39.2719
535.876	65.6086	526.647	0	180	-39.2736
535.855	65.6781	526.55	0	180	-39.2754
535.834	65.7476	526.451	0	180	-39.2772
535.813	65.817	526.352	0	180	-39.279
535.792	65.8865	526.252	0	180	-39.2808
535.771	65.956	526.15	0	180	-39.2825
535.75	66.0254	526.048	0	180	-39.2843
535.729	66.0949	525.945	0	180	-39.2861
535.708	66.1644	525.84	0	180	-39.2879
535.687	66.2339	525.735	0	180	-39.2897
535.666	66.3033	525.629	0	180	-39.2915
535.645	66.3728	525.521	0	180	-39.2932
535.625	66.4423	525.413	0	180	-39.295
535.604	66.5118	525.304	0	180	-39.2968
535.583	66.5812	525.195	0	180	-39.2986
535.562	66.6507	525.087	0	180	-39.3004
535.541	66.7202	524.978	0	180	-39.3021
535.52	66.7897	524.869	0	180	-39.3039
535.499	66.8591	524.76	0	180	-39.3057
535.478	66.9286	524.651	0	180	-39.3075
535.457	66.9981	524.543	0	180	-39.3093
535.436	67.0676	524.434	0	180	-39.311
535.415	67.137	524.325	0	180	-39.3128
535.394	67.2065	524.216	0	180	-39.3146
535.373	67.276	524.107	0	180	-39.3164
535.352	67.3454	523.999	0	180	-39.3182
535.331	67.4149	523.89	0	180	-39.32
535.31	67.4844	523.781	0	180	-39.3217
535.289	67.5539	523.672	0	180	-39.3235
535.268	67.6233	523.563	0	180	-39.3253
535.248	67.6928	523.455	0	180	-39.3271
535.227	67.7623	523.346	0	180	-39.3289
535.206	67.8318	523.237	0	180	-39.3306
535.185	67.9012	523.128	0	180	-39.3324
535.164	67.9707	523.019	0	180	-39.3342
535.143	68.0402	522.911	0	180	-39.336
535.122	68.1097	522.802	0	180	-39.3378
535.101	68.1791	522.693	0	180	-39.3395
535.08	68.2486	522.584	0	180	-39.3413
535.059	68.3181	522.475	0	180	-39.3431
535.038	68.3876	522.367	0	180	-39.3449
535.017	68.457	522.258	0	180	-39.3467
534.996	68.5265	522.149	0	180	-39.3485
534.975	68.596	522.04	0	180	-39.3502
534.954	68.6654	521.932	0	180	-39.352
534.933	68.7349	521.823	0	180	-39.3538
534.912	68.8044	521.714	0	180	-39.3556
534.891	68.8739	521.605	0	180	-39.3574
534.871	68.9433	521.496	0	180	-39.3591
534.85	69.0128	521.388	0	180	-39.3609
534.829	69.0823	521.279	0	180	-39.3627
534.808	69.1518	521.17	0	180	-39.3645
534.787	69.2212	521.061	0	180	-39.3663
534.766	69.2907	520.952	0	180	-39.368
534.745	69.3602	520.844	0	180	-39.3698
534.724	69.4297	520.735	0	180	-39.3716
534.703	69.4991	520.626	0	180	-39.3734
534.682	69.5686	520.517	0	180	-39.3752
534.661	69.6381	520.408	0	180	-39.377
534.64	69.7075	520.3	0	180	-39.3787
534.619	69.777	520.191	0	180	-39.3805
534.598	69.8465	520.082	0	180	-39.3823
534.577	69.916	519.973	0	180	-39.3841
534.556	69.9854	519.864	0	180	-39.3859
534.535	70.0549	519.756	0	180	-39.3876
534.514	70.1244	519.647	0	180	-39.3894
534.494	70.1939	519.538	0	180	-39.3912
534.473	70.2633	519.429	0	180	-39.393
534.452	70.3328	519.32	0	180	-39.3948
534.431	70.4023	519.212	0	180	-39.3965
534.41	70.4718	519.103	0	180	-39.3983
534.389	70.5412	518.994	0	180	-39.4001
534.368	70.6107	518.885	0	180	-39.4019
534.347	70.6802	518.776	0	180	-39.4037
534.326	70.7497	518.668	0	180	-39.4055
534.305	70.8191	518.559	0	180	-39.4072
534.284	70.8886	518.45	0	180	-39.409
534.263	70.9581	518.341	0	180	-39.4108
534.242	71.0275	518.232	0	180	-39.4126
534.221	71.097	518.124	0	180	-39.4144
534.2	71.1665	518.015	0	180	-39.4161
534.179	71.236	517.906	0	180	-39.4179
534.158	71.3054	517.797	0	180	-39.4197
534.138	71.3749	517.688	0	180	-39.4215
534.117	71.4444	517.58	0	180	-39.4233
534.096	71.5139	517.471	0	180	-39.425
534.075	71.5833	517.362	0	180	-39.4268
534.054	71.6528	517.253	0	180	-39.4286
534.033	71.7223	517.144	0	180	-39.4304
534.012	71.7918	517.036	0	180	-39.4322
533.991	71.8612	516.927	0	180	-39.434
533.97	71.9307	516.818	0	180	-39.4357
533.949	72.0002	516.709	0	180	-39.4375
533.928	72.0697	516.6	0	180	-39.4393
533.907	72.1391	516.492	0	180	-39.4411
533.886	72.2086	516.383	0	180	-39.4429
533.865	72.2781	516.274	0	180	-39.4446
533.844	72.3475	516.165	0	180	-39.4464
533.823	72.417	516.056	0	180	-39.4482
533.802	72.4865	515.948	0	180	-39.45
533.781	72.556	515.839	0	180	-39.4518
533.761	72.6254	515.73	0	180	-39.4535
533.74	72.6949	515.621	0	180	-39.4553
533.719	72.7644	515.512	0	180	-39.4571
533.698	72.8339	515.404	0	180	-39.4589
533.677	72.9033	515.295	0	180	-39.4607
533.656	72.9728	515.186	0	180	-39.4625
533.635	73.0423	515.077	0	180	-39.4642
533.614	73.1118	514.968	0	180	-39.466
533.593	73.1812	514.86	0	180	-39.4678
533.572	73.2507	514.751	0	180	-39.4696
533.551	73.3202	514.642	0	180	-39.4714
533.53	73.3897	514.533	0	180	-39.4731
533.509	73.4591	514.424	0	180	-39.4749
533.488	73.5286	514.316	0	180	-39.4767
533.467	73.5981	514.207	0	180	-39.4785
533.446	73.6675	514.098	0	180	-39.4803
533.425	73.737	513.989	0	180	-39.482
533.404	73.8065	513.88	0	180	-39.4838
533.384	73.876	513.772	0	180	-39.4856
533.363	73.9454	513.663	0	180	-39.4874
533.342	74.0149	513.554	0	180	-39.4892
533.321	74.0844	513.445	0	180	-39.491
533.3	74.1539	513.337	0	180	-39.4927
533.279	74.2233	513.228	0	180	-39.4945
533.258	74.2928	513.119	0	180	-39.4963
533.237	74.3623	513.01	0	180	-39.4981
533.216	74.4318	512.901	0	180	-39.4999
533.195	74.5012	512.793	0	180	-39.5016
533.174	74.5707	512.684	0	180	-39.5034
533.153	74.6402	512.575	0	180	-39.5052
533.132	74.7097	512.466	0	180	-39.507
533.111	74.7791	512.357	0	180	-39.5088
533.09	74.8486	512.249	0	180	-39.5105
533.069	74.9181	512.14	0	180	-39.5123
533.048	74.9875	512.031	0	180	-39.5141
533.028	75.057	511.922	0	180	-39.5159
533.007	75.1265	511.813	0	180	-39.5177
532.986	75.196	511.705	0	180	-39.5195
532.965	75.2654	511.596	0	180	-39.5212
532.944	75.3349	511.487	0	180	-39.523
532.923	75.4044	511.378	0	180	-39.5248
532.902	75.4739	511.269	0	180	-39.5266
532.881	75.5433	511.161	0	180	-39.5284
532.86	75.6128	511.052	0	180	-39.5301
532.839	75.6823	510.943	0	180	-39.5319
532.818	75.7518	510.834	0	180	-39.5337
532.797	75.8212	510.725	0	180	-39.5355
532.776	75.8907	510.617	0	180	-39.5373
532.755	75.9602	510.508	0	180	-39.539
532.734	76.0297	510.399	0	180	-39.5408
532.713	76.0991	510.29	0	180	-39.5426
532.692	76.1686	510.181	0	180	-39.5444
532.671	76.2381	510.073	0	180	-39.5462
532.651	76.3075	509.964	0	180	-39.548
532.63	76.377	509.855	0	180	-39.5497
532.609	76.4465	509.746	0	180	-39.5515
532.588	76.516	509.637	0	180	-39.5533
532.567	76.5854	509.529	0	180	-39.5551
532.546	76.6549	509.42	0	180	-39.5569
532.525	76.7244	509.311	0	180	-39.5586
532.504	76.7939	509.202	0	180	-39.5604
532.483	76.8633	509.093	0	180	-39.5622
532.462	76.9328	508.985	0	180	-39.564
532.441	77.0023	508.876	0	180	-39.5658
532.42	77.0718	508.767	0	180	-39.5675
532.399	77.1412	508.658	0	180	-39.5693
532.378	77.2107	508.549	0	180	-39.5711
532.357	77.2802	508.441	0	180	-39.5729
532.336	77.3497	508.332	0	180	-39.5747
532.315	77.4191	508.223	0	180	-39.5765
532.294	77.4886	508.114	0	180	-39.5782
532.274	77.5581	508.005	0	180	-39.58
532.253	77.6275	507.897	0	180	-39.5818
532.232	77.697	507.788	0	180	-39.5836
532.211	77.7665	507.679	0	180	-39.5854
532.19	77.836	507.57	0	180	-39.5871
532.169	77.9054	507.461	0	180	-39.5889
532.148	77.9749	507.353	0	180	-39.5907
532.127	78.0444	507.244	0	180	-39.5925
532.106	78.1139	507.135	0	180	-39.5943
532.085	78.1833	507.026	0	180	-39.596
532.064	78.2528	506.917	0	180	-39.5978
532.043	78.3223	506.809	0	180	-39.5996
532.022	78.3918	506.7	0	180	-39.6014
532.001	78.4612	506.591	0	180	-39.6032
531.98	78.5307	506.482	0	180	-39.605
531.959	78.6002	506.373	0	180	-39.6067
531.938	78.6697	506.265	0	180	-39.6085
531.918	78.7391	506.156	0	180	-39.6103
531.897	78.8086	506.047	0	180	-39.6121
531.876	78.8781	505.938	0	180	-39.6139
531.855	78.9475	505.829	0	180	-39.6156
531.834	79.017	505.721	0	180	-39.6174
531.813	79.0865	505.612	0	180	-39.6192
531.792	79.156	505.503	0	180	-39.621
531.771	79.2254	505.394	0	180	-39.6228
531.75	79.2949	505.286	0	180	-39.6245
531.729	79.3644	505.177	0	180	-39.6263
531.708	79.4339	505.068	0	180	-39.6281
531.687	79.5033	504.959	0	180	-39.6299
531.666	79.5728	504.85	0	180	-39.6317
531.645	79.6423	504.742	0	180	-39.6335
531.624	79.7118	504.633	0	180	-39.6352
531.603	79.7812	504.524	0	180	-39.637
531.582	79.8507	504.415	0	180	-39.6388
531.561	79.9202	504.306	0	180	-39.6406
531.541	79.9897	504.198	0	180	-39.6424
531.52	80.0591	504.089	0	180	-39.6441
531.499	80.1286	503.98	0	180	-39.6459
531.478	80.1981	503.871	0	180	-39.6477
531.457	80.2675	503.762	0	180	-39.6495
531.436	80.337	503.654	0	180	-39.6513
531.415	80.4065	503.545	0	180	-39.653
531.394	80.476	503.436	0	180	-39.6548
531.373	80.5454	503.327	0	180	-39.6566
531.352	80.6149	503.218	0	180	-39.6584
531.331	80.6844	503.11	0	180	-39.6602
531.31	80.7539	503.001	0	180	-39.662
531.289	80.8233	502.892	0	180	-39.6637
531.268	80.8928	502.783	0	180	-39.6655
531.247	80.9623	502.674	0	180	-39.6673
531.226	81.0318	502.566	0	180	-39.6691
531.205	81.1012	502.457	0	180	-39.6709
531.184	81.1707	502.348	0	180	-39.6726
531.164	81.2402	502.239	0	180	-39.6744
531.143	81.3097	502.13	0	180	-39.6762
531.122	81.3791	502.022	0	180	-39.678
531.101	81.4486	501.913	0	180	-39.6798
531.08	81.5181	501.804	0	180	-39.6815
531.059	81.5875	501.695	0	180	-39.6833
531.038	81.657	501.586	0	180	-39.6851
531.017	81.7265	501.478	0	180	-39.6869
530.996	81.796	501.369	0	180	-39.6887
530.975	81.8654	501.26	0	180	-39.6905
530.954	81.9349	501.151	0	180	-39.6922
530.933	82.0044	501.042	0	180	-39.694
530.912	82.0739	500.934	0	180	-39.6958
530.891	82.1433	500.825	0	180	-39.6976
530.87	82.2128	500.716	0	180	-39.6994
530.849	82.2823	500.607	0	180	-39.7011
530.828	82.3518	500.498	0	180	-39.7029
530.807	82.4212	500.39	0	180	-39.7047
530.787	82.4907	500.281	0	180	-39.7065
530.766	82.5602	500.172	0	180	-39.7083
530.745	82.6296	500.063	0	180	-39.71
530.724	82.6991	499.954	0	180	-39.7118
530.703	82.7686	499.846	0	180	-39.7136
530.682	82.8381	499.737	0	180	-39.7154
530.661	82.9075	499.628	0	180	-39.7172
530.64	82.977	499.519	0	180	-39.719
530.619	83.0465	499.41	0	180	-39.7207
530.598	83.116	499.302	0	180	-39.7225
530.577	83.1854	499.193	0	180	-39.7243
530.556	83.2549	499.084	0	180	-39.7261
530.535	83.3244	498.975	0	180	-39.7279
530.514	83.3939	498.866	0	180	-39.7296
530.493	83.4633	498.758	0	180	-39.7314
530.472	83.5328	498.649	0	180	-39.7332
530.451	83.6023	498.54	0	180	-39.735
530.431	83.6718	498.431	0	180	-39.7368
530.41	83.7412	498.322	0	180	-39.7385
530.389	83.8107	498.214	0	180	-39.7403
530.368	83.8802	498.105	0	180	-39.7421
530.347	83.9496	497.996	0	180	-39.7439
530.326	84.0191	497.887	0	180	-39.7457
530.305	84.0886	497.778	0	180	-39.7475
530.284	84.1581	497.67	0	180	-39.7492
530.263	84.2275	497.561	0	180	-39.751
530.242	84.297	497.452	0	180	-39.7528
530.221	84.3665	497.343	0	180	-39.7546
530.2	84.436	497.234	0	180	-39.7564
530.179	84.5054	497.126	0	180	-39.7581
530.158	84.5749	497.017	0	180	-39.7599
530.137	84.6444	496.908	0	180	-39.7617
530.116	84.7139	496.799	0	180	-39.7635
530.095	84.7833	496.691	0	180	-39.7653
530.074	84.8528	496.582	0	180	-39.767
530.054	84.9223	496.473	0	180	-39.7688
530.033	84.9918	496.364	0	180	-39.7706
530.012	85.0612	496.255	0	180	-39.7724
529.991	85.1307	496.147	0	180	-39.7742
529.97	85.2002	496.038	0	180	-39.776
529.949	85.2696	495.929	0	180	-39.7777
529.928	85.3391	495.82	0	180	-39.7795
529.907	85.4086	495.711	0	180	-39.7813
529.886	85.4781	495.603	0	180	-39.7831
529.865	85.5475	495.494	0	180	-39.7849
529.844	85.617	495.385	0	180	-39.7866
529.823	85.6865	495.276	0	180	-39.7884
529.802	85.756	495.167	0	180	-39.7902
529.781	85.8254	495.059	0	180	-39.792
529.76	85.8949	494.95	0	180	-39.7938
529.739	85.9644	494.841	0	180	-39.7955
529.718	86.0339	494.732	0	180	-39.7973
529.697	86.1033	494.623	0	180	-39.7991
529.677	86.1728	494.515	0	180	-39.8009
529.656	86.2423	494.406	0	180	-39.8027
529.635	86.3118	494.297	0	180	-39.8045
529.614	86.3812	494.188	0	180	-39.8062
529.593	86.4507	494.079	0	180	-39.808
529.572	86.5202	493.971	0	180	-39.8098
529.551	86.5896	493.862	0	180	-39.8116
529.53	86.6591	493.753	0	180	-39.8134
529.509	86.7286	493.644	0	180	-39.8151
529.488	86.7981	493.535	0	180	-39.8169
529.467	86.8675	493.427	0	180	-39.8187
529.446	86.937	493.318	0	180	-39.8205
529.425	87.0065	493.209	0	180	-39.8223
529.404	87.076	493.1	0	180	-39.824
529.383	87.1454	492.991	0	180	-39.8258
529.362	87.2149	492.883	0	180	-39.8276
529.341	87.2844	492.774	0	180	-39.8294
529.321	87.3539	492.665	0	180	-39.8312
529.3	87.4233	492.556	0	180	-39.833
529.279	87.4928	492.447	0	180	-39.8347
529.258	87.5623	492.339	0	180	-39.8365
529.237	87.6318	492.23	0	180	-39.8383
529.216	87.7012	492.121	0	180	-39.8401
529.195	87.7707	492.012	0	180	-39.8419
529.174	87.8402	491.903	0	180	-39.8436
529.153	87.9096	491.795	0	180	-39.8454
529.132	87.9791	491.686	0	180	-39.8472
529.111	88.0486	491.577	0	180	-39.849
529.09	88.1181	491.468	0	180	-39.8508
529.069	88.1875	491.359	0	180	-39.8525
529.048	88.257	491.251	0	180	-39.8543
529.027	88.3265	491.142	0	180	-39.8561
529.006	88.396	491.033	0	180	-39.8579
528.985	88.4654	490.924	0	180	-39.8597
528.964	88.5349	490.815	0	180	-39.8615
528.944	88.6044	490.707	0	180	-39.8632
528.923	88.6739	490.598	0	180	-39.865
528.902	88.7433	490.489	0	180	-39.8668
528.881	88.8128	490.38	0	180	-39.8686
528.86	88.8823	490.271	0	180	-39.8704
528.839	88.9518	490.163	0	180	-39.8721
528.818	89.0212	490.054	0	180	-39.8739
528.797	89.0907	489.945	0	180	-39.8757
528.776	89.1602	489.836	0	180	-39.8775
528.755	89.2296	489.727	0	180	-39.8793
528.734	89.2991	489.619	0	180	-39.881
528.713	89.3686	489.51	0	180	-39.8828
528.692	89.4381	489.401	0	180	-39.8846
528.671	89.5075	489.292	0	180	-39.8864
528.65	89.577	489.183	0	180	-39.8882
528.629	89.6465	489.075	0	180	-39.89
528.608	89.716	488.966	0	180	-39.8917
528.587	89.7854	488.857	0	180	-39.8935
528.567	89.8549	488.748	0	180	-39.8953
528.546	89.9244	488.639	0	180	-39.8971
528.525	89.9939	488.531	0	180	-39.8989
528.504	90.0633	488.422	0	180	-39.9006
528.483	90.1328	488.313	0	180	-39.9024
528.462	90.2023	488.204	0	180	-39.9042
528.441	90.2718	488.096	0	180	-39.906
528.42	90.3412	487.987	0	180	-39.9078
528.399	90.4107	487.878	0	180	-39.9095
528.378	90.4802	487.769	0	180	-39.9113
528.357	90.5496	487.66	0	180	-39.9131
528.336	90.6191	487.552	0	180	-39.9149
528.315	90.6886	487.443	0	180	-39.9167
528.294	90.7581	487.334	0	180	-39.9185
528.273	90.8275	487.225	0	180	-39.9202
528.252	90.897	487.116	0	180	-39.922
528.231	90.9665	487.008	0	180	-39.9238
528.21	91.036	486.899	0	180	-39.9256
528.19	91.1054	486.79	0	180	-39.9274
528.169	91.1749	486.681	0	180	-39.9291
528.148	91.2444	486.572	0	180	-39.9309
528.127	91.3139	486.464	0	180	-39.9327
528.106	91.3833	486.355	0	180	-39.9345
528.085	91.4528	486.246	0	180	-39.9363
528.064	91.5223	486.137	0	180	-39.938
528.043	91.5918	486.028	0	180	-39.9398
528.022	91.6612	485.92	0	180	-39.9416
528.001	91.7307	485.811	0	180	-39.9434
527.98	91.8002	485.702	0	180	-39.9452
527.959	91.8696	485.593	0	180	-39.947
527.938	91.9391	485.484	0	180	-39.9487
527.917	92.0086	485.376	0	180	-39.9505
527.896	92.0781	485.267	0	180	-39.9523
527.875	92.1475	485.158	0	180	-39.9541
527.854	92.217	485.049	0	180	-39.9559
527.834	92.2865	484.94	0	180	-39.9576
527.813	92.356	484.832	0	180	-39.9594
527.792	92.4254	484.723	0	180	-39.9612
527.771	92.4949	484.614	0	180	-39.963
527.75	92.5644	484.505	0	180	-39.9648
527.729	92.6339	484.396	0	180	-39.9665
527.708	92.7033	484.288	0	180	-39.9683
527.687	92.7728	484.179	0	180	-39.9701
527.666	92.8423	484.07	0	180	-39.9719
527.645	92.9118	483.961	0	180	-39.9737
527.624	92.9812	483.852	0	180	-39.9755
527.603	93.0507	483.744	0	180	-39.9772
527.582	93.1202	483.635	0	180	-39.979
527.561	93.1896	483.526	0	180	-39.9808
527.54	93.2591	483.417	0	180	-39.9826
527.519	93.3286	483.308	0	180	-39.9844
527.498	93.3981	483.2	0	180	-39.9861
527.477	93.4675	483.091	0	180	-39.9879
527.457	93.537	482.982	0	180	-39.9897
527.436	93.6065	482.873	0	180	-39.9915
527.415	93.676	482.764	0	180	-39.9933
527.394	93.7454	482.656	0	180	-39.995
527.373	93.8149	482.547	0	180	-39.9968
527.352	93.8844	482.438	0	180	-39.9986
527.331	93.9539	482.329	0	180	-40.0004
527.31	94.0233	482.22	0	180	-40.0022
527.289	94.0928	482.112	0	180	-40.004
527.268	94.1623	482.003	0	180	-40.0057
527.247	94.2317	481.894	0	180	-40.0075
527.226	94.3012	481.785	0	180	-40.0093
527.205	94.3707	481.676	0	180	-40.0111
527.184	94.4402	481.568	0	180	-40.0129
527.163	94.5096	481.459	0	180	-40.0146
527.142	94.5791	481.35	0	180	-40.0164
527.121	94.6486	481.241	0	180	-40.0182
527.1	94.7181	481.132	0	180	-40.02
527.08	94.7875	481.024	0	180	-40.0218
527.059	94.857	480.915	0	180	-40.0235
527.038	94.9265	480.807	0	180	-40.0253
527.017	94.996	480.699	0	180	-40.0271
526.996	95.0654	480.593	0	180	-40.0289
526.975	95.1349	480.488	0	180	-40.0307
526.954	95.2044	480.384	0	180	-40.0325
526.933	95.2739	480.28	0	180	-40.0342
526.912	95.3433	480.178	0	180	-40.036
526.891	95.4128	480.077	0	180	-40.0378
526.87	95.4823	479.976	0	180	-40.0396
526.849	95.5517	479.877	0	180	-40.0414
526.828	95.6212	479.779	0	180	-40.0431
526.807	95.6907	479.682	0	180	-40.0449
526.786	95.7602	479.585	0	180	-40.0467
526.765	95.8296	479.49	0	180	-40.0485
526.744	95.8991	479.396	0	180	-40.0503
526.724	95.9686	479.303	0	180	-40.052
526.703	96.0381	479.21	0	180	-40.0538
526.682	96.1075	479.119	0	180	-40.0556
526.661	96.177	479.029	0	180	-40.0574
526.64	96.2465	478.94	0	180	-40.0592
526.619	96.316	478.851	0	180	-40.061
526.598	96.3854	478.764	0	180	-40.0627
526.577	96.4549	478.678	0	180	-40.0645
526.556	96.5244	478.593	0	180	-40.0663
526.535	96.5939	478.508	0	180	-40.0681
526.514	96.6633	478.425	0	180	-40.0699
526.493	96.7328	478.343	0	180	-40.0716
526.472	96.8023	478.261	0	180	-40.0734
526.451	96.8717	478.181	0	180	-40.0752
526.43	96.9412	478.102	0	180	-40.077
526.409	97.0107	478.024	0	180	-40.0788
526.388	97.0802	477.946	0	180	-40.0805
526.367	97.1496	477.87	0	180	-40.0823
526.347	97.2191	477.795	0	180	-40.0841
526.326	97.2886	477.721	0	180	-40.0859
526.305	97.3581	477.647	0	180	-40.0877
526.284	97.4275	477.575	0	180	-40.0895
526.263	97.497	477.504	0	180	-40.0912
526.242	97.5665	477.434	0	180	-40.093
526.221	97.6357	477.364	0	180	-40.0948
526.2	97.704	477.296	0	180	-40.0966
526.179	97.7712	477.229	0	180	-40.0984
526.158	97.8375	477.162	0	180	-40.1001
526.137	97.9028	477.097	0	180	-40.1019
526.116	97.967	477.033	0	180	-40.1037
526.095	98.0303	476.97	0	180	-40.1055
526.074	98.0926	476.907	0	180	-40.1073
526.053	98.1538	476.846	0	180	-40.109
526.032	98.2141	476.786	0	180	-40.1108
526.011	98.2734	476.727	0	180	-40.1126
525.99	98.3316	476.668	0	180	-40.1144
525.97	98.3889	476.611	0	180	-40.1162
525.949	98.4451	476.555	0	180	-40.118
525.928	98.5004	476.5	0	180	-40.1197
525.907	98.5547	476.445	0	180	-40.1215
525.886	98.6079	476.392	0	180	-40.1233
525.865	98.6602	476.34	0	180	-40.1251
525.844	98.7115	476.289	0	180	-40.1269
525.823	98.7617	476.238	0	180	-40.1286
525.802	98.811	476.189	0	180	-40.1304
525.781	98.8593	476.141	0	180	-40.1322
525.76	98.9065	476.093	0	180	-40.134
525.739	98.9528	476.047	0	180	-40.1358
525.718	98.9981	476.002	0	180	-40.1375
525.697	99.0423	475.958	0	180	-40.1393
525.676	99.0856	475.914	0	180	-40.1411
525.655	99.1279	475.872	0	180	-40.1429
525.634	99.1691	475.831	0	180	-40.1447
525.613	99.2094	475.791	0	180	-40.1465
525.593	99.2486	475.751	0	180	-40.1482
525.572	99.2869	475.713	0	180	-40.15
525.551	99.3242	475.676	0	180	-40.1518
525.53	99.3604	475.64	0	180	-40.1536
525.509	99.3957	475.604	0	180	-40.1554
525.488	99.43	475.57	0	180	-40.1571
525.467	99.4632	475.537	0	180	-40.1589
525.446	99.4955	475.504	0	180	-40.1607
525.425	99.5268	475.473	0	180	-40.1625
525.404	99.557	475.443	0	180	-40.1643
525.383	99.5863	475.414	0	180	-40.166
525.362	99.6146	475.385	0	180	-40.1678
525.341	99.6418	475.358	0	180	-40.1696
525.32	99.6681	475.332	0	180	-40.1714
525.299	99.6934	475.307	0	180	-40.1732
525.278	99.7176	475.282	0	180	-40.175
525.257	99.7409	475.259	0	180	-40.1767
525.237	99.7631	475.237	0	180	-40.1785
525.216	99.7844	475.216	0	180	-40.1803
525.195	99.8047	475.195	0	180	-40.1821
525.176	99.8239	475.176	0	180	-40.1839
525.158	99.8422	475.158	0	180	-40.1856
525.141	99.8595	475.141	0	180	-40.1874
525.124	99.8757	475.124	0	180	-40.1892
525.109	99.891	475.109	0	180	-40.191
525.095	99.9053	475.095	0	180	-40.1928
525.081	99.9185	475.081	0	180	-40.1945
525.069	99.9308	475.069	0	180	-40.1963
525.058	99.9421	475.058	0	180	-40.1981
525.048	99.9523	475.048	0	180	-40.1999
525.038	99.9616	475.038	0	180	-40.2017
525.03	99.9699	475.03	0	180	-40.2035
525.023	99.9771	475.023	0	180	-40.2052
525.017	99.9834	475.017	0	180	-40.207
525.011	99.9886	475.011	0	180	-40.2088
525.007	99.9929	475.007	0	180	-40.2106
525.004	99.9962	475.004	0	180	-40.2124
525.002	99.9984	475.002	0	180	-40.2141
525	99.9997	475	0	180	-40.2154
