-1.93879 33.8985 102.25 1.49943e-07 43.8515 -35.9056
-1.93864 33.8982 102.25 1.49932e-07 43.8516 -35.9071
-1.93839 33.8977 102.251 1.49912e-07 43.8517 -35.9096
-1.93805 33.897 102.251 1.49885e-07 43.8518 -35.9123
-1.93761 33.8962 102.252 1.49851e-07 43.8519 -35.915
-1.93707 33.8952 102.253 1.49808e-07 43.8521 -35.9176
-1.93643 33.894 102.254 1.49758e-07 43.8523 -35.9203
-1.93569 33.8926 102.255 1.49701e-07 43.8526 -35.923
-1.93485 33.891 102.256 1.49635e-07 43.8529 -35.9257
-1.93392 33.8892 102.258 1.49562e-07 43.8532 -35.9284
-1.93289 33.8872 102.259 1.49482e-07 43.8535 -35.9311
-1.93176 33.8851 102.261 1.49393e-07 43.8539 -35.9337
-1.93053 33.8827 102.263 1.49297e-07 43.8543 -35.9364
-1.9292 33.8802 102.265 1.49193e-07 43.8548 -35.9391
-1.92777 33.8775 102.267 1.49082e-07 43.8552 -35.9418
-1.92625 33.8746 102.27 1.48962e-07 43.8558 -35.9445
-1.92463 33.8715 102.272 1.48835e-07 43.8563 -35.9472
-1.9229 33.8682 102.275 1.48701e-07 43.8569 -35.9498
-1.92108 33.8648 102.278 1.48558e-07 43.8575 -35.9525
-1.91917 33.8611 102.281 1.48408e-07 43.8581 -35.9552
-1.91715 33.8573 102.284 1.48251e-07 43.8588 -35.9579
-1.91503 33.8533 102.287 1.48085e-07 43.8596 -35.9606
-1.91281 33.8492 102.29 1.47911e-07 43.8605 -35.9633
-1.91049 33.8451 102.294 1.47729e-07 43.8614 -35.9659
-1.90807 33.8408 102.297 1.47539e-07 43.8625 -35.9686
-1.90554 33.8365 102.3 1.4734e-07 43.8637 -35.9713
-1.90291 33.832 102.303 1.47134e-07 43.865 -35.974
-1.90018 33.8275 102.306 1.46919e-07 43.8664 -35.9767
-1.89735 33.8228 102.309 1.46696e-07 43.8679 -35.9794
-1.89442 33.8181 102.312 1.46465e-07 43.8695 -35.982
-1.89138 33.8132 102.316 1.46226e-07 43.8712 -35.9847
-1.88824 33.8083 102.319 1.45979e-07 43.873 -35.9874
-1.885 33.8033 102.322 1.45723e-07 43.875 -35.9901
-1.88166 33.7981 102.325 1.45459e-07 43.877 -35.9928
-1.87822 33.7929 102.328 1.45188e-07 43.8791 -35.9955
-1.87467 33.7876 102.331 1.44908e-07 43.8814 -35.9982
-1.87102 33.7822 102.334 1.44619e-07 43.8838 -36.0008
-1.86727 33.7766 102.337 1.44323e-07 43.8862 -36.0035
-1.86342 33.771 102.34 1.44019e-07 43.8888 -36.0062
-1.85946 33.7653 102.343 1.43706e-07 43.8915 -36.0089
-1.85541 33.7595 102.346 1.43386e-07 43.8942 -36.0116
-1.85125 33.7536 102.349 1.43057e-07 43.8971 -36.0143
-1.84698 33.7476 102.352 1.4272e-07 43.9001 -36.0169
-1.84262 33.7415 102.355 1.42375e-07 43.9032 -36.0196
-1.83815 33.7353 102.358 1.42021e-07 43.9064 -36.0223
-1.83359 33.729 102.361 1.4166e-07 43.9098 -36.025
-1.82892 33.7226 102.364 1.41291e-07 43.9132 -36.0277
-1.82414 33.7162 102.367 1.40913e-07 43.9167 -36.0304
-1.81927 33.7096 102.37 1.40527e-07 43.9204 -36.033
-1.81429 33.7029 102.373 1.40133e-07 43.9241 -36.0357
-1.80921 33.6961 102.376 1.39731e-07 43.928 -36.0384
-1.80403 33.6893 102.379 1.39321e-07 43.9319 -36.0411
-1.79874 33.6823 102.382 1.38903e-07 43.936 -36.0438
-1.79336 33.6752 102.385 1.38477e-07 43.9402 -36.0465
-1.78787 33.6681 102.387 1.38042e-07 43.9444 -36.0491
-1.78227 33.6608 102.39 1.376e-07 43.9488 -36.0518
-1.77658 33.6535 102.393 1.37149e-07 43.9533 -36.0545
-1.77078 33.646 102.396 1.3669e-07 43.9579 -36.0572
-1.76488 33.6385 102.399 1.36223e-07 43.9626 -36.0599
-1.75888 33.6309 102.402 1.35749e-07 43.9675 -36.0626
-1.75278 33.6231 102.404 1.35266e-07 43.9724 -36.0653
-1.74657 33.6153 102.407 1.34774e-07 43.9774 -36.0679
-1.74026 33.6074 102.41 1.34275e-07 43.9826 -36.0706
-1.73385 33.5994 102.413 1.33768e-07 43.9878 -36.0733
-1.72734 33.5913 102.416 1.33253e-07 43.9932 -36.076
-1.72072 33.583 102.418 1.32729e-07 43.9987 -36.0787
-1.714 33.5747 102.421 1.32198e-07 44.0042 -36.0814
-1.70719 33.5664 102.424 1.31659e-07 44.0099 -36.084
-1.70034 33.558 102.426 1.31118e-07 44.0156 -36.0867
-1.6935 33.5496 102.429 1.30577e-07 44.0212 -36.0894
-1.68665 33.5412 102.432 1.30036e-07 44.0269 -36.0921
-1.67981 33.5328 102.435 1.29495e-07 44.0326 -36.0948
-1.67296 33.5244 102.437 1.28954e-07 44.0383 -36.0975
-1.66612 33.516 102.44 1.28413e-07 44.044 -36.1001
-1.65927 33.5076 102.443 1.27873e-07 44.0496 -36.1028
-1.65242 33.4993 102.445 1.27332e-07 44.0553 -36.1055
-1.64557 33.4909 102.448 1.26791e-07 44.061 -36.1082
-1.63873 33.4825 102.451 1.26251e-07 44.0667 -36.1109
-1.63188 33.4741 102.453 1.25711e-07 44.0724 -36.1136
-1.62503 33.4657 102.456 1.2517e-07 44.0781 -36.1162
-1.61818 33.4574 102.459 1.2463e-07 44.0838 -36.1189
-1.61133 33.449 102.462 1.2409e-07 44.0895 -36.1216
-1.60447 33.4406 102.464 1.23549e-07 44.0952 -36.1243
-1.59762 33.4322 102.467 1.23009e-07 44.1009 -36.127
-1.59077 33.4238 102.47 1.22469e-07 44.1066 -36.1297
-1.58392 33.4155 102.472 1.21929e-07 44.1123 -36.1324
-1.57706 33.4071 102.475 1.21389e-07 44.118 -36.135
-1.57021 33.3987 102.478 1.2085e-07 44.1237 -36.1377
-1.56335 33.3904 102.48 1.2031e-07 44.1294 -36.1404
-1.5565 33.382 102.483 1.1977e-07 44.1351 -36.1431
-1.54964 33.3736 102.486 1.1923e-07 44.1408 -36.1458
-1.54279 33.3653 102.488 1.18691e-07 44.1465 -36.1485
-1.53593 33.3569 102.491 1.18151e-07 44.1522 -36.1511
-1.52907 33.3485 102.494 1.17612e-07 44.158 -36.1538
-1.52221 33.3402 102.496 1.17072e-07 44.1637 -36.1565
-1.51536 33.3318 102.499 1.16533e-07 44.1694 -36.1592
-1.5085 33.3234 102.501 1.15994e-07 44.1751 -36.1619
-1.50164 33.3151 102.504 1.15455e-07 44.1808 -36.1646
-1.49478 33.3067 102.507 1.14915e-07 44.1866 -36.1672
-1.48792 33.2984 102.509 1.14376e-07 44.1923 -36.1699
-1.48105 33.29 102.512 1.13837e-07 44.198 -36.1726
-1.47419 33.2816 102.515 1.13298e-07 44.2038 -36.1753
-1.46733 33.2733 102.517 1.12759e-07 44.2095 -36.178
-1.46047 33.2649 102.52 1.12221e-07 44.2152 -36.1807
-1.4536 33.2566 102.522 1.11682e-07 44.221 -36.1833
-1.44674 33.2482 102.525 1.11143e-07 44.2267 -36.186
-1.43987 33.2399 102.528 1.10605e-07 44.2324 -36.1887
-1.43301 33.2315 102.53 1.10066e-07 44.2382 -36.1914
-1.42614 33.2232 102.533 1.09527e-07 44.2439 -36.1941
-1.41928 33.2148 102.536 1.08989e-07 44.2497 -36.1968
-1.41241 33.2065 102.538 1.08451e-07 44.2554 -36.1994
-1.40554 33.1981 102.541 1.07912e-07 44.2612 -36.2021
-1.39868 33.1898 102.543 1.07374e-07 44.2669 -36.2048
-1.39181 33.1814 102.546 1.06836e-07 44.2727 -36.2075
-1.38494 33.1731 102.548 1.06298e-07 44.2784 -36.2102
-1.37807 33.1648 102.551 1.0576e-07 44.2842 -36.2129
-1.3712 33.1564 102.554 1.05222e-07 44.2899 -36.2156
-1.36433 33.1481 102.556 1.04684e-07 44.2957 -36.2182
-1.35746 33.1397 102.559 1.04146e-07 44.3014 -36.2209
-1.35058 33.1314 102.561 1.03608e-07 44.3072 -36.2236
-1.34371 33.1231 102.564 1.0307e-07 44.313 -36.2263
-1.33684 33.1147 102.567 1.02533e-07 44.3187 -36.229
-1.32997 33.1064 102.569 1.01995e-07 44.3245 -36.2317
-1.32309 33.0981 102.572 1.01458e-07 44.3302 -36.2343
-1.31622 33.0897 102.574 1.0092e-07 44.336 -36.237
-1.30934 33.0814 102.577 1.00383e-07 44.3418 -36.2397
-1.30247 33.0731 102.579 9.98454e-08 44.3476 -36.2424
-1.29559 33.0647 102.582 9.93081e-08 44.3533 -36.2451
-1.28871 33.0564 102.584 9.87709e-08 44.3591 -36.2478
-1.28184 33.0481 102.587 9.82338e-08 44.3649 -36.2504
-1.27496 33.0398 102.59 9.76967e-08 44.3707 -36.2531
-1.26808 33.0314 102.592 9.71597e-08 44.3764 -36.2558
-1.2612 33.0231 102.595 9.66228e-08 44.3822 -36.2585
-1.25432 33.0148 102.597 9.60859e-08 44.388 -36.2612
-1.24744 33.0065 102.6 9.55491e-08 44.3938 -36.2639
-1.24056 32.9981 102.602 9.50123e-08 44.3996 -36.2665
-1.23368 32.9898 102.605 9.44756e-08 44.4054 -36.2692
-1.2268 32.9815 102.607 9.3939e-08 44.4112 -36.2719
-1.21991 32.9732 102.61 9.34025e-08 44.417 -36.2746
-1.21303 32.9649 102.612 9.2866e-08 44.4228 -36.2773
-1.20615 32.9566 102.615 9.23296e-08 44.4285 -36.28
-1.19926 32.9482 102.617 9.17932e-08 44.4343 -36.2827
-1.19238 32.9399 102.62 9.12569e-08 44.4401 -36.2853
-1.1855 32.9316 102.622 9.07207e-08 44.4459 -36.288
-1.17861 32.9233 102.625 9.01845e-08 44.4518 -36.2907
-1.17172 32.915 102.627 8.96484e-08 44.4576 -36.2934
-1.16484 32.9067 102.63 8.91124e-08 44.4634 -36.2961
-1.15795 32.8984 102.632 8.85765e-08 44.4692 -36.2988
-1.15106 32.8901 102.635 8.80406e-08 44.475 -36.3014
-1.14417 32.8818 102.637 8.75047e-08 44.4808 -36.3041
-1.13728 32.8735 102.64 8.6969e-08 44.4866 -36.3068
-1.1304 32.8652 102.642 8.64333e-08 44.4924 -36.3095
-1.12351 32.8569 102.645 8.58976e-08 44.4982 -36.3122
-1.11661 32.8486 102.647 8.53621e-08 44.504 -36.3149
-1.10972 32.8403 102.65 8.48266e-08 44.5099 -36.3175
-1.10283 32.832 102.652 8.42911e-08 44.5157 -36.3202
-1.09594 32.8237 102.655 8.37558e-08 44.5215 -36.3229
-1.08905 32.8154 102.657 8.32205e-08 44.5273 -36.3256
-1.08215 32.8071 102.66 8.26852e-08 44.5332 -36.3283
-1.07526 32.7988 102.662 8.21501e-08 44.539 -36.331
-1.06837 32.7905 102.665 8.1615e-08 44.5448 -36.3336
-1.06147 32.7822 102.667 8.10799e-08 44.5507 -36.3363
-1.05458 32.7739 102.67 8.0545e-08 44.5565 -36.339
-1.04768 32.7656 102.672 8.001e-08 44.5623 -36.3417
-1.04078 32.7573 102.675 7.94752e-08 44.5682 -36.3444
-1.03389 32.749 102.677 7.89404e-08 44.574 -36.3471
-1.02699 32.7407 102.679 7.84057e-08 44.5798 -36.3498
-1.02009 32.7325 102.682 7.78711e-08 44.5857 -36.3524
-1.01319 32.7242 102.684 7.73365e-08 44.5915 -36.3551
-1.00629 32.7159 102.687 7.6802e-08 44.5974 -36.3578
-0.999393 32.7076 102.689 7.62676e-08 44.6032 -36.3605
-0.992493 32.6993 102.692 7.57332e-08 44.6091 -36.3632
-0.985592 32.691 102.694 7.51989e-08 44.6149 -36.3659
-0.978691 32.6828 102.696 7.46647e-08 44.6208 -36.3685
-0.971789 32.6745 102.699 7.41305e-08 44.6266 -36.3712
-0.964886 32.6662 102.701 7.35964e-08 44.6325 -36.3739
-0.957983 32.6579 102.704 7.30623e-08 44.6383 -36.3766
-0.95108 32.6497 102.706 7.25284e-08 44.6442 -36.3793
-0.944175 32.6414 102.709 7.19945e-08 44.65 -36.382
-0.937271 32.6331 102.711 7.14606e-08 44.6559 -36.3846
-0.930366 32.6248 102.713 7.09268e-08 44.6618 -36.3873
-0.92346 32.6166 102.716 7.03931e-08 44.6676 -36.39
-0.916554 32.6083 102.718 6.98595e-08 44.6735 -36.3927
-0.909647 32.6 102.721 6.93259e-08 44.6794 -36.3954
-0.902739 32.5918 102.723 6.87924e-08 44.6852 -36.3981
-0.895832 32.5835 102.725 6.8259e-08 44.6911 -36.4007
-0.888923 32.5752 102.728 6.77256e-08 44.697 -36.4034
-0.882014 32.567 102.73 6.71923e-08 44.7028 -36.4061
-0.875105 32.5587 102.733 6.66591e-08 44.7087 -36.4088
-0.868194 32.5504 102.735 6.61259e-08 44.7146 -36.4115
-0.861284 32.5422 102.737 6.55928e-08 44.7205 -36.4142
-0.854373 32.5339 102.74 6.50598e-08 44.7264 -36.4168
-0.847461 32.5257 102.742 6.45268e-08 44.7322 -36.4195
-0.840549 32.5174 102.744 6.39939e-08 44.7381 -36.4222
-0.833636 32.5091 102.747 6.34611e-08 44.744 -36.4249
-0.826723 32.5009 102.749 6.29283e-08 44.7499 -36.4276
-0.819809 32.4926 102.752 6.23956e-08 44.7558 -36.4303
-0.812894 32.4844 102.754 6.1863e-08 44.7617 -36.433
-0.80598 32.4761 102.756 6.13304e-08 44.7676 -36.4356
-0.799064 32.4679 102.759 6.07979e-08 44.7735 -36.4383
-0.792148 32.4596 102.761 6.02655e-08 44.7794 -36.441
-0.785232 32.4514 102.763 5.97331e-08 44.7853 -36.4437
-0.778314 32.4431 102.766 5.92008e-08 44.7912 -36.4464
-0.771397 32.4349 102.768 5.86686e-08 44.7971 -36.4491
-0.764479 32.4266 102.77 5.81364e-08 44.803 -36.4517
-0.75756 32.4184 102.773 5.76043e-08 44.8089 -36.4544
-0.750641 32.4101 102.775 5.70723e-08 44.8148 -36.4571
-0.743721 32.4019 102.777 5.65403e-08 44.8207 -36.4598
-0.736801 32.3937 102.78 5.60084e-08 44.8266 -36.4625
-0.72988 32.3854 102.782 5.54766e-08 44.8325 -36.4652
-0.722958 32.3772 102.784 5.49449e-08 44.8384 -36.4678
-0.716036 32.3689 102.787 5.44132e-08 44.8443 -36.4705
-0.709114 32.3607 102.789 5.38816e-08 44.8502 -36.4732
-0.702191 32.3525 102.791 5.335e-08 44.8562 -36.4759
-0.695267 32.3442 102.794 5.28185e-08 44.8621 -36.4786
-0.688343 32.336 102.796 5.22871e-08 44.868 -36.4813
-0.681418 32.3278 102.798 5.17557e-08 44.8739 -36.4839
-0.674493 32.3195 102.801 5.12245e-08 44.8798 -36.4866
-0.667568 32.3113 102.803 5.06932e-08 44.8858 -36.4893
-0.660641 32.3031 102.805 5.01621e-08 44.8917 -36.492
-0.653715 32.2948 102.808 4.9631e-08 44.8976 -36.4947
-0.646787 32.2866 102.81 4.91e-08 44.9036 -36.4974
-0.639859 32.2784 102.812 4.85691e-08 44.9095 -36.5001
-0.632931 32.2702 102.814 4.80382e-08 44.9154 -36.5027
-0.626002 32.2619 102.817 4.75074e-08 44.9214 -36.5054
-0.619073 32.2537 102.819 4.69767e-08 44.9273 -36.5081
-0.612143 32.2455 102.821 4.6446e-08 44.9332 -36.5108
-0.605212 32.2373 102.824 4.59154e-08 44.9392 -36.5135
-0.598281 32.2291 102.826 4.53848e-08 44.9451 -36.5162
-0.591349 32.2208 102.828 4.48544e-08 44.9511 -36.5188
-0.584417 32.2126 102.83 4.4324e-08 44.957 -36.5215
-0.577485 32.2044 102.833 4.37936e-08 44.9629 -36.5242
-0.570551 32.1962 102.835 4.32634e-08 44.9689 -36.5269
-0.563618 32.188 102.837 4.27332e-08 44.9748 -36.5296
-0.556683 32.1798 102.839 4.22031e-08 44.9808 -36.5323
-0.549748 32.1716 102.842 4.1673e-08 44.9867 -36.5349
-0.542813 32.1634 102.844 4.1143e-08 44.9927 -36.5376
-0.535877 32.1551 102.846 4.06131e-08 44.9987 -36.5403
-0.528941 32.1469 102.848 4.00833e-08 45.0046 -36.543
-0.522004 32.1387 102.851 3.95535e-08 45.0106 -36.5457
-0.515066 32.1305 102.853 3.90238e-08 45.0165 -36.5484
-0.508128 32.1223 102.855 3.84941e-08 45.0225 -36.551
-0.50119 32.1141 102.857 3.79645e-08 45.0285 -36.5537
-0.494251 32.1059 102.86 3.7435e-08 45.0344 -36.5564
-0.487311 32.0977 102.862 3.69056e-08 45.0404 -36.5591
-0.480371 32.0895 102.864 3.63762e-08 45.0464 -36.5618
-0.47343 32.0813 102.866 3.58469e-08 45.0523 -36.5645
-0.466489 32.0731 102.869 3.53177e-08 45.0583 -36.5672
-0.459547 32.0649 102.871 3.47885e-08 45.0643 -36.5698
-0.452605 32.0567 102.873 3.42594e-08 45.0703 -36.5725
-0.445662 32.0485 102.875 3.37304e-08 45.0762 -36.5752
-0.438719 32.0403 102.877 3.32014e-08 45.0822 -36.5779
-0.431775 32.0321 102.88 3.26725e-08 45.0882 -36.5806
-0.42483 32.024 102.882 3.21437e-08 45.0942 -36.5833
-0.417885 32.0158 102.884 3.16149e-08 45.1002 -36.5859
-0.41094 32.0076 102.886 3.10863e-08 45.1062 -36.5886
-0.403994 31.9994 102.888 3.05576e-08 45.1121 -36.5913
-0.397047 31.9912 102.891 3.00291e-08 45.1181 -36.594
-0.3901 31.983 102.893 2.95006e-08 45.1241 -36.5967
-0.383152 31.9748 102.895 2.89722e-08 45.1301 -36.5994
-0.376204 31.9666 102.897 2.84439e-08 45.1361 -36.602
-0.369256 31.9585 102.899 2.79156e-08 45.1421 -36.6047
-0.362306 31.9503 102.902 2.73874e-08 45.1481 -36.6074
-0.355357 31.9421 102.904 2.68592e-08 45.1541 -36.6101
-0.348406 31.9339 102.906 2.63312e-08 45.1601 -36.6128
-0.341456 31.9257 102.908 2.58032e-08 45.1661 -36.6155
-0.334504 31.9176 102.91 2.52753e-08 45.1721 -36.6181
-0.327552 31.9094 102.912 2.47474e-08 45.1781 -36.6208
-0.3206 31.9012 102.915 2.42196e-08 45.1841 -36.6235
-0.313647 31.893 102.917 2.36919e-08 45.1901 -36.6262
-0.306693 31.8849 102.919 2.31642e-08 45.1961 -36.6289
-0.29974 31.8767 102.921 2.26367e-08 45.2022 -36.6316
-0.292785 31.8685 102.923 2.21091e-08 45.2082 -36.6342
-0.28583 31.8604 102.925 2.15817e-08 45.2142 -36.6369
-0.278874 31.8522 102.928 2.10543e-08 45.2202 -36.6396
-0.271918 31.844 102.93 2.0527e-08 45.2262 -36.6423
-0.264962 31.8359 102.932 1.99998e-08 45.2322 -36.645
-0.258004 31.8277 102.934 1.94726e-08 45.2383 -36.6477
-0.251047 31.8195 102.936 1.89455e-08 45.2443 -36.6504
-0.244088 31.8114 102.938 1.84185e-08 45.2503 -36.653
-0.23713 31.8032 102.94 1.78915e-08 45.2563 -36.6557
-0.23017 31.7951 102.943 1.73646e-08 45.2624 -36.6584
-0.223211 31.7869 102.945 1.68378e-08 45.2684 -36.6611
-0.21625 31.7787 102.947 1.63111e-08 45.2744 -36.6638
-0.209289 31.7706 102.949 1.57844e-08 45.2805 -36.6665
-0.202328 31.7624 102.951 1.52578e-08 45.2865 -36.6691
-0.195366 31.7543 102.953 1.47312e-08 45.2925 -36.6718
-0.188404 31.7461 102.955 1.42048e-08 45.2986 -36.6745
-0.181441 31.738 102.957 1.36784e-08 45.3046 -36.6772
-0.174477 31.7298 102.96 1.3152e-08 45.3106 -36.6799
-0.167513 31.7217 102.962 1.26258e-08 45.3167 -36.6826
-0.160549 31.7135 102.964 1.20996e-08 45.3227 -36.6852
-0.153583 31.7054 102.966 1.15735e-08 45.3288 -36.6879
-0.146618 31.6972 102.968 1.10474e-08 45.3348 -36.6906
-0.139652 31.6891 102.97 1.05214e-08 45.3409 -36.6933
-0.132685 31.681 102.972 9.99551e-09 45.3469 -36.696
-0.125718 31.6728 102.974 9.46966e-09 45.353 -36.6987
-0.11875 31.6647 102.976 8.94389e-09 45.359 -36.7013
-0.111782 31.6565 102.978 8.41818e-09 45.3651 -36.704
-0.104813 31.6484 102.98 7.89255e-09 45.3711 -36.7067
-0.0978438 31.6403 102.983 7.36698e-09 45.3772 -36.7094
-0.0908739 31.6321 102.985 6.84149e-09 45.3833 -36.7121
-0.0839036 31.624 102.987 6.31606e-09 45.3893 -36.7148
-0.0769327 31.6159 102.989 5.79071e-09 45.3954 -36.7175
-0.0699613 31.6077 102.991 5.26542e-09 45.4014 -36.7201
-0.0629894 31.5996 102.993 4.74021e-09 45.4075 -36.7228
-0.0560169 31.5915 102.995 4.21506e-09 45.4136 -36.7255
-0.0490439 31.5833 102.997 3.68999e-09 45.4196 -36.7282
-0.0420704 31.5752 102.999 3.16498e-09 45.4257 -36.7309
-0.0350964 31.5671 103.001 2.64005e-09 45.4318 -36.7336
-0.0281219 31.5589 103.003 2.11518e-09 45.4379 -36.7362
-0.0211468 31.5508 103.005 1.59039e-09 45.4439 -36.7389
-0.0141712 31.5427 103.007 1.06566e-09 45.45 -36.7416
-0.00719506 31.5346 103.009 5.41006e-10 45.4561 -36.7443
-0.000218417 31.5265 103.011 1.64214e-11 45.4622 -36.747
0.00675875 31.5183 103.013 -5.08093e-10 45.4683 -36.7497
0.0137364 31.5102 103.015 -1.03254e-09 45.4743 -36.7523
0.0207147 31.5021 103.017 -1.55691e-09 45.4804 -36.755
0.0276934 31.494 103.019 -2.08121e-09 45.4865 -36.7577
0.0346727 31.4859 103.022 -2.60545e-09 45.4926 -36.7604
0.0416524 31.4778 103.024 -3.12961e-09 45.4987 -36.7631
0.0486328 31.4696 103.026 -3.6537e-09 45.5048 -36.7658
0.0556136 31.4615 103.028 -4.17772e-09 45.5109 -36.7684
0.0625949 31.4534 103.03 -4.70168e-09 45.517 -36.7711
0.0695768 31.4453 103.032 -5.22556e-09 45.5231 -36.7738
0.0765592 31.4372 103.034 -5.74937e-09 45.5292 -36.7765
0.0835421 31.4291 103.036 -6.27311e-09 45.5353 -36.7792
0.0905256 31.421 103.038 -6.79678e-09 45.5414 -36.7819
0.0975095 31.4129 103.04 -7.32038e-09 45.5475 -36.7846
0.104494 31.4048 103.042 -7.84391e-09 45.5536 -36.7872
0.111479 31.3967 103.044 -8.36737e-09 45.5597 -36.7899
0.118465 31.3886 103.046 -8.89075e-09 45.5658 -36.7926
0.125451 31.3805 103.048 -9.41407e-09 45.5719 -36.7953
0.132437 31.3724 103.05 -9.93732e-09 45.578 -36.798
0.139424 31.3643 103.052 -1.04605e-08 45.5841 -36.8007
0.146412 31.3562 103.054 -1.09836e-08 45.5902 -36.8033
0.1534 31.3481 103.056 -1.15066e-08 45.5964 -36.806
0.160389 31.34 103.058 -1.20296e-08 45.6025 -36.8087
0.167378 31.3319 103.059 -1.25525e-08 45.6086 -36.8114
0.174367 31.3238 103.061 -1.30753e-08 45.6147 -36.8141
0.181358 31.3157 103.063 -1.35981e-08 45.6208 -36.8168
0.188348 31.3076 103.065 -1.41207e-08 45.627 -36.8194
0.19534 31.2995 103.067 -1.46434e-08 45.6331 -36.8221
0.202331 31.2915 103.069 -1.51659e-08 45.6392 -36.8248
0.209324 31.2834 103.071 -1.56884e-08 45.6453 -36.8275
0.216317 31.2753 103.073 -1.62108e-08 45.6515 -36.8302
0.22331 31.2672 103.075 -1.67331e-08 45.6576 -36.8329
0.230304 31.2591 103.077 -1.72553e-08 45.6637 -36.8355
0.237298 31.251 103.079 -1.77775e-08 45.6699 -36.8382
0.244293 31.243 103.081 -1.82996e-08 45.676 -36.8409
0.251288 31.2349 103.083 -1.88217e-08 45.6822 -36.8436
0.258284 31.2268 103.085 -1.93437e-08 45.6883 -36.8463
0.265281 31.2187 103.087 -1.98656e-08 45.6944 -36.849
0.272278 31.2107 103.089 -2.03874e-08 45.7006 -36.8516
0.279275 31.2026 103.091 -2.09091e-08 45.7067 -36.8543
0.286273 31.1945 103.093 -2.14308e-08 45.7129 -36.857
0.293272 31.1864 103.095 -2.19525e-08 45.719 -36.8597
0.300271 31.1784 103.096 -2.2474e-08 45.7252 -36.8624
0.30727 31.1703 103.098 -2.29955e-08 45.7313 -36.8651
0.31427 31.1622 103.1 -2.35169e-08 45.7375 -36.8678
0.321271 31.1542 103.102 -2.40382e-08 45.7436 -36.8704
0.328272 31.1461 103.104 -2.45595e-08 45.7498 -36.8731
0.335274 31.138 103.106 -2.50807e-08 45.7559 -36.8758
0.342276 31.13 103.108 -2.56018e-08 45.7621 -36.8785
0.349278 31.1219 103.11 -2.61228e-08 45.7682 -36.8812
0.356281 31.1138 103.112 -2.66438e-08 45.7744 -36.8839
0.363285 31.1058 103.114 -2.71647e-08 45.7806 -36.8865
0.370289 31.0977 103.116 -2.76855e-08 45.7867 -36.8892
0.377294 31.0897 103.117 -2.82063e-08 45.7929 -36.8919
0.384299 31.0816 103.119 -2.8727e-08 45.7991 -36.8946
0.391305 31.0736 103.121 -2.92476e-08 45.8052 -36.8973
0.398311 31.0655 103.123 -2.97682e-08 45.8114 -36.9
0.405318 31.0574 103.125 -3.02886e-08 45.8176 -36.9026
0.412325 31.0494 103.127 -3.0809e-08 45.8238 -36.9053
0.419333 31.0413 103.129 -3.13294e-08 45.8299 -36.908
0.426341 31.0333 103.131 -3.18496e-08 45.8361 -36.9107
0.43335 31.0252 103.132 -3.23698e-08 45.8423 -36.9134
0.44036 31.0172 103.134 -3.28899e-08 45.8485 -36.9161
0.447369 31.0092 103.136 -3.341e-08 45.8547 -36.9187
0.45438 31.0011 103.138 -3.393e-08 45.8608 -36.9214
0.461391 30.9931 103.14 -3.44499e-08 45.867 -36.9241
0.468402 30.985 103.142 -3.49697e-08 45.8732 -36.9268
0.475414 30.977 103.144 -3.54895e-08 45.8794 -36.9295
0.482426 30.9689 103.145 -3.60092e-08 45.8856 -36.9322
0.489439 30.9609 103.147 -3.65288e-08 45.8918 -36.9349
0.496453 30.9529 103.149 -3.70483e-08 45.898 -36.9375
0.503467 30.9448 103.151 -3.75678e-08 45.9042 -36.9402
0.510481 30.9368 103.153 -3.80872e-08 45.9104 -36.9429
0.517496 30.9288 103.155 -3.86065e-08 45.9166 -36.9456
0.524512 30.9207 103.157 -3.91258e-08 45.9228 -36.9483
0.531528 30.9127 103.158 -3.9645e-08 45.929 -36.951
0.538544 30.9047 103.16 -4.01641e-08 45.9352 -36.9536
0.545561 30.8966 103.162 -4.06831e-08 45.9414 -36.9563
0.552579 30.8886 103.164 -4.12021e-08 45.9476 -36.959
0.559597 30.8806 103.166 -4.1721e-08 45.9538 -36.9617
0.566615 30.8726 103.167 -4.22398e-08 45.96 -36.9644
0.573634 30.8645 103.169 -4.27586e-08 45.9662 -36.9671
0.580654 30.8565 103.171 -4.32773e-08 45.9724 -36.9697
0.587674 30.8485 103.173 -4.37959e-08 45.9786 -36.9724
0.594695 30.8405 103.175 -4.43144e-08 45.9848 -36.9751
0.601716 30.8325 103.176 -4.48329e-08 45.9911 -36.9778
0.608737 30.8244 103.178 -4.53513e-08 45.9973 -36.9805
0.61576 30.8164 103.18 -4.58696e-08 46.0035 -36.9832
0.622782 30.8084 103.182 -4.63879e-08 46.0097 -36.9858
0.629805 30.8004 103.184 -4.69061e-08 46.0159 -36.9885
0.636829 30.7924 103.185 -4.74242e-08 46.0222 -36.9912
0.643853 30.7844 103.187 -4.79422e-08 46.0284 -36.9939
0.650878 30.7764 103.189 -4.84602e-08 46.0346 -36.9966
0.657903 30.7684 103.191 -4.89781e-08 46.0408 -36.9993
0.664929 30.7603 103.193 -4.94959e-08 46.0471 -37.002
0.671955 30.7523 103.194 -5.00136e-08 46.0533 -37.0046
0.678982 30.7443 103.196 -5.05313e-08 46.0595 -37.0073
0.686009 30.7363 103.198 -5.10489e-08 46.0658 -37.01
0.693037 30.7283 103.2 -5.15665e-08 46.072 -37.0127
0.700065 30.7203 103.201 -5.20839e-08 46.0782 -37.0154
0.707094 30.7123 103.203 -5.26013e-08 46.0845 -37.0181
0.714123 30.7043 103.205 -5.31186e-08 46.0907 -37.0207
0.721153 30.6963 103.207 -5.36359e-08 46.097 -37.0234
0.728183 30.6883 103.208 -5.4153e-08 46.1032 -37.0261
0.735214 30.6803 103.21 -5.46701e-08 46.1095 -37.0288
0.742245 30.6723 103.212 -5.51872e-08 46.1157 -37.0315
0.749277 30.6643 103.214 -5.57041e-08 46.122 -37.0342
0.756309 30.6564 103.215 -5.6221e-08 46.1282 -37.0368
0.763342 30.6484 103.217 -5.67378e-08 46.1345 -37.0395
0.770375 30.6404 103.219 -5.72545e-08 46.1407 -37.0422
0.777409 30.6324 103.221 -5.77712e-08 46.147 -37.0449
0.784444 30.6244 103.222 -5.82878e-08 46.1532 -37.0476
0.791479 30.6164 103.224 -5.88043e-08 46.1595 -37.0503
0.798514 30.6084 103.226 -5.93208e-08 46.1657 -37.0529
0.80555 30.6004 103.228 -5.98371e-08 46.172 -37.0556
0.812586 30.5925 103.229 -6.03534e-08 46.1783 -37.0583
0.819623 30.5845 103.231 -6.08697e-08 46.1845 -37.061
0.82666 30.5765 103.233 -6.13858e-08 46.1908 -37.0637
0.833698 30.5685 103.234 -6.19019e-08 46.1971 -37.0664
0.840737 30.5605 103.236 -6.24179e-08 46.2033 -37.069
0.847776 30.5526 103.238 -6.29339e-08 46.2096 -37.0717
0.854815 30.5446 103.24 -6.34497e-08 46.2159 -37.0744
0.861855 30.5366 103.241 -6.39655e-08 46.2221 -37.0771
0.868895 30.5287 103.243 -6.44813e-08 46.2284 -37.0798
0.875936 30.5207 103.245 -6.49969e-08 46.2347 -37.0825
0.882978 30.5127 103.246 -6.55125e-08 46.241 -37.0852
0.890019 30.5047 103.248 -6.6028e-08 46.2472 -37.0878
0.897062 30.4968 103.25 -6.65434e-08 46.2535 -37.0905
0.904105 30.4888 103.251 -6.70588e-08 46.2598 -37.0932
0.911148 30.4808 103.253 -6.75741e-08 46.2661 -37.0959
0.918192 30.4729 103.255 -6.80893e-08 46.2724 -37.0986
0.925237 30.4649 103.256 -6.86044e-08 46.2787 -37.1013
0.932282 30.457 103.258 -6.91195e-08 46.285 -37.1039
0.939327 30.449 103.26 -6.96345e-08 46.2912 -37.1066
0.946373 30.441 103.261 -7.01494e-08 46.2975 -37.1093
0.953419 30.4331 103.263 -7.06642e-08 46.3038 -37.112
0.960466 30.4251 103.265 -7.1179e-08 46.3101 -37.1147
0.967514 30.4172 103.266 -7.16937e-08 46.3164 -37.1174
0.974562 30.4092 103.268 -7.22084e-08 46.3227 -37.12
0.98161 30.4013 103.27 -7.27229e-08 46.329 -37.1227
0.988659 30.3933 103.271 -7.32374e-08 46.3353 -37.1254
0.995709 30.3854 103.273 -7.37518e-08 46.3416 -37.1281
1.00276 30.3774 103.275 -7.42662e-08 46.3479 -37.1308
1.00981 30.3695 103.276 -7.47804e-08 46.3542 -37.1335
1.01686 30.3615 103.278 -7.52946e-08 46.3605 -37.1361
1.02391 30.3536 103.28 -7.58087e-08 46.3668 -37.1388
1.03096 30.3456 103.281 -7.63228e-08 46.3732 -37.1415
1.03802 30.3377 103.283 -7.68368e-08 46.3795 -37.1442
1.04507 30.3297 103.284 -7.73507e-08 46.3858 -37.1469
1.05212 30.3218 103.286 -7.78645e-08 46.3921 -37.1496
1.05918 30.3139 103.288 -7.83782e-08 46.3984 -37.1523
1.06623 30.3059 103.289 -7.88919e-08 46.4047 -37.1549
1.07329 30.298 103.291 -7.94055e-08 46.4111 -37.1576
1.08034 30.2901 103.293 -7.99191e-08 46.4174 -37.1603
1.0874 30.2821 103.294 -8.04325e-08 46.4237 -37.163
1.09445 30.2742 103.296 -8.09459e-08 46.43 -37.1657
1.10151 30.2663 103.297 -8.14592e-08 46.4363 -37.1684
1.10857 30.2583 103.299 -8.19725e-08 46.4427 -37.171
1.11563 30.2504 103.301 -8.24856e-08 46.449 -37.1737
1.12268 30.2425 103.302 -8.29987e-08 46.4553 -37.1764
1.12974 30.2345 103.304 -8.35118e-08 46.4617 -37.1791
1.1368 30.2266 103.305 -8.40247e-08 46.468 -37.1818
1.14386 30.2187 103.307 -8.45376e-08 46.4743 -37.1845
1.15092 30.2108 103.309 -8.50504e-08 46.4807 -37.1871
1.15798 30.2029 103.31 -8.55631e-08 46.487 -37.1898
1.16505 30.1949 103.312 -8.60758e-08 46.4933 -37.1925
1.17211 30.187 103.313 -8.65884e-08 46.4997 -37.1952
1.17917 30.1791 103.315 -8.71009e-08 46.506 -37.1979
1.18623 30.1712 103.316 -8.76133e-08 46.5124 -37.2006
1.1933 30.1633 103.318 -8.81257e-08 46.5187 -37.2032
1.20036 30.1554 103.32 -8.8638e-08 46.5251 -37.2059
1.20743 30.1474 103.321 -8.91502e-08 46.5314 -37.2086
1.21449 30.1395 103.323 -8.96623e-08 46.5378 -37.2113
1.22156 30.1316 103.324 -9.01744e-08 46.5441 -37.214
1.22862 30.1237 103.326 -9.06864e-08 46.5505 -37.2167
1.23569 30.1158 103.327 -9.11983e-08 46.5568 -37.2193
1.24275 30.1079 103.329 -9.17102e-08 46.5632 -37.222
1.24982 30.1 103.33 -9.22219e-08 46.5695 -37.2247
1.25689 30.0921 103.332 -9.27336e-08 46.5759 -37.2274
1.26396 30.0842 103.334 -9.32453e-08 46.5822 -37.2301
1.27103 30.0763 103.335 -9.37568e-08 46.5886 -37.2328
1.2781 30.0684 103.337 -9.42683e-08 46.595 -37.2355
1.28517 30.0605 103.338 -9.47797e-08 46.6013 -37.2381
1.29224 30.0526 103.34 -9.52911e-08 46.6077 -37.2408
1.29931 30.0447 103.341 -9.58023e-08 46.6141 -37.2435
1.30638 30.0368 103.343 -9.63135e-08 46.6204 -37.2462
1.31345 30.0289 103.344 -9.68246e-08 46.6268 -37.2489
1.32052 30.021 103.346 -9.73357e-08 46.6332 -37.2516
1.3276 30.0131 103.347 -9.78466e-08 46.6395 -37.2542
1.33467 30.0052 103.349 -9.83575e-08 46.6459 -37.2569
1.34174 29.9973 103.35 -9.88683e-08 46.6523 -37.2596
1.34882 29.9895 103.352 -9.93791e-08 46.6587 -37.2623
1.35589 29.9816 103.353 -9.98898e-08 46.6651 -37.265
1.36297 29.9737 103.355 -1.004e-07 46.6714 -37.2677
1.37004 29.9658 103.356 -1.00911e-07 46.6778 -37.2703
1.37712 29.9579 103.358 -1.01421e-07 46.6842 -37.273
1.3842 29.95 103.359 -1.01932e-07 46.6906 -37.2757
1.39127 29.9422 103.361 -1.02442e-07 46.697 -37.2784
1.39835 29.9343 103.362 -1.02952e-07 46.7034 -37.2811
1.40543 29.9264 103.364 -1.03462e-07 46.7098 -37.2838
1.41251 29.9185 103.365 -1.03972e-07 46.7161 -37.2864
1.41959 29.9107 103.367 -1.04483e-07 46.7225 -37.2891
1.42667 29.9028 103.368 -1.04992e-07 46.7289 -37.2918
1.43375 29.8949 103.37 -1.05502e-07 46.7353 -37.2945
1.44083 29.887 103.371 -1.06012e-07 46.7417 -37.2972
1.44791 29.8792 103.373 -1.06522e-07 46.7481 -37.2999
1.45499 29.8713 103.374 -1.07031e-07 46.7545 -37.3026
1.46208 29.8634 103.376 -1.07541e-07 46.7609 -37.3052
1.46916 29.8556 103.377 -1.0805e-07 46.7673 -37.3079
1.47624 29.8477 103.379 -1.0856e-07 46.7737 -37.3106
1.48332 29.8398 103.38 -1.09069e-07 46.7801 -37.3133
1.49041 29.832 103.381 -1.09579e-07 46.7865 -37.316
1.49749 29.8241 103.383 -1.10088e-07 46.793 -37.3187
1.50458 29.8163 103.384 -1.10597e-07 46.7994 -37.3213
1.51166 29.8084 103.386 -1.11106e-07 46.8058 -37.324
1.51875 29.8006 103.387 -1.11615e-07 46.8122 -37.3267
1.52584 29.7927 103.389 -1.12124e-07 46.8186 -37.3294
1.53292 29.7848 103.39 -1.12633e-07 46.825 -37.3321
1.54001 29.777 103.392 -1.13141e-07 46.8314 -37.3348
1.5471 29.7691 103.393 -1.1365e-07 46.8379 -37.3374
1.55419 29.7613 103.394 -1.14159e-07 46.8443 -37.3401
1.56128 29.7534 103.396 -1.14667e-07 46.8507 -37.3428
1.56837 29.7456 103.397 -1.15176e-07 46.8571 -37.3455
1.57546 29.7377 103.399 -1.15684e-07 46.8636 -37.3482
1.58255 29.7299 103.4 -1.16192e-07 46.87 -37.3509
1.58964 29.7221 103.402 -1.16701e-07 46.8764 -37.3535
1.59673 29.7142 103.403 -1.17209e-07 46.8828 -37.3562
1.60382 29.7064 103.404 -1.17717e-07 46.8893 -37.3589
1.61091 29.6985 103.406 -1.18225e-07 46.8957 -37.3616
1.61801 29.6907 103.407 -1.18733e-07 46.9021 -37.3643
1.6251 29.6829 103.409 -1.19241e-07 46.9086 -37.367
1.6322 29.675 103.41 -1.19748e-07 46.915 -37.3697
1.63929 29.6672 103.411 -1.20256e-07 46.9215 -37.3723
1.64638 29.6594 103.413 -1.20764e-07 46.9279 -37.375
1.65348 29.6515 103.414 -1.21271e-07 46.9343 -37.3777
1.66058 29.6437 103.416 -1.21779e-07 46.9408 -37.3804
1.66767 29.6359 103.417 -1.22286e-07 46.9472 -37.3831
1.67477 29.628 103.418 -1.22794e-07 46.9537 -37.3858
1.68187 29.6202 103.42 -1.23301e-07 46.9601 -37.3884
1.68896 29.6124 103.421 -1.23808e-07 46.9666 -37.3911
1.69606 29.6046 103.422 -1.24315e-07 46.973 -37.3938
1.70316 29.5967 103.424 -1.24822e-07 46.9795 -37.3965
1.71026 29.5889 103.425 -1.25329e-07 46.9859 -37.3992
1.71736 29.5811 103.427 -1.25836e-07 46.9924 -37.4019
1.72446 29.5733 103.428 -1.26343e-07 46.9988 -37.4045
1.73156 29.5655 103.429 -1.2685e-07 47.0053 -37.4072
1.73866 29.5576 103.431 -1.27356e-07 47.0118 -37.4099
1.74577 29.5498 103.432 -1.27863e-07 47.0182 -37.4126
1.75287 29.542 103.433 -1.28369e-07 47.0247 -37.4153
1.75997 29.5342 103.435 -1.28876e-07 47.0311 -37.418
1.76707 29.5264 103.436 -1.29382e-07 47.0376 -37.4206
1.77418 29.5186 103.437 -1.29889e-07 47.0441 -37.4233
1.78128 29.5108 103.439 -1.30395e-07 47.0505 -37.426
1.78839 29.503 103.44 -1.30901e-07 47.057 -37.4287
1.79549 29.4952 103.441 -1.31407e-07 47.0635 -37.4314
1.8026 29.4874 103.443 -1.31913e-07 47.07 -37.4341
1.8097 29.4796 103.444 -1.32419e-07 47.0764 -37.4367
1.81681 29.4718 103.445 -1.32925e-07 47.0829 -37.4394
1.82392 29.464 103.447 -1.33431e-07 47.0894 -37.4421
1.83102 29.4562 103.448 -1.33936e-07 47.0959 -37.4448
1.83813 29.4484 103.449 -1.34442e-07 47.1023 -37.4475
1.84524 29.4406 103.451 -1.34947e-07 47.1088 -37.4502
1.85235 29.4328 103.452 -1.35453e-07 47.1153 -37.4529
1.85946 29.425 103.453 -1.35958e-07 47.1218 -37.4555
1.86657 29.4172 103.455 -1.36464e-07 47.1283 -37.4582
1.87368 29.4094 103.456 -1.36969e-07 47.1348 -37.4609
1.88079 29.4016 103.457 -1.37474e-07 47.1413 -37.4636
1.8879 29.3938 103.458 -1.37979e-07 47.1477 -37.4663
1.89501 29.386 103.46 -1.38484e-07 47.1542 -37.469
1.90213 29.3782 103.461 -1.38989e-07 47.1607 -37.4716
1.90924 29.3705 103.462 -1.39494e-07 47.1672 -37.4743
1.91635 29.3627 103.464 -1.39999e-07 47.1737 -37.477
1.92347 29.3549 103.465 -1.40504e-07 47.1802 -37.4797
1.93058 29.3471 103.466 -1.41008e-07 47.1867 -37.4824
1.93769 29.3393 103.467 -1.41513e-07 47.1932 -37.4851
1.94481 29.3315 103.469 -1.42017e-07 47.1997 -37.4877
1.95193 29.3238 103.47 -1.42522e-07 47.2062 -37.4904
1.95904 29.316 103.471 -1.43026e-07 47.2127 -37.4931
1.96616 29.3082 103.473 -1.4353e-07 47.2192 -37.4958
1.97328 29.3004 103.474 -1.44035e-07 47.2257 -37.4985
1.98039 29.2927 103.475 -1.44539e-07 47.2323 -37.5012
1.98751 29.2849 103.476 -1.45043e-07 47.2388 -37.5038
1.99463 29.2771 103.478 -1.45547e-07 47.2453 -37.5065
2.00175 29.2694 103.479 -1.46051e-07 47.2518 -37.5092
2.00887 29.2616 103.48 -1.46555e-07 47.2583 -37.5119
2.01599 29.2538 103.481 -1.47058e-07 47.2648 -37.5146
2.02311 29.2461 103.483 -1.47562e-07 47.2713 -37.5173
2.03023 29.2383 103.484 -1.48066e-07 47.2779 -37.52
2.03735 29.2306 103.485 -1.48569e-07 47.2844 -37.5226
2.04447 29.2228 103.486 -1.49073e-07 47.2909 -37.5253
2.0516 29.215 103.488 -1.49576e-07 47.2974 -37.528
2.05872 29.2073 103.489 -1.50079e-07 47.3039 -37.5307
2.06584 29.1995 103.49 -1.50583e-07 47.3105 -37.5334
2.07297 29.1918 103.491 -1.51086e-07 47.317 -37.5361
2.08009 29.184 103.492 -1.51589e-07 47.3235 -37.5387
2.08721 29.1763 103.494 -1.52092e-07 47.3301 -37.5414
2.09434 29.1685 103.495 -1.52595e-07 47.3366 -37.5441
2.10147 29.1608 103.496 -1.53098e-07 47.3431 -37.5468
2.10859 29.153 103.497 -1.53601e-07 47.3497 -37.5495
2.11572 29.1453 103.499 -1.54103e-07 47.3562 -37.5522
2.12285 29.1375 103.5 -1.54606e-07 47.3627 -37.5548
2.12997 29.1298 103.501 -1.55108e-07 47.3693 -37.5575
2.1371 29.122 103.502 -1.55611e-07 47.3758 -37.5602
2.14423 29.1143 103.503 -1.56113e-07 47.3824 -37.5629
2.15136 29.1066 103.505 -1.56616e-07 47.3889 -37.5656
2.15849 29.0988 103.506 -1.57118e-07 47.3955 -37.5683
2.16562 29.0911 103.507 -1.5762e-07 47.402 -37.5709
2.17275 29.0833 103.508 -1.58122e-07 47.4085 -37.5736
2.17988 29.0756 103.509 -1.58624e-07 47.4151 -37.5763
2.18701 29.0679 103.51 -1.59126e-07 47.4216 -37.579
2.19414 29.0601 103.512 -1.59628e-07 47.4282 -37.5817
2.20128 29.0524 103.513 -1.6013e-07 47.4348 -37.5844
2.20841 29.0447 103.514 -1.60632e-07 47.4413 -37.5871
2.21554 29.037 103.515 -1.61133e-07 47.4479 -37.5897
2.22268 29.0292 103.516 -1.61635e-07 47.4544 -37.5924
2.22981 29.0215 103.518 -1.62136e-07 47.461 -37.5951
2.23695 29.0138 103.519 -1.62638e-07 47.4675 -37.5978
2.24408 29.0061 103.52 -1.63139e-07 47.4741 -37.6005
2.25122 28.9983 103.521 -1.63641e-07 47.4807 -37.6032
2.25835 28.9906 103.522 -1.64142e-07 47.4872 -37.6058
2.26549 28.9829 103.523 -1.64643e-07 47.4938 -37.6085
2.27263 28.9752 103.524 -1.65144e-07 47.5004 -37.6112
2.27976 28.9675 103.526 -1.65645e-07 47.5069 -37.6139
2.2869 28.9598 103.527 -1.66146e-07 47.5135 -37.6166
2.29404 28.952 103.528 -1.66647e-07 47.5201 -37.6193
2.30118 28.9443 103.529 -1.67147e-07 47.5267 -37.6219
2.30832 28.9366 103.53 -1.67648e-07 47.5332 -37.6246
2.31546 28.9289 103.531 -1.68149e-07 47.5398 -37.6273
2.3226 28.9212 103.532 -1.68649e-07 47.5464 -37.63
2.32974 28.9135 103.534 -1.6915e-07 47.553 -37.6327
2.33688 28.9058 103.535 -1.6965e-07 47.5596 -37.6354
2.34402 28.8981 103.536 -1.7015e-07 47.5661 -37.638
2.35117 28.8904 103.537 -1.70651e-07 47.5727 -37.6407
2.35831 28.8827 103.538 -1.71151e-07 47.5793 -37.6434
2.36545 28.875 103.539 -1.71651e-07 47.5859 -37.6461
2.37259 28.8673 103.54 -1.72151e-07 47.5925 -37.6488
2.37974 28.8596 103.541 -1.72651e-07 47.5991 -37.6515
2.38688 28.8519 103.542 -1.73151e-07 47.6057 -37.6541
2.39403 28.8442 103.544 -1.73651e-07 47.6123 -37.6568
2.40117 28.8365 103.545 -1.7415e-07 47.6188 -37.6595
2.40832 28.8288 103.546 -1.7465e-07 47.6254 -37.6622
2.41547 28.8211 103.547 -1.75149e-07 47.632 -37.6649
2.42261 28.8135 103.548 -1.75649e-07 47.6386 -37.6676
2.42976 28.8058 103.549 -1.76148e-07 47.6452 -37.6703
2.43691 28.7981 103.55 -1.76648e-07 47.6518 -37.6729
2.44406 28.7904 103.551 -1.77147e-07 47.6584 -37.6756
2.45121 28.7827 103.552 -1.77646e-07 47.665 -37.6783
2.45836 28.775 103.553 -1.78145e-07 47.6716 -37.681
2.46551 28.7674 103.554 -1.78644e-07 47.6783 -37.6837
2.47266 28.7597 103.555 -1.79143e-07 47.6849 -37.6864
2.47981 28.752 103.557 -1.79642e-07 47.6915 -37.689
2.48696 28.7443 103.558 -1.80141e-07 47.6981 -37.6917
2.49411 28.7366 103.559 -1.8064e-07 47.7047 -37.6944
2.50126 28.729 103.56 -1.81138e-07 47.7113 -37.6971
2.50841 28.7213 103.561 -1.81637e-07 47.7179 -37.6998
2.51557 28.7136 103.562 -1.82135e-07 47.7245 -37.7025
2.52272 28.706 103.563 -1.82634e-07 47.7312 -37.7051
2.52987 28.6983 103.564 -1.83132e-07 47.7378 -37.7078
2.53703 28.6906 103.565 -1.8363e-07 47.7444 -37.7105
2.54418 28.683 103.566 -1.84129e-07 47.751 -37.7132
2.55134 28.6753 103.567 -1.84627e-07 47.7576 -37.7159
2.5585 28.6676 103.568 -1.85125e-07 47.7643 -37.7186
2.56565 28.66 103.569 -1.85623e-07 47.7709 -37.7212
2.57281 28.6523 103.57 -1.86121e-07 47.7775 -37.7239
2.57997 28.6447 103.571 -1.86618e-07 47.7842 -37.7266
2.58712 28.637 103.572 -1.87116e-07 47.7908 -37.7293
2.59428 28.6293 103.573 -1.87614e-07 47.7974 -37.732
2.60144 28.6217 103.574 -1.88111e-07 47.804 -37.7347
2.6086 28.614 103.575 -1.88609e-07 47.8107 -37.7374
2.61576 28.6064 103.576 -1.89106e-07 47.8173 -37.74
2.62292 28.5987 103.577 -1.89604e-07 47.824 -37.7427
2.63008 28.5911 103.578 -1.90101e-07 47.8306 -37.7454
2.63724 28.5834 103.579 -1.90598e-07 47.8372 -37.7481
2.6444 28.5758 103.58 -1.91095e-07 47.8439 -37.7508
2.65156 28.5681 103.581 -1.91592e-07 47.8505 -37.7535
2.65873 28.5605 103.582 -1.92089e-07 47.8572 -37.7561
2.66589 28.5529 103.583 -1.92586e-07 47.8638 -37.7588
2.67305 28.5452 103.584 -1.93083e-07 47.8705 -37.7615
2.68022 28.5376 103.585 -1.9358e-07 47.8771 -37.7642
2.68738 28.5299 103.586 -1.94077e-07 47.8838 -37.7669
2.69454 28.5223 103.587 -1.94573e-07 47.8904 -37.7696
2.70171 28.5147 103.588 -1.9507e-07 47.8971 -37.7722
2.70887 28.507 103.589 -1.95566e-07 47.9037 -37.7749
2.71604 28.4994 103.59 -1.96063e-07 47.9104 -37.7776
2.72321 28.4918 103.591 -1.96559e-07 47.917 -37.7803
2.73037 28.4842 103.592 -1.97055e-07 47.9237 -37.783
2.73754 28.4765 103.593 -1.97551e-07 47.9303 -37.7857
2.74471 28.4689 103.594 -1.98047e-07 47.937 -37.7883
2.75188 28.4613 103.595 -1.98543e-07 47.9437 -37.791
2.75905 28.4536 103.596 -1.99039e-07 47.9503 -37.7937
2.76622 28.446 103.597 -1.99535e-07 47.957 -37.7964
2.77339 28.4384 103.598 -2.00031e-07 47.9637 -37.7991
2.78056 28.4308 103.599 -2.00527e-07 47.9703 -37.8018
2.78773 28.4232 103.6 -2.01022e-07 47.977 -37.8045
2.7949 28.4156 103.601 -2.01518e-07 47.9837 -37.8071
2.80207 28.4079 103.602 -2.02013e-07 47.9904 -37.8098
2.80924 28.4003 103.603 -2.02509e-07 47.997 -37.8125
2.81641 28.3927 103.604 -2.03004e-07 48.0037 -37.8152
2.82359 28.3851 103.605 -2.03499e-07 48.0104 -37.8179
2.83076 28.3775 103.605 -2.03995e-07 48.0171 -37.8206
2.83793 28.3699 103.606 -2.0449e-07 48.0237 -37.8232
2.84511 28.3623 103.607 -2.04985e-07 48.0304 -37.8259
2.85228 28.3547 103.608 -2.0548e-07 48.0371 -37.8286
2.85946 28.3471 103.609 -2.05974e-07 48.0438 -37.8313
2.86663 28.3395 103.61 -2.06469e-07 48.0505 -37.834
2.87381 28.3319 103.611 -2.06964e-07 48.0572 -37.8367
2.88099 28.3243 103.612 -2.07459e-07 48.0638 -37.8393
2.88816 28.3167 103.613 -2.07953e-07 48.0705 -37.842
2.89534 28.3091 103.614 -2.08448e-07 48.0772 -37.8447
2.90252 28.3015 103.615 -2.08942e-07 48.0839 -37.8474
2.9097 28.2939 103.616 -2.09436e-07 48.0906 -37.8501
2.91688 28.2863 103.616 -2.09931e-07 48.0973 -37.8528
2.92405 28.2787 103.617 -2.10425e-07 48.104 -37.8554
2.93123 28.2711 103.618 -2.10919e-07 48.1107 -37.8581
2.93841 28.2635 103.619 -2.11413e-07 48.1174 -37.8608
2.9456 28.2559 103.62 -2.11907e-07 48.1241 -37.8635
2.95278 28.2483 103.621 -2.12401e-07 48.1308 -37.8662
2.95996 28.2407 103.622 -2.12895e-07 48.1375 -37.8689
2.96714 28.2332 103.623 -2.13388e-07 48.1442 -37.8715
2.97432 28.2256 103.624 -2.13882e-07 48.1509 -37.8742
2.98151 28.218 103.624 -2.14376e-07 48.1576 -37.8769
2.98869 28.2104 103.625 -2.14869e-07 48.1643 -37.8796
2.99587 28.2028 103.626 -2.15363e-07 48.171 -37.8823
3.00306 28.1953 103.627 -2.15856e-07 48.1777 -37.885
3.01024 28.1877 103.628 -2.16349e-07 48.1845 -37.8877
3.01743 28.1801 103.629 -2.16842e-07 48.1912 -37.8903
3.02461 28.1726 103.63 -2.17336e-07 48.1979 -37.893
3.0318 28.165 103.63 -2.17829e-07 48.2046 -37.8957
3.03899 28.1574 103.631 -2.18322e-07 48.2113 -37.8984
3.04617 28.1498 103.632 -2.18814e-07 48.218 -37.9011
3.05336 28.1423 103.633 -2.19307e-07 48.2248 -37.9038
3.06055 28.1347 103.634 -2.198e-07 48.2315 -37.9064
3.06774 28.1271 103.635 -2.20293e-07 48.2382 -37.9091
3.07492 28.1196 103.635 -2.20785e-07 48.2449 -37.9118
3.08211 28.112 103.636 -2.21278e-07 48.2517 -37.9145
3.0893 28.1045 103.637 -2.2177e-07 48.2584 -37.9172
3.09649 28.0969 103.638 -2.22263e-07 48.2651 -37.9199
3.10368 28.0894 103.639 -2.22755e-07 48.2718 -37.9225
3.11088 28.0818 103.64 -2.23247e-07 48.2786 -37.9252
3.11807 28.0742 103.64 -2.23739e-07 48.2853 -37.9279
3.12526 28.0667 103.641 -2.24231e-07 48.292 -37.9306
3.13245 28.0591 103.642 -2.24723e-07 48.2988 -37.9333
3.13964 28.0516 103.643 -2.25215e-07 48.3055 -37.936
3.14684 28.044 103.644 -2.25707e-07 48.3123 -37.9386
3.15403 28.0365 103.645 -2.26199e-07 48.319 -37.9413
3.16123 28.029 103.645 -2.26691e-07 48.3257 -37.944
3.16842 28.0214 103.646 -2.27182e-07 48.3325 -37.9467
3.17562 28.0139 103.647 -2.27674e-07 48.3392 -37.9494
3.18281 28.0063 103.648 -2.28165e-07 48.346 -37.9521
3.19001 27.9988 103.648 -2.28656e-07 48.3527 -37.9548
3.1972 27.9912 103.649 -2.29148e-07 48.3595 -37.9574
3.2044 27.9837 103.65 -2.29639e-07 48.3662 -37.9601
3.2116 27.9762 103.651 -2.3013e-07 48.373 -37.9628
3.2188 27.9686 103.652 -2.30621e-07 48.3797 -37.9655
3.22599 27.9611 103.652 -2.31112e-07 48.3865 -37.9682
3.23319 27.9536 103.653 -2.31603e-07 48.3932 -37.9709
3.24039 27.946 103.654 -2.32094e-07 48.4 -37.9735
3.24759 27.9385 103.655 -2.32585e-07 48.4067 -37.9762
3.25479 27.931 103.656 -2.33075e-07 48.4135 -37.9789
3.26199 27.9235 103.656 -2.33566e-07 48.4203 -37.9816
3.26919 27.9159 103.657 -2.34057e-07 48.427 -37.9843
3.27639 27.9084 103.658 -2.34547e-07 48.4338 -37.987
3.2836 27.9009 103.659 -2.35037e-07 48.4405 -37.9896
3.2908 27.8934 103.659 -2.35528e-07 48.4473 -37.9923
3.298 27.8859 103.66 -2.36018e-07 48.4541 -37.995
3.3052 27.8783 103.661 -2.36508e-07 48.4608 -37.9977
3.31241 27.8708 103.662 -2.36998e-07 48.4676 -38.0004
3.31961 27.8633 103.662 -2.37488e-07 48.4744 -38.0031
3.32682 27.8558 103.663 -2.37978e-07 48.4812 -38.0057
3.33402 27.8483 103.664 -2.38468e-07 48.4879 -38.0084
3.34123 27.8408 103.665 -2.38958e-07 48.4947 -38.0111
3.34843 27.8333 103.665 -2.39448e-07 48.5015 -38.0138
3.35564 27.8258 103.666 -2.39937e-07 48.5083 -38.0165
3.36285 27.8183 103.667 -2.40427e-07 48.515 -38.0192
3.37005 27.8108 103.667 -2.40916e-07 48.5218 -38.0219
3.37726 27.8033 103.668 -2.41406e-07 48.5286 -38.0245
3.38447 27.7958 103.669 -2.41895e-07 48.5354 -38.0272
3.39168 27.7883 103.67 -2.42384e-07 48.5422 -38.0299
3.39889 27.7808 103.67 -2.42873e-07 48.549 -38.0326
3.4061 27.7733 103.671 -2.43362e-07 48.5557 -38.0353
3.41331 27.7658 103.672 -2.43851e-07 48.5625 -38.038
3.42052 27.7583 103.672 -2.4434e-07 48.5693 -38.0406
3.42773 27.7508 103.673 -2.44829e-07 48.5761 -38.0433
3.43494 27.7433 103.674 -2.45318e-07 48.5829 -38.046
3.44215 27.7358 103.674 -2.45807e-07 48.5897 -38.0487
3.44936 27.7283 103.675 -2.46295e-07 48.5965 -38.0514
3.45657 27.7208 103.676 -2.46784e-07 48.6033 -38.0541
3.46379 27.7133 103.677 -2.47272e-07 48.6101 -38.0567
3.471 27.7059 103.677 -2.47761e-07 48.6169 -38.0594
3.47821 27.6984 103.678 -2.48249e-07 48.6237 -38.0621
3.48543 27.6909 103.679 -2.48737e-07 48.6305 -38.0648
3.49264 27.6834 103.679 -2.49226e-07 48.6373 -38.0675
3.49986 27.6759 103.68 -2.49714e-07 48.6441 -38.0702
3.50707 27.6685 103.681 -2.50202e-07 48.6509 -38.0728
3.51429 27.661 103.681 -2.5069e-07 48.6577 -38.0755
3.52151 27.6535 103.682 -2.51178e-07 48.6645 -38.0782
3.52872 27.646 103.683 -2.51665e-07 48.6713 -38.0809
3.53594 27.6386 103.683 -2.52153e-07 48.6781 -38.0836
3.54316 27.6311 103.684 -2.52641e-07 48.685 -38.0863
3.55038 27.6236 103.685 -2.53128e-07 48.6918 -38.0889
3.55759 27.6162 103.685 -2.53616e-07 48.6986 -38.0916
3.56481 27.6087 103.686 -2.54103e-07 48.7054 -38.0943
3.57203 27.6012 103.687 -2.54591e-07 48.7122 -38.097
3.57925 27.5938 103.687 -2.55078e-07 48.719 -38.0997
3.58647 27.5863 103.688 -2.55565e-07 48.7259 -38.1024
3.59369 27.5789 103.688 -2.56052e-07 48.7327 -38.1051
3.60092 27.5714 103.689 -2.56539e-07 48.7395 -38.1077
3.60814 27.564 103.69 -2.57026e-07 48.7463 -38.1104
3.61536 27.5565 103.69 -2.57513e-07 48.7532 -38.1131
3.62258 27.549 103.691 -2.58e-07 48.76 -38.1158
3.62981 27.5416 103.692 -2.58486e-07 48.7668 -38.1185
3.63703 27.5341 103.692 -2.58973e-07 48.7736 -38.1212
3.64425 27.5267 103.693 -2.5946e-07 48.7805 -38.1238
3.65148 27.5192 103.693 -2.59946e-07 48.7873 -38.1265
3.6587 27.5118 103.694 -2.60433e-07 48.7941 -38.1292
3.66593 27.5044 103.695 -2.60919e-07 48.801 -38.1319
3.67315 27.4969 103.695 -2.61405e-07 48.8078 -38.1346
3.68038 27.4895 103.696 -2.61891e-07 48.8147 -38.1373
3.68761 27.482 103.696 -2.62378e-07 48.8215 -38.1399
3.69483 27.4746 103.697 -2.62864e-07 48.8283 -38.1426
3.70206 27.4672 103.698 -2.6335e-07 48.8352 -38.1453
3.70929 27.4597 103.698 -2.63835e-07 48.842 -38.148
3.71652 27.4523 103.699 -2.64321e-07 48.8489 -38.1507
3.72374 27.4449 103.699 -2.64807e-07 48.8557 -38.1534
3.73097 27.4374 103.7 -2.65293e-07 48.8626 -38.156
3.7382 27.43 103.701 -2.65778e-07 48.8694 -38.1587
3.74543 27.4226 103.701 -2.66264e-07 48.8763 -38.1614
3.75266 27.4151 103.702 -2.66749e-07 48.8831 -38.1641
3.75989 27.4077 103.702 -2.67235e-07 48.89 -38.1668
3.76713 27.4003 103.703 -2.6772e-07 48.8968 -38.1695
3.77436 27.3929 103.703 -2.68205e-07 48.9037 -38.1722
3.78159 27.3854 103.704 -2.6869e-07 48.9105 -38.1748
3.78882 27.378 103.705 -2.69175e-07 48.9174 -38.1775
3.79606 27.3706 103.705 -2.6966e-07 48.9242 -38.1802
3.80329 27.3632 103.706 -2.70145e-07 48.9311 -38.1829
3.81052 27.3558 103.706 -2.7063e-07 48.938 -38.1856
3.81776 27.3484 103.707 -2.71115e-07 48.9448 -38.1883
3.82499 27.341 103.707 -2.71599e-07 48.9517 -38.1909
3.83223 27.3335 103.708 -2.72084e-07 48.9586 -38.1936
3.83946 27.3261 103.708 -2.72568e-07 48.9654 -38.1963
3.8467 27.3187 103.709 -2.73053e-07 48.9723 -38.199
3.85394 27.3113 103.71 -2.73537e-07 48.9792 -38.2017
3.86117 27.3039 103.71 -2.74022e-07 48.986 -38.2044
3.86841 27.2965 103.711 -2.74506e-07 48.9929 -38.207
3.87565 27.2891 103.711 -2.7499e-07 48.9998 -38.2097
3.88289 27.2817 103.712 -2.75474e-07 49.0066 -38.2124
3.89012 27.2743 103.712 -2.75958e-07 49.0135 -38.2151
3.89736 27.2669 103.713 -2.76442e-07 49.0204 -38.2178
3.9046 27.2595 103.713 -2.76926e-07 49.0273 -38.2205
3.91184 27.2521 103.714 -2.77409e-07 49.0342 -38.2231
3.91908 27.2447 103.714 -2.77893e-07 49.041 -38.2258
3.92632 27.2373 103.715 -2.78377e-07 49.0479 -38.2285
3.93357 27.2299 103.715 -2.7886e-07 49.0548 -38.2312
3.94081 27.2226 103.716 -2.79344e-07 49.0617 -38.2339
3.94805 27.2152 103.716 -2.79827e-07 49.0686 -38.2366
3.95529 27.2078 103.717 -2.8031e-07 49.0755 -38.2393
3.96253 27.2004 103.717 -2.80794e-07 49.0824 -38.2419
3.96978 27.193 103.718 -2.81277e-07 49.0892 -38.2446
3.97702 27.1856 103.718 -2.8176e-07 49.0961 -38.2473
3.98427 27.1783 103.719 -2.82243e-07 49.103 -38.25
3.99151 27.1709 103.719 -2.82726e-07 49.1099 -38.2527
3.99876 27.1635 103.72 -2.83209e-07 49.1168 -38.2554
4.006 27.1561 103.72 -2.83691e-07 49.1237 -38.258
4.01325 27.1488 103.721 -2.84174e-07 49.1306 -38.2607
4.02049 27.1414 103.721 -2.84657e-07 49.1375 -38.2634
4.02774 27.134 103.722 -2.85139e-07 49.1444 -38.2661
4.03499 27.1266 103.722 -2.85622e-07 49.1513 -38.2688
4.04224 27.1193 103.723 -2.86104e-07 49.1582 -38.2715
4.04948 27.1119 103.723 -2.86586e-07 49.1651 -38.2741
4.05673 27.1045 103.723 -2.87068e-07 49.172 -38.2768
4.06398 27.0972 103.724 -2.87551e-07 49.1789 -38.2795
4.07123 27.0898 103.724 -2.88033e-07 49.1858 -38.2822
4.07848 27.0825 103.725 -2.88515e-07 49.1928 -38.2849
4.08573 27.0751 103.725 -2.88997e-07 49.1997 -38.2876
4.09298 27.0677 103.726 -2.89478e-07 49.2066 -38.2902
4.10023 27.0604 103.726 -2.8996e-07 49.2135 -38.2929
4.10748 27.053 103.727 -2.90442e-07 49.2204 -38.2956
4.11474 27.0457 103.727 -2.90924e-07 49.2273 -38.2983
4.12199 27.0383 103.727 -2.91405e-07 49.2342 -38.301
4.12924 27.031 103.728 -2.91887e-07 49.2412 -38.3037
4.13649 27.0236 103.728 -2.92368e-07 49.2481 -38.3063
4.14375 27.0163 103.729 -2.92849e-07 49.255 -38.309
4.151 27.0089 103.729 -2.9333e-07 49.2619 -38.3117
4.15826 27.0016 103.73 -2.93812e-07 49.2688 -38.3144
4.16551 26.9943 103.73 -2.94293e-07 49.2758 -38.3171
4.17277 26.9869 103.73 -2.94774e-07 49.2827 -38.3198
4.18002 26.9796 103.731 -2.95255e-07 49.2896 -38.3225
4.18728 26.9722 103.731 -2.95736e-07 49.2966 -38.3251
4.19453 26.9649 103.732 -2.96216e-07 49.3035 -38.3278
4.20179 26.9576 103.732 -2.96697e-07 49.3104 -38.3305
4.20905 26.9502 103.732 -2.97178e-07 49.3173 -38.3332
4.21631 26.9429 103.733 -2.97658e-07 49.3243 -38.3359
4.22356 26.9356 103.733 -2.98139e-07 49.3312 -38.3386
4.23082 26.9282 103.734 -2.98619e-07 49.3382 -38.3412
4.23808 26.9209 103.734 -2.99099e-07 49.3451 -38.3439
4.24534 26.9136 103.734 -2.9958e-07 49.352 -38.3466
4.2526 26.9063 103.735 -3.0006e-07 49.359 -38.3493
4.25986 26.8989 103.735 -3.0054e-07 49.3659 -38.352
4.26712 26.8916 103.736 -3.0102e-07 49.3729 -38.3547
4.27438 26.8843 103.736 -3.015e-07 49.3798 -38.3573
4.28165 26.877 103.736 -3.0198e-07 49.3867 -38.36
4.28891 26.8697 103.737 -3.02459e-07 49.3937 -38.3627
4.29617 26.8624 103.737 -3.02939e-07 49.4006 -38.3654
4.30343 26.855 103.737 -3.03419e-07 49.4076 -38.3681
4.3107 26.8477 103.738 -3.03898e-07 49.4145 -38.3708
4.31796 26.8404 103.738 -3.04378e-07 49.4215 -38.3734
4.32522 26.8331 103.738 -3.04857e-07 49.4284 -38.3761
4.33249 26.8258 103.739 -3.05336e-07 49.4354 -38.3788
4.33975 26.8185 103.739 -3.05816e-07 49.4424 -38.3815
4.34702 26.8112 103.739 -3.06295e-07 49.4493 -38.3842
4.35428 26.8039 103.74 -3.06774e-07 49.4563 -38.3869
4.36155 26.7966 103.74 -3.07253e-07 49.4632 -38.3896
4.36882 26.7893 103.741 -3.07732e-07 49.4702 -38.3922
4.37608 26.782 103.741 -3.08211e-07 49.4772 -38.3949
4.38335 26.7747 103.741 -3.0869e-07 49.4841 -38.3976
4.39062 26.7674 103.742 -3.09168e-07 49.4911 -38.4003
4.39789 26.7601 103.742 -3.09647e-07 49.4981 -38.403
4.40516 26.7528 103.742 -3.10126e-07 49.505 -38.4057
4.41243 26.7455 103.742 -3.10604e-07 49.512 -38.4083
4.4197 26.7382 103.743 -3.11082e-07 49.519 -38.411
4.42697 26.7309 103.743 -3.11561e-07 49.5259 -38.4137
4.43424 26.7237 103.743 -3.12039e-07 49.5329 -38.4164
4.44151 26.7164 103.744 -3.12517e-07 49.5399 -38.4191
4.44878 26.7091 103.744 -3.12995e-07 49.5468 -38.4218
4.45605 26.7018 103.744 -3.13473e-07 49.5538 -38.4244
4.46332 26.6945 103.745 -3.13951e-07 49.5608 -38.4271
4.47059 26.6873 103.745 -3.14429e-07 49.5678 -38.4298
4.47787 26.68 103.745 -3.14907e-07 49.5748 -38.4325
4.48514 26.6727 103.746 -3.15385e-07 49.5817 -38.4352
4.49241 26.6654 103.746 -3.15862e-07 49.5887 -38.4379
4.49969 26.6582 103.746 -3.1634e-07 49.5957 -38.4405
4.50696 26.6509 103.746 -3.16817e-07 49.6027 -38.4432
4.51424 26.6436 103.747 -3.17295e-07 49.6097 -38.4459
4.52151 26.6363 103.747 -3.17772e-07 49.6167 -38.4486
4.52879 26.6291 103.747 -3.18249e-07 49.6237 -38.4513
4.53606 26.6218 103.748 -3.18727e-07 49.6306 -38.454
4.54334 26.6145 103.748 -3.19204e-07 49.6376 -38.4566
4.55062 26.6073 103.748 -3.19681e-07 49.6446 -38.4593
4.5579 26.6 103.748 -3.20158e-07 49.6516 -38.462
4.56517 26.5928 103.749 -3.20635e-07 49.6586 -38.4647
4.57245 26.5855 103.749 -3.21111e-07 49.6656 -38.4674
4.57973 26.5783 103.749 -3.21588e-07 49.6726 -38.4701
4.58701 26.571 103.749 -3.22065e-07 49.6796 -38.4728
4.59429 26.5637 103.75 -3.22541e-07 49.6866 -38.4754
4.60157 26.5565 103.75 -3.23018e-07 49.6936 -38.4781
4.60885 26.5492 103.75 -3.23494e-07 49.7006 -38.4808
4.61613 26.542 103.75 -3.23971e-07 49.7076 -38.4835
4.62341 26.5348 103.751 -3.24447e-07 49.7146 -38.4862
4.63069 26.5275 103.751 -3.24923e-07 49.7216 -38.4889
4.63797 26.5203 103.751 -3.25399e-07 49.7286 -38.4915
4.64526 26.513 103.751 -3.25875e-07 49.7356 -38.4942
4.65254 26.5058 103.752 -3.26351e-07 49.7427 -38.4969
4.65982 26.4985 103.752 -3.26827e-07 49.7497 -38.4996
4.66711 26.4913 103.752 -3.27303e-07 49.7567 -38.5023
4.67439 26.4841 103.752 -3.27779e-07 49.7637 -38.505
4.68167 26.4768 103.752 -3.28254e-07 49.7707 -38.5076
4.68896 26.4696 103.753 -3.2873e-07 49.7777 -38.5103
4.69624 26.4624 103.753 -3.29205e-07 49.7847 -38.513
4.70353 26.4551 103.753 -3.29681e-07 49.7918 -38.5157
4.71082 26.4479 103.753 -3.30156e-07 49.7988 -38.5184
4.7181 26.4407 103.754 -3.30631e-07 49.8058 -38.5211
4.72539 26.4335 103.754 -3.31107e-07 49.8128 -38.5237
4.73268 26.4262 103.754 -3.31582e-07 49.8198 -38.5264
4.73996 26.419 103.754 -3.32057e-07 49.8269 -38.5291
4.74725 26.4118 103.754 -3.32532e-07 49.8339 -38.5318
4.75454 26.4046 103.754 -3.33007e-07 49.8409 -38.5345
4.76183 26.3974 103.755 -3.33481e-07 49.848 -38.5372
4.76912 26.3901 103.755 -3.33956e-07 49.855 -38.5399
4.77641 26.3829 103.755 -3.34431e-07 49.862 -38.5425
4.7837 26.3757 103.755 -3.34905e-07 49.869 -38.5452
4.79099 26.3685 103.755 -3.3538e-07 49.8761 -38.5479
4.79828 26.3613 103.756 -3.35854e-07 49.8831 -38.5506
4.80557 26.3541 103.756 -3.36329e-07 49.8902 -38.5533
4.81286 26.3469 103.756 -3.36803e-07 49.8972 -38.556
4.82016 26.3397 103.756 -3.37277e-07 49.9042 -38.5586
4.82745 26.3325 103.756 -3.37751e-07 49.9113 -38.5613
4.83474 26.3253 103.756 -3.38225e-07 49.9183 -38.564
4.84203 26.3181 103.757 -3.38699e-07 49.9253 -38.5667
4.84933 26.3109 103.757 -3.39173e-07 49.9324 -38.5694
4.85662 26.3037 103.757 -3.39647e-07 49.9394 -38.5721
4.86392 26.2965 103.757 -3.40121e-07 49.9465 -38.5747
4.87121 26.2893 103.757 -3.40594e-07 49.9535 -38.5774
4.87851 26.2821 103.757 -3.41068e-07 49.9606 -38.5801
4.8858 26.2749 103.757 -3.41542e-07 49.9676 -38.5828
4.8931 26.2677 103.758 -3.42015e-07 49.9747 -38.5855
4.9004 26.2605 103.758 -3.42488e-07 49.9817 -38.5882
4.90769 26.2533 103.758 -3.42962e-07 49.9888 -38.5908
4.91499 26.2462 103.758 -3.43435e-07 49.9958 -38.5935
4.92229 26.239 103.758 -3.43908e-07 50.0029 -38.5962
4.92959 26.2318 103.758 -3.44381e-07 50.01 -38.5989
4.93688 26.2246 103.758 -3.44854e-07 50.017 -38.6016
4.94418 26.2174 103.758 -3.45327e-07 50.0241 -38.6043
4.95148 26.2103 103.759 -3.458e-07 50.0311 -38.607
4.95878 26.2031 103.759 -3.46273e-07 50.0382 -38.6096
4.96608 26.1959 103.759 -3.46745e-07 50.0453 -38.6123
4.97338 26.1887 103.759 -3.47218e-07 50.0523 -38.615
4.98068 26.1816 103.759 -3.4769e-07 50.0594 -38.6177
4.98799 26.1744 103.759 -3.48163e-07 50.0665 -38.6204
4.99529 26.1672 103.759 -3.48635e-07 50.0735 -38.6231
5.00259 26.1601 103.759 -3.49108e-07 50.0806 -38.6257
5.00989 26.1529 103.759 -3.4958e-07 50.0877 -38.6284
5.0172 26.1457 103.76 -3.50052e-07 50.0947 -38.6311
5.0245 26.1386 103.76 -3.50524e-07 50.1018 -38.6338
5.0318 26.1314 103.76 -3.50996e-07 50.1089 -38.6365
5.03911 26.1243 103.76 -3.51468e-07 50.116 -38.6392
5.04641 26.1171 103.76 -3.5194e-07 50.123 -38.6418
5.05372 26.1099 103.76 -3.52412e-07 50.1301 -38.6445
5.06102 26.1028 103.76 -3.52883e-07 50.1372 -38.6472
5.06833 26.0956 103.76 -3.53355e-07 50.1443 -38.6499
5.07563 26.0885 103.76 -3.53826e-07 50.1513 -38.6526
5.08294 26.0813 103.76 -3.54298e-07 50.1584 -38.6553
5.09025 26.0742 103.76 -3.54769e-07 50.1655 -38.6579
5.09755 26.0671 103.76 -3.55241e-07 50.1726 -38.6606
5.10486 26.0599 103.76 -3.55712e-07 50.1797 -38.6633
5.11217 26.0528 103.76 -3.56183e-07 50.1868 -38.666
5.11948 26.0456 103.761 -3.56654e-07 50.1939 -38.6687
5.12679 26.0385 103.761 -3.57125e-07 50.2009 -38.6714
5.1341 26.0313 103.761 -3.57596e-07 50.208 -38.674
5.14141 26.0242 103.761 -3.58067e-07 50.2151 -38.6767
5.14872 26.0171 103.761 -3.58538e-07 50.2222 -38.6794
5.15603 26.0099 103.761 -3.59008e-07 50.2293 -38.6821
5.16334 26.0028 103.761 -3.59479e-07 50.2364 -38.6848
5.17065 25.9957 103.761 -3.59949e-07 50.2435 -38.6875
5.17796 25.9886 103.761 -3.6042e-07 50.2506 -38.6902
5.18527 25.9814 103.761 -3.6089e-07 50.2577 -38.6928
5.19259 25.9743 103.761 -3.61361e-07 50.2648 -38.6955
5.1999 25.9672 103.761 -3.61831e-07 50.2719 -38.6982
5.20721 25.9601 103.761 -3.62301e-07 50.279 -38.7009
5.21453 25.9529 103.761 -3.62771e-07 50.2861 -38.7036
5.22184 25.9458 103.761 -3.63241e-07 50.2932 -38.7063
5.22915 25.9387 103.761 -3.63711e-07 50.3003 -38.7089
5.23647 25.9316 103.761 -3.64181e-07 50.3074 -38.7116
5.24378 25.9245 103.761 -3.64651e-07 50.3146 -38.7143
5.2511 25.9174 103.761 -3.6512e-07 50.3217 -38.717
5.25842 25.9103 103.761 -3.6559e-07 50.3288 -38.7197
5.26573 25.9031 103.761 -3.6606e-07 50.3359 -38.7224
5.27305 25.896 103.761 -3.66529e-07 50.343 -38.725
5.28037 25.8889 103.761 -3.66998e-07 50.3501 -38.7277
5.28768 25.8818 103.761 -3.67468e-07 50.3572 -38.7304
5.295 25.8747 103.761 -3.67937e-07 50.3643 -38.7331
5.30232 25.8676 103.761 -3.68406e-07 50.3715 -38.7358
5.30964 25.8605 103.761 -3.68875e-07 50.3786 -38.7385
5.31696 25.8534 103.761 -3.69344e-07 50.3857 -38.7411
5.32428 25.8463 103.761 -3.69813e-07 50.3928 -38.7438
5.3316 25.8392 103.761 -3.70282e-07 50.4 -38.7465
5.33892 25.8321 103.761 -3.70751e-07 50.4071 -38.7492
5.34624 25.825 103.761 -3.7122e-07 50.4142 -38.7519
5.35356 25.818 103.761 -3.71688e-07 50.4213 -38.7546
5.36088 25.8109 103.761 -3.72157e-07 50.4285 -38.7573
5.3682 25.8038 103.761 -3.72625e-07 50.4356 -38.7599
5.37553 25.7967 103.761 -3.73094e-07 50.4427 -38.7626
5.38285 25.7896 103.761 -3.73562e-07 50.4499 -38.7653
5.39017 25.7825 103.76 -3.7403e-07 50.457 -38.768
5.3975 25.7755 103.76 -3.74499e-07 50.4641 -38.7707
5.40482 25.7684 103.76 -3.74967e-07 50.4713 -38.7734
5.41214 25.7613 103.76 -3.75435e-07 50.4784 -38.776
5.41947 25.7542 103.76 -3.75903e-07 50.4855 -38.7787
5.42679 25.7471 103.76 -3.76371e-07 50.4927 -38.7814
5.43412 25.7401 103.76 -3.76838e-07 50.4998 -38.7841
5.44144 25.733 103.76 -3.77306e-07 50.5069 -38.7868
5.44877 25.7259 103.76 -3.77774e-07 50.5141 -38.7895
5.4561 25.7189 103.76 -3.78241e-07 50.5212 -38.7921
5.46342 25.7118 103.76 -3.78709e-07 50.5284 -38.7948
5.47075 25.7047 103.76 -3.79176e-07 50.5355 -38.7975
5.47808 25.6977 103.76 -3.79644e-07 50.5427 -38.8002
5.48541 25.6906 103.76 -3.80111e-07 50.5498 -38.8029
5.49274 25.6835 103.759 -3.80578e-07 50.557 -38.8056
5.50007 25.6765 103.759 -3.81045e-07 50.5641 -38.8082
5.50739 25.6694 103.759 -3.81512e-07 50.5713 -38.8109
5.51472 25.6624 103.759 -3.81979e-07 50.5784 -38.8136
5.52205 25.6553 103.759 -3.82446e-07 50.5856 -38.8163
5.52938 25.6483 103.759 -3.82913e-07 50.5927 -38.819
5.53672 25.6412 103.759 -3.8338e-07 50.5999 -38.8217
5.54405 25.6342 103.759 -3.83846e-07 50.607 -38.8244
5.55138 25.6271 103.759 -3.84313e-07 50.6142 -38.827
5.55871 25.6201 103.759 -3.84779e-07 50.6214 -38.8297
5.56604 25.613 103.758 -3.85246e-07 50.6285 -38.8324
5.57338 25.606 103.758 -3.85712e-07 50.6357 -38.8351
5.58071 25.599 103.758 -3.86179e-07 50.6429 -38.8378
5.58804 25.5919 103.758 -3.86645e-07 50.65 -38.8405
5.59538 25.5849 103.758 -3.87111e-07 50.6572 -38.8431
5.60271 25.5778 103.758 -3.87577e-07 50.6644 -38.8458
5.61005 25.5708 103.758 -3.88043e-07 50.6715 -38.8485
5.61738 25.5638 103.758 -3.88509e-07 50.6787 -38.8512
5.62472 25.5568 103.757 -3.88975e-07 50.6859 -38.8539
5.63205 25.5497 103.757 -3.8944e-07 50.693 -38.8566
5.63939 25.5427 103.757 -3.89906e-07 50.7002 -38.8592
5.64672 25.5357 103.757 -3.90372e-07 50.7074 -38.8619
5.65406 25.5286 103.757 -3.90837e-07 50.7146 -38.8646
5.6614 25.5216 103.757 -3.91303e-07 50.7217 -38.8673
5.66874 25.5146 103.756 -3.91768e-07 50.7289 -38.87
5.67607 25.5076 103.756 -3.92233e-07 50.7361 -38.8727
5.68341 25.5006 103.756 -3.92699e-07 50.7433 -38.8753
5.69075 25.4935 103.756 -3.93164e-07 50.7505 -38.878
5.69809 25.4865 103.756 -3.93629e-07 50.7576 -38.8807
5.70543 25.4795 103.756 -3.94094e-07 50.7648 -38.8834
5.71277 25.4725 103.755 -3.94559e-07 50.772 -38.8861
5.72011 25.4655 103.755 -3.95024e-07 50.7792 -38.8888
5.72745 25.4585 103.755 -3.95488e-07 50.7864 -38.8914
5.73479 25.4515 103.755 -3.95953e-07 50.7936 -38.8941
5.74213 25.4445 103.755 -3.96418e-07 50.8008 -38.8968
5.74948 25.4375 103.755 -3.96882e-07 50.8079 -38.8995
5.75682 25.4305 103.754 -3.97347e-07 50.8151 -38.9022
5.76416 25.4235 103.754 -3.97811e-07 50.8222 -38.9049
5.7715 25.4167 103.754 -3.98277e-07 50.8292 -38.9076
5.77885 25.4099 103.754 -3.98743e-07 50.8361 -38.9102
5.78619 25.4032 103.754 -3.9921e-07 50.8429 -38.9129
5.79354 25.3966 103.754 -3.99677e-07 50.8495 -38.9156
5.80088 25.3901 103.754 -4.00145e-07 50.856 -38.9183
5.80822 25.3837 103.754 -4.00613e-07 50.8624 -38.921
5.81557 25.3773 103.754 -4.01082e-07 50.8687 -38.9237
5.82292 25.371 103.754 -4.01552e-07 50.8749 -38.9263
5.83026 25.3649 103.754 -4.02022e-07 50.8809 -38.929
5.83761 25.3588 103.754 -4.02493e-07 50.8869 -38.9317
5.84496 25.3528 103.755 -4.02965e-07 50.8927 -38.9344
5.8523 25.3468 103.755 -4.03437e-07 50.8984 -38.9371
5.85965 25.341 103.755 -4.0391e-07 50.904 -38.9398
5.867 25.3352 103.755 -4.04383e-07 50.9094 -38.9424
5.87435 25.3295 103.756 -4.04857e-07 50.9148 -38.9451
5.88169 25.3239 103.756 -4.05332e-07 50.92 -38.9478
5.88904 25.3184 103.756 -4.05807e-07 50.9251 -38.9505
5.89639 25.313 103.757 -4.06283e-07 50.9301 -38.9532
5.90374 25.3077 103.757 -4.06759e-07 50.935 -38.9559
5.91109 25.3024 103.758 -4.07237e-07 50.9398 -38.9585
5.91844 25.2972 103.758 -4.07714e-07 50.9444 -38.9612
5.92579 25.2921 103.759 -4.08193e-07 50.9489 -38.9639
5.93315 25.2871 103.76 -4.08672e-07 50.9533 -38.9666
5.9405 25.2822 103.76 -4.09152e-07 50.9576 -38.9693
5.94785 25.2774 103.761 -4.09632e-07 50.9618 -38.972
5.9552 25.2726 103.762 -4.10113e-07 50.9658 -38.9747
5.96255 25.2679 103.762 -4.10595e-07 50.9698 -38.9773
5.96991 25.2633 103.763 -4.11077e-07 50.9736 -38.98
5.97726 25.2588 103.764 -4.1156e-07 50.9773 -38.9827
5.98462 25.2544 103.765 -4.12044e-07 50.9809 -38.9854
5.99197 25.2501 103.766 -4.12528e-07 50.9844 -38.9881
5.99932 25.2458 103.766 -4.13013e-07 50.9877 -38.9908
6.00668 25.2417 103.767 -4.13498e-07 50.9909 -38.9934
6.01403 25.2376 103.768 -4.13985e-07 50.994 -38.9961
6.02139 25.2336 103.769 -4.14472e-07 50.997 -38.9988
6.02875 25.2296 103.77 -4.14959e-07 50.9999 -39.0015
6.0361 25.2258 103.772 -4.15447e-07 51.0027 -39.0042
6.04346 25.222 103.773 -4.15936e-07 51.0053 -39.0069
6.05082 25.2184 103.774 -4.16426e-07 51.0078 -39.0095
6.05817 25.2148 103.775 -4.16916e-07 51.0102 -39.0122
6.06553 25.2113 103.776 -4.17407e-07 51.0125 -39.0149
6.07289 25.2079 103.777 -4.17899e-07 51.0147 -39.0176
6.08025 25.2045 103.779 -4.18391e-07 51.0167 -39.0203
6.08761 25.2013 103.78 -4.18884e-07 51.0187 -39.023
6.09497 25.1981 103.781 -4.19378e-07 51.0205 -39.0256
6.10233 25.195 103.783 -4.19873e-07 51.0222 -39.0283
6.10969 25.192 103.784 -4.20368e-07 51.0238 -39.031
6.11705 25.1891 103.786 -4.20864e-07 51.0252 -39.0337
6.12441 25.1863 103.787 -4.2136e-07 51.0266 -39.0364
6.13177 25.1835 103.789 -4.21857e-07 51.0278 -39.0391
6.13913 25.1808 103.79 -4.22355e-07 51.0289 -39.0418
6.1465 25.1783 103.792 -4.22854e-07 51.0299 -39.0444
6.15386 25.1757 103.793 -4.23353e-07 51.0308 -39.0471
6.16122 25.1733 103.795 -4.23853e-07 51.0315 -39.0498
6.16858 25.171 103.797 -4.24354e-07 51.0322 -39.0525
6.17595 25.1687 103.799 -4.24856e-07 51.0327 -39.0552
6.18331 25.1666 103.8 -4.25358e-07 51.0331 -39.0579
6.19068 25.1645 103.802 -4.25861e-07 51.0333 -39.0605
6.19804 25.1625 103.804 -4.26364e-07 51.0335 -39.0632
6.2054 25.1606 103.806 -4.26869e-07 51.0336 -39.0659
6.21277 25.1587 103.808 -4.27374e-07 51.0335 -39.0686
6.22014 25.157 103.81 -4.2788e-07 51.0333 -39.0713
6.2275 25.1553 103.812 -4.28386e-07 51.033 -39.074
6.23487 25.1537 103.814 -4.28894e-07 51.0326 -39.0766
6.24223 25.1522 103.816 -4.29402e-07 51.032 -39.0793
6.2496 25.1508 103.818 -4.29911e-07 51.0313 -39.082
6.25697 25.1495 103.82 -4.3042e-07 51.0306 -39.0847
6.26434 25.1482 103.822 -4.3093e-07 51.0297 -39.0874
6.27171 25.147 103.824 -4.31441e-07 51.0286 -39.0901
6.27907 25.146 103.827 -4.31953e-07 51.0275 -39.0927
6.28644 25.1449 103.829 -4.32466e-07 51.0262 -39.0954
6.29381 25.144 103.831 -4.32979e-07 51.0249 -39.0981
6.30118 25.1432 103.833 -4.33493e-07 51.0234 -39.1008
6.30855 25.1424 103.836 -4.34008e-07 51.0218 -39.1035
6.31592 25.1418 103.838 -4.34524e-07 51.02 -39.1062
6.32329 25.1412 103.841 -4.3504e-07 51.0182 -39.1088
6.33066 25.1407 103.843 -4.35557e-07 51.0162 -39.1115
6.33804 25.1403 103.846 -4.36075e-07 51.0142 -39.1142
6.34541 25.1399 103.848 -4.36594e-07 51.012 -39.1169
6.35278 25.1397 103.851 -4.37113e-07 51.0096 -39.1196
6.36015 25.1395 103.853 -4.37634e-07 51.0072 -39.1223
6.36753 25.1394 103.856 -4.38155e-07 51.0046 -39.125
6.3749 25.1394 103.859 -4.38676e-07 51.002 -39.1276
6.38227 25.1395 103.861 -4.39199e-07 50.9992 -39.1303
6.38965 25.1397 103.864 -4.39723e-07 50.9963 -39.133
6.39702 25.1399 103.867 -4.40247e-07 50.9932 -39.1357
6.40445 25.1403 103.87 -4.40775e-07 50.9901 -39.1382
6.41198 25.1407 103.872 -4.41312e-07 50.9868 -39.14
6.41954 25.1412 103.875 -4.41851e-07 50.9835 -39.1418
6.4271 25.1418 103.878 -4.42391e-07 50.98 -39.1436
6.43467 25.1425 103.881 -4.42932e-07 50.9763 -39.1454
6.44223 25.1432 103.884 -4.43474e-07 50.9726 -39.1472
6.44979 25.1441 103.887 -4.44017e-07 50.9688 -39.149
6.45736 25.145 103.89 -4.4456e-07 50.9648 -39.1507
6.46492 25.146 103.893 -4.45105e-07 50.9607 -39.1525
6.47249 25.1471 103.896 -4.4565e-07 50.9565 -39.1543
6.48005 25.1483 103.899 -4.46196e-07 50.9522 -39.1561
6.48762 25.1496 103.903 -4.46743e-07 50.9477 -39.1579
6.49518 25.1509 103.906 -4.4729e-07 50.9432 -39.1596
6.50275 25.1524 103.909 -4.47839e-07 50.9385 -39.1614
6.51031 25.1539 103.912 -4.48388e-07 50.9337 -39.1632
6.51788 25.1555 103.916 -4.48938e-07 50.9288 -39.165
6.52545 25.1572 103.919 -4.49489e-07 50.9238 -39.1668
6.53302 25.159 103.922 -4.50041e-07 50.9186 -39.1685
6.54058 25.1608 103.926 -4.50594e-07 50.9133 -39.1703
6.54815 25.1628 103.929 -4.51147e-07 50.908 -39.1721
6.55572 25.1648 103.933 -4.51702e-07 50.9024 -39.1739
6.56329 25.1669 103.936 -4.52257e-07 50.8968 -39.1757
6.57086 25.1691 103.94 -4.52813e-07 50.8911 -39.1775
6.57843 25.1714 103.943 -4.5337e-07 50.8852 -39.1792
6.586 25.1737 103.947 -4.53928e-07 50.8792 -39.181
6.59357 25.1762 103.951 -4.54487e-07 50.8731 -39.1828
6.60114 25.1787 103.954 -4.55047e-07 50.8669 -39.1846
6.60871 25.1813 103.958 -4.55607e-07 50.8606 -39.1864
6.61628 25.184 103.962 -4.56169e-07 50.8541 -39.1881
6.62385 25.1868 103.966 -4.56731e-07 50.8476 -39.1899
6.63142 25.1897 103.969 -4.57294e-07 50.8409 -39.1917
6.639 25.1926 103.973 -4.57858e-07 50.8341 -39.1935
6.64657 25.1956 103.977 -4.58423e-07 50.8272 -39.1953
6.65414 25.1988 103.981 -4.58989e-07 50.8201 -39.197
6.66172 25.202 103.985 -4.59556e-07 50.813 -39.1988
6.66929 25.2053 103.989 -4.60124e-07 50.8057 -39.2006
6.67687 25.2086 103.993 -4.60693e-07 50.7983 -39.2024
6.68444 25.2121 103.997 -4.61262e-07 50.7908 -39.2042
6.69201 25.2157 104.001 -4.61833e-07 50.7831 -39.206
6.69959 25.2193 104.005 -4.62404e-07 50.7754 -39.2077
6.70717 25.223 104.009 -4.62977e-07 50.7675 -39.2095
6.71474 25.2268 104.014 -4.6355e-07 50.7595 -39.2113
6.72232 25.2307 104.018 -4.64124e-07 50.7514 -39.2131
6.7299 25.2347 104.022 -4.647e-07 50.7432 -39.2149
6.73747 25.2387 104.026 -4.65276e-07 50.7348 -39.2166
6.74505 25.2429 104.031 -4.65853e-07 50.7264 -39.2184
6.75263 25.2471 104.035 -4.66431e-07 50.7178 -39.2202
6.76021 25.2514 104.04 -4.6701e-07 50.7091 -39.222
6.76778 25.2558 104.044 -4.6759e-07 50.7003 -39.2238
6.77536 25.2603 104.048 -4.68171e-07 50.6914 -39.2255
6.78294 25.2648 104.053 -4.68753e-07 50.6823 -39.2273
6.79052 25.2695 104.057 -4.69336e-07 50.6731 -39.2291
6.7981 25.2742 104.062 -4.6992e-07 50.6638 -39.2309
6.80568 25.2791 104.067 -4.70504e-07 50.6544 -39.2327
6.81326 25.284 104.071 -4.7109e-07 50.6449 -39.2345
6.82084 25.289 104.076 -4.71677e-07 50.6353 -39.2362
6.82843 25.294 104.08 -4.72265e-07 50.6255 -39.238
6.83601 25.2992 104.085 -4.72854e-07 50.6156 -39.2398
6.84359 25.3045 104.09 -4.73443e-07 50.6056 -39.2416
6.85117 25.3098 104.095 -4.74034e-07 50.5955 -39.2434
6.85875 25.3152 104.099 -4.74626e-07 50.5853 -39.2451
6.86634 25.3207 104.104 -4.75219e-07 50.5749 -39.2469
6.87392 25.3263 104.109 -4.75813e-07 50.5645 -39.2487
6.8815 25.332 104.114 -4.76407e-07 50.5539 -39.2505
6.88909 25.3378 104.119 -4.77003e-07 50.5432 -39.2523
6.89667 25.3437 104.124 -4.776e-07 50.5323 -39.254
6.90426 25.3496 104.129 -4.78198e-07 50.5214 -39.2558
6.91184 25.3556 104.134 -4.78797e-07 50.5103 -39.2576
6.91943 25.3617 104.139 -4.79397e-07 50.4992 -39.2594
6.92701 25.368 104.144 -4.79998e-07 50.4879 -39.2612
6.9346 25.3742 104.149 -4.806e-07 50.4765 -39.263
6.94219 25.3806 104.154 -4.81203e-07 50.4649 -39.2647
6.94977 25.3871 104.16 -4.81807e-07 50.4533 -39.2665
6.95736 25.3936 104.165 -4.82413e-07 50.4415 -39.2683
6.96495 25.4003 104.17 -4.83019e-07 50.4296 -39.2701
6.97254 25.407 104.175 -4.83626e-07 50.4176 -39.2719
6.98013 25.4138 104.181 -4.84235e-07 50.4055 -39.2736
6.98771 25.4207 104.186 -4.84844e-07 50.3933 -39.2754
6.9953 25.4277 104.191 -4.85455e-07 50.3809 -39.2772
7.00289 25.4348 104.197 -4.86067e-07 50.3684 -39.279
7.01048 25.4419 104.202 -4.86679e-07 50.3558 -39.2808
7.01807 25.4492 104.208 -4.87293e-07 50.3431 -39.2825
7.02566 25.4565 104.213 -4.87908e-07 50.3303 -39.2843
7.03325 25.4639 104.219 -4.88524e-07 50.3173 -39.2861
7.04085 25.4714 104.224 -4.89141e-07 50.3043 -39.2879
7.04844 25.479 104.23 -4.8976e-07 50.2911 -39.2897
7.05603 25.4867 104.235 -4.90379e-07 50.2778 -39.2915
7.06362 25.4945 104.241 -4.91e-07 50.2644 -39.2932
7.07121 25.5023 104.247 -4.91621e-07 50.2508 -39.295
7.07881 25.5103 104.252 -4.92244e-07 50.2373 -39.2968
7.0864 25.5182 104.258 -4.92866e-07 50.2237 -39.2986
7.09399 25.5261 104.264 -4.93489e-07 50.2101 -39.3004
7.10159 25.534 104.27 -4.94112e-07 50.1965 -39.3021
7.10918 25.5419 104.275 -4.94736e-07 50.1829 -39.3039
7.11678 25.5498 104.281 -4.95359e-07 50.1693 -39.3057
7.12437 25.5578 104.287 -4.95983e-07 50.1557 -39.3075
7.13197 25.5657 104.292 -4.96608e-07 50.1421 -39.3093
7.13956 25.5736 104.298 -4.97232e-07 50.1286 -39.311
7.14716 25.5816 104.303 -4.97857e-07 50.115 -39.3128
7.15475 25.5895 104.309 -4.98482e-07 50.1014 -39.3146
7.16235 25.5975 104.315 -4.99108e-07 50.0878 -39.3164
7.16995 25.6054 104.32 -4.99733e-07 50.0742 -39.3182
7.17754 25.6134 104.326 -5.00359e-07 50.0607 -39.32
7.18514 25.6213 104.332 -5.00986e-07 50.0471 -39.3217
7.19274 25.6293 104.337 -5.01612e-07 50.0335 -39.3235
7.20034 25.6373 104.343 -5.02239e-07 50.0199 -39.3253
7.20794 25.6453 104.348 -5.02866e-07 50.0063 -39.3271
7.21554 25.6532 104.354 -5.03494e-07 49.9928 -39.3289
7.22314 25.6612 104.36 -5.04122e-07 49.9792 -39.3306
7.23073 25.6692 104.365 -5.0475e-07 49.9656 -39.3324
7.23833 25.6772 104.371 -5.05378e-07 49.952 -39.3342
7.24594 25.6852 104.376 -5.06006e-07 49.9385 -39.336
7.25354 25.6932 104.382 -5.06635e-07 49.9249 -39.3378
7.26114 25.7012 104.387 -5.07264e-07 49.9113 -39.3395
7.26874 25.7092 104.393 -5.07894e-07 49.8978 -39.3413
7.27634 25.7172 104.399 -5.08524e-07 49.8842 -39.3431
7.28394 25.7252 104.404 -5.09154e-07 49.8706 -39.3449
7.29154 25.7332 104.41 -5.09784e-07 49.8571 -39.3467
7.29915 25.7412 104.415 -5.10415e-07 49.8435 -39.3485
7.30675 25.7493 104.421 -5.11045e-07 49.8299 -39.3502
7.31435 25.7573 104.426 -5.11677e-07 49.8164 -39.352
7.32196 25.7653 104.432 -5.12308e-07 49.8028 -39.3538
7.32956 25.7734 104.437 -5.1294e-07 49.7892 -39.3556
7.33717 25.7814 104.443 -5.13572e-07 49.7757 -39.3574
7.34477 25.7895 104.448 -5.14204e-07 49.7621 -39.3591
7.35238 25.7975 104.454 -5.14837e-07 49.7486 -39.3609
7.35998 25.8056 104.459 -5.1547e-07 49.735 -39.3627
7.36759 25.8136 104.465 -5.16103e-07 49.7214 -39.3645
7.37519 25.8217 104.47 -5.16736e-07 49.7079 -39.3663
7.3828 25.8297 104.476 -5.1737e-07 49.6943 -39.368
7.39041 25.8378 104.481 -5.18004e-07 49.6808 -39.3698
7.39801 25.8459 104.487 -5.18639e-07 49.6672 -39.3716
7.40562 25.854 104.492 -5.19273e-07 49.6537 -39.3734
7.41323 25.862 104.498 -5.19908e-07 49.6401 -39.3752
7.42084 25.8701 104.503 -5.20544e-07 49.6266 -39.377
7.42844 25.8782 104.509 -5.21179e-07 49.613 -39.3787
7.43605 25.8863 104.514 -5.21815e-07 49.5995 -39.3805
7.44366 25.8944 104.52 -5.22451e-07 49.5859 -39.3823
7.45127 25.9025 104.525 -5.23087e-07 49.5724 -39.3841
7.45888 25.9106 104.531 -5.23724e-07 49.5588 -39.3859
7.46649 25.9187 104.536 -5.24361e-07 49.5453 -39.3876
7.4741 25.9268 104.541 -5.24998e-07 49.5317 -39.3894
7.48171 25.9349 104.547 -5.25636e-07 49.5182 -39.3912
7.48932 25.9431 104.552 -5.26274e-07 49.5046 -39.393
7.49694 25.9512 104.558 -5.26912e-07 49.4911 -39.3948
7.50455 25.9593 104.563 -5.2755e-07 49.4775 -39.3965
7.51216 25.9675 104.569 -5.28189e-07 49.464 -39.3983
7.51977 25.9756 104.574 -5.28828e-07 49.4505 -39.4001
7.52738 25.9837 104.579 -5.29468e-07 49.4369 -39.4019
7.535 25.9919 104.585 -5.30107e-07 49.4234 -39.4037
7.54261 26 104.59 -5.30747e-07 49.4098 -39.4055
7.55022 26.0082 104.596 -5.31387e-07 49.3963 -39.4072
7.55784 26.0163 104.601 -5.32028e-07 49.3828 -39.409
7.56545 26.0245 104.606 -5.32669e-07 49.3692 -39.4108
7.57307 26.0327 104.612 -5.3331e-07 49.3557 -39.4126
7.58068 26.0408 104.617 -5.33951e-07 49.3422 -39.4144
7.5883 26.049 104.622 -5.34593e-07 49.3286 -39.4161
7.59591 26.0572 104.628 -5.35235e-07 49.3151 -39.4179
7.60353 26.0654 104.633 -5.35877e-07 49.3016 -39.4197
7.61115 26.0735 104.638 -5.3652e-07 49.2881 -39.4215
7.61876 26.0817 104.644 -5.37163e-07 49.2745 -39.4233
7.62638 26.0899 104.649 -5.37806e-07 49.261 -39.425
7.634 26.0981 104.654 -5.38449e-07 49.2475 -39.4268
7.64161 26.1063 104.66 -5.39093e-07 49.2339 -39.4286
7.64923 26.1145 104.665 -5.39737e-07 49.2204 -39.4304
7.65685 26.1227 104.67 -5.40382e-07 49.2069 -39.4322
7.66447 26.1309 104.676 -5.41026e-07 49.1934 -39.434
7.67209 26.1391 104.681 -5.41671e-07 49.1799 -39.4357
7.67971 26.1474 104.686 -5.42317e-07 49.1663 -39.4375
7.68733 26.1556 104.692 -5.42962e-07 49.1528 -39.4393
7.69495 26.1638 104.697 -5.43608e-07 49.1393 -39.4411
7.70257 26.172 104.702 -5.44254e-07 49.1258 -39.4429
7.71019 26.1803 104.707 -5.44901e-07 49.1123 -39.4446
7.71781 26.1885 104.713 -5.45548e-07 49.0987 -39.4464
7.72543 26.1968 104.718 -5.46195e-07 49.0852 -39.4482
7.73305 26.205 104.723 -5.46842e-07 49.0717 -39.45
7.74067 26.2133 104.729 -5.4749e-07 49.0582 -39.4518
7.7483 26.2215 104.734 -5.48138e-07 49.0447 -39.4535
7.75592 26.2298 104.739 -5.48786e-07 49.0312 -39.4553
7.76354 26.238 104.744 -5.49435e-07 49.0177 -39.4571
7.77116 26.2463 104.75 -5.50083e-07 49.0042 -39.4589
7.77879 26.2546 104.755 -5.50733e-07 48.9906 -39.4607
7.78641 26.2628 104.76 -5.51382e-07 48.9771 -39.4625
7.79404 26.2711 104.765 -5.52032e-07 48.9636 -39.4642
7.80166 26.2794 104.77 -5.52682e-07 48.9501 -39.466
7.80928 26.2877 104.776 -5.53332e-07 48.9366 -39.4678
7.81691 26.296 104.781 -5.53983e-07 48.9231 -39.4696
7.82453 26.3043 104.786 -5.54634e-07 48.9096 -39.4714
7.83216 26.3126 104.791 -5.55285e-07 48.8961 -39.4731
7.83979 26.3209 104.797 -5.55937e-07 48.8826 -39.4749
7.84741 26.3292 104.802 -5.56589e-07 48.8691 -39.4767
7.85504 26.3375 104.807 -5.57241e-07 48.8556 -39.4785
7.86267 26.3458 104.812 -5.57894e-07 48.8421 -39.4803
7.87029 26.3541 104.817 -5.58546e-07 48.8286 -39.482
7.87792 26.3624 104.822 -5.59199e-07 48.8151 -39.4838
7.88555 26.3708 104.828 -5.59853e-07 48.8016 -39.4856
7.89318 26.3791 104.833 -5.60507e-07 48.7881 -39.4874
7.90081 26.3874 104.838 -5.61161e-07 48.7746 -39.4892
7.90843 26.3958 104.843 -5.61815e-07 48.7611 -39.491
7.91606 26.4041 104.848 -5.6247e-07 48.7477 -39.4927
7.92369 26.4125 104.853 -5.63125e-07 48.7342 -39.4945
7.93132 26.4208 104.859 -5.6378e-07 48.7207 -39.4963
7.93895 26.4292 104.864 -5.64435e-07 48.7072 -39.4981
7.94658 26.4375 104.869 -5.65091e-07 48.6937 -39.4999
7.95421 26.4459 104.874 -5.65747e-07 48.6802 -39.5016
7.96185 26.4542 104.879 -5.66404e-07 48.6667 -39.5034
7.96948 26.4626 104.884 -5.67061e-07 48.6532 -39.5052
7.97711 26.471 104.889 -5.67718e-07 48.6398 -39.507
7.98474 26.4794 104.894 -5.68375e-07 48.6263 -39.5088
7.99237 26.4877 104.899 -5.69033e-07 48.6128 -39.5105
8.00001 26.4961 104.905 -5.69691e-07 48.5993 -39.5123
8.00764 26.5045 104.91 -5.70349e-07 48.5858 -39.5141
8.01527 26.5129 104.915 -5.71008e-07 48.5724 -39.5159
8.02291 26.5213 104.92 -5.71667e-07 48.5589 -39.5177
8.03054 26.5297 104.925 -5.72326e-07 48.5454 -39.5195
8.03817 26.5381 104.93 -5.72986e-07 48.5319 -39.5212
8.04581 26.5465 104.935 -5.73646e-07 48.5185 -39.523
8.05344 26.5549 104.94 -5.74306e-07 48.505 -39.5248
8.06108 26.5633 104.945 -5.74966e-07 48.4915 -39.5266
8.06871 26.5717 104.95 -5.75627e-07 48.478 -39.5284
8.07635 26.5802 104.955 -5.76288e-07 48.4646 -39.5301
8.08399 26.5886 104.96 -5.7695e-07 48.4511 -39.5319
8.09162 26.597 104.965 -5.77611e-07 48.4376 -39.5337
8.09926 26.6055 104.97 -5.78273e-07 48.4242 -39.5355
8.1069 26.6139 104.975 -5.78936e-07 48.4107 -39.5373
8.11453 26.6223 104.98 -5.79598e-07 48.3972 -39.539
8.12217 26.6308 104.985 -5.80261e-07 48.3838 -39.5408
8.12981 26.6392 104.99 -5.80925e-07 48.3703 -39.5426
8.13745 26.6477 104.995 -5.81588e-07 48.3568 -39.5444
8.14509 26.6561 105 -5.82252e-07 48.3434 -39.5462
8.15273 26.6646 105.005 -5.82916e-07 48.3299 -39.548
8.16036 26.6731 105.01 -5.83581e-07 48.3165 -39.5497
8.168 26.6815 105.015 -5.84246e-07 48.303 -39.5515
8.17564 26.69 105.02 -5.84911e-07 48.2895 -39.5533
8.18328 26.6985 105.025 -5.85576e-07 48.2761 -39.5551
8.19092 26.707 105.03 -5.86242e-07 48.2626 -39.5569
8.19857 26.7155 105.035 -5.86908e-07 48.2492 -39.5586
8.20621 26.724 105.04 -5.87575e-07 48.2357 -39.5604
8.21385 26.7324 105.045 -5.88241e-07 48.2223 -39.5622
8.22149 26.7409 105.05 -5.88908e-07 48.2088 -39.564
8.22913 26.7494 105.055 -5.89576e-07 48.1954 -39.5658
8.23677 26.7579 105.06 -5.90243e-07 48.1819 -39.5675
8.24442 26.7665 105.065 -5.90911e-07 48.1685 -39.5693
8.25206 26.775 105.07 -5.9158e-07 48.155 -39.5711
8.2597 26.7835 105.075 -5.92248e-07 48.1416 -39.5729
8.26735 26.792 105.08 -5.92917e-07 48.1281 -39.5747
8.27499 26.8005 105.085 -5.93586e-07 48.1147 -39.5765
8.28263 26.8091 105.09 -5.94256e-07 48.1013 -39.5782
8.29028 26.8176 105.095 -5.94926e-07 48.0878 -39.58
8.29792 26.8261 105.1 -5.95596e-07 48.0744 -39.5818
8.30557 26.8347 105.104 -5.96267e-07 48.0609 -39.5836
8.31321 26.8432 105.109 -5.96937e-07 48.0475 -39.5854
8.32086 26.8517 105.114 -5.97609e-07 48.0341 -39.5871
8.3285 26.8603 105.119 -5.9828e-07 48.0206 -39.5889
8.33615 26.8689 105.124 -5.98952e-07 48.0072 -39.5907
8.3438 26.8774 105.129 -5.99624e-07 47.9937 -39.5925
8.35144 26.886 105.134 -6.00296e-07 47.9803 -39.5943
8.35909 26.8945 105.139 -6.00969e-07 47.9669 -39.596
8.36674 26.9031 105.143 -6.01642e-07 47.9534 -39.5978
8.37439 26.9117 105.148 -6.02316e-07 47.94 -39.5996
8.38203 26.9203 105.153 -6.02989e-07 47.9266 -39.6014
8.38968 26.9288 105.158 -6.03663e-07 47.9132 -39.6032
8.39733 26.9374 105.163 -6.04338e-07 47.8997 -39.605
8.40498 26.946 105.168 -6.05012e-07 47.8863 -39.6067
8.41263 26.9546 105.173 -6.05687e-07 47.8729 -39.6085
8.42028 26.9632 105.177 -6.06362e-07 47.8595 -39.6103
8.42793 26.9718 105.182 -6.07038e-07 47.846 -39.6121
8.43558 26.9804 105.187 -6.07714e-07 47.8326 -39.6139
8.44323 26.989 105.192 -6.0839e-07 47.8192 -39.6156
8.45088 26.9976 105.197 -6.09067e-07 47.8058 -39.6174
8.45853 27.0062 105.201 -6.09744e-07 47.7923 -39.6192
8.46618 27.0149 105.206 -6.10421e-07 47.7789 -39.621
8.47383 27.0235 105.211 -6.11098e-07 47.7655 -39.6228
8.48149 27.0321 105.216 -6.11776e-07 47.7521 -39.6245
8.48914 27.0407 105.221 -6.12454e-07 47.7387 -39.6263
8.49679 27.0494 105.225 -6.13133e-07 47.7253 -39.6281
8.50444 27.058 105.23 -6.13812e-07 47.7119 -39.6299
8.5121 27.0667 105.235 -6.14491e-07 47.6984 -39.6317
8.51975 27.0753 105.24 -6.1517e-07 47.685 -39.6335
8.5274 27.084 105.244 -6.1585e-07 47.6716 -39.6352
8.53506 27.0926 105.249 -6.1653e-07 47.6582 -39.637
8.54271 27.1013 105.254 -6.17211e-07 47.6448 -39.6388
8.55037 27.1099 105.259 -6.17892e-07 47.6314 -39.6406
8.55802 27.1186 105.263 -6.18573e-07 47.618 -39.6424
8.56568 27.1273 105.268 -6.19254e-07 47.6046 -39.6441
8.57333 27.1359 105.273 -6.19936e-07 47.5912 -39.6459
8.58099 27.1446 105.278 -6.20618e-07 47.5778 -39.6477
8.58865 27.1533 105.282 -6.213e-07 47.5644 -39.6495
8.5963 27.162 105.287 -6.21983e-07 47.551 -39.6513
8.60396 27.1707 105.292 -6.22666e-07 47.5376 -39.653
8.61162 27.1794 105.296 -6.23349e-07 47.5242 -39.6548
8.61927 27.1881 105.301 -6.24033e-07 47.5108 -39.6566
8.62693 27.1968 105.306 -6.24717e-07 47.4974 -39.6584
8.63459 27.2055 105.311 -6.25401e-07 47.484 -39.6602
8.64225 27.2142 105.315 -6.26086e-07 47.4706 -39.662
8.6499 27.2229 105.32 -6.26771e-07 47.4572 -39.6637
8.65756 27.2316 105.325 -6.27456e-07 47.4438 -39.6655
8.66522 27.2403 105.329 -6.28142e-07 47.4304 -39.6673
8.67288 27.2491 105.334 -6.28828e-07 47.4171 -39.6691
8.68054 27.2578 105.339 -6.29514e-07 47.4037 -39.6709
8.6882 27.2665 105.343 -6.30201e-07 47.3903 -39.6726
8.69586 27.2752 105.348 -6.30888e-07 47.3769 -39.6744
8.70352 27.284 105.353 -6.31575e-07 47.3635 -39.6762
8.71118 27.2927 105.357 -6.32263e-07 47.3501 -39.678
8.71884 27.3015 105.362 -6.32951e-07 47.3367 -39.6798
8.72651 27.3102 105.366 -6.33639e-07 47.3234 -39.6815
8.73417 27.319 105.371 -6.34328e-07 47.31 -39.6833
8.74183 27.3277 105.376 -6.35016e-07 47.2966 -39.6851
8.74949 27.3365 105.38 -6.35706e-07 47.2832 -39.6869
8.75715 27.3453 105.385 -6.36395e-07 47.2699 -39.6887
8.76482 27.354 105.389 -6.37085e-07 47.2565 -39.6905
8.77248 27.3628 105.394 -6.37775e-07 47.2431 -39.6922
8.78014 27.3716 105.399 -6.38466e-07 47.2297 -39.694
8.78781 27.3804 105.403 -6.39157e-07 47.2164 -39.6958
8.79547 27.3891 105.408 -6.39848e-07 47.203 -39.6976
8.80313 27.3979 105.412 -6.4054e-07 47.1896 -39.6994
8.8108 27.4067 105.417 -6.41232e-07 47.1762 -39.7011
8.81846 27.4155 105.422 -6.41924e-07 47.1629 -39.7029
8.82613 27.4243 105.426 -6.42616e-07 47.1495 -39.7047
8.83379 27.4331 105.431 -6.43309e-07 47.1362 -39.7065
8.84146 27.4419 105.435 -6.44003e-07 47.1228 -39.7083
8.84913 27.4507 105.44 -6.44696e-07 47.1094 -39.71
8.85679 27.4596 105.444 -6.4539e-07 47.0961 -39.7118
8.86446 27.4684 105.449 -6.46084e-07 47.0827 -39.7136
8.87213 27.4772 105.453 -6.46779e-07 47.0693 -39.7154
8.87979 27.486 105.458 -6.47474e-07 47.056 -39.7172
8.88746 27.4948 105.463 -6.48169e-07 47.0426 -39.719
8.89513 27.5037 105.467 -6.48865e-07 47.0293 -39.7207
8.9028 27.5125 105.472 -6.4956e-07 47.0159 -39.7225
8.91046 27.5214 105.476 -6.50257e-07 47.0026 -39.7243
8.91813 27.5302 105.481 -6.50953e-07 46.9892 -39.7261
8.9258 27.5391 105.485 -6.5165e-07 46.9759 -39.7279
8.93347 27.5479 105.49 -6.52347e-07 46.9625 -39.7296
8.94114 27.5568 105.494 -6.53045e-07 46.9492 -39.7314
8.94881 27.5656 105.499 -6.53743e-07 46.9358 -39.7332
8.95648 27.5745 105.503 -6.54441e-07 46.9225 -39.735
8.96415 27.5834 105.508 -6.5514e-07 46.9091 -39.7368
8.97182 27.5922 105.512 -6.55839e-07 46.8958 -39.7385
8.97949 27.6011 105.516 -6.56538e-07 46.8824 -39.7403
8.98716 27.61 105.521 -6.57238e-07 46.8691 -39.7421
8.99483 27.6189 105.525 -6.57937e-07 46.8557 -39.7439
9.00251 27.6277 105.53 -6.58638e-07 46.8424 -39.7457
9.01018 27.6366 105.534 -6.59338e-07 46.8291 -39.7475
9.01785 27.6455 105.539 -6.60039e-07 46.8157 -39.7492
9.02552 27.6544 105.543 -6.60741e-07 46.8024 -39.751
9.03319 27.6633 105.548 -6.61442e-07 46.7891 -39.7528
9.04087 27.6722 105.552 -6.62144e-07 46.7757 -39.7546
9.04854 27.6811 105.556 -6.62846e-07 46.7624 -39.7564
9.05621 27.6901 105.561 -6.63549e-07 46.7491 -39.7581
9.06389 27.699 105.565 -6.64252e-07 46.7357 -39.7599
9.07156 27.7079 105.57 -6.64955e-07 46.7224 -39.7617
9.07924 27.7168 105.574 -6.65659e-07 46.7091 -39.7635
9.08691 27.7257 105.579 -6.66363e-07 46.6957 -39.7653
9.09459 27.7347 105.583 -6.67067e-07 46.6824 -39.767
9.10226 27.7436 105.587 -6.67772e-07 46.6691 -39.7688
9.10994 27.7525 105.592 -6.68477e-07 46.6558 -39.7706
9.11761 27.7615 105.596 -6.69182e-07 46.6424 -39.7724
9.12529 27.7704 105.6 -6.69888e-07 46.6291 -39.7742
9.13297 27.7794 105.605 -6.70594e-07 46.6158 -39.776
9.14064 27.7883 105.609 -6.71301e-07 46.6025 -39.7777
9.14832 27.7973 105.614 -6.72007e-07 46.5892 -39.7795
9.156 27.8063 105.618 -6.72714e-07 46.5758 -39.7813
9.16367 27.8152 105.622 -6.73422e-07 46.5625 -39.7831
9.17135 27.8242 105.627 -6.74129e-07 46.5492 -39.7849
9.17903 27.8332 105.631 -6.74838e-07 46.5359 -39.7866
9.18671 27.8421 105.635 -6.75546e-07 46.5226 -39.7884
9.19439 27.8511 105.64 -6.76255e-07 46.5093 -39.7902
9.20207 27.8601 105.644 -6.76964e-07 46.496 -39.792
9.20974 27.8691 105.648 -6.77673e-07 46.4827 -39.7938
9.21742 27.8781 105.653 -6.78383e-07 46.4694 -39.7955
9.2251 27.8871 105.657 -6.79093e-07 46.456 -39.7973
9.23278 27.8961 105.661 -6.79804e-07 46.4427 -39.7991
9.24046 27.9051 105.665 -6.80515e-07 46.4294 -39.8009
9.24814 27.9141 105.67 -6.81226e-07 46.4161 -39.8027
9.25582 27.9231 105.674 -6.81937e-07 46.4028 -39.8045
9.26351 27.9321 105.678 -6.82649e-07 46.3895 -39.8062
9.27119 27.9411 105.683 -6.83362e-07 46.3762 -39.808
9.27887 27.9502 105.687 -6.84074e-07 46.3629 -39.8098
9.28655 27.9592 105.691 -6.84787e-07 46.3496 -39.8116
9.29423 27.9682 105.695 -6.855e-07 46.3363 -39.8134
9.30192 27.9772 105.7 -6.86214e-07 46.3231 -39.8151
9.3096 27.9863 105.704 -6.86928e-07 46.3098 -39.8169
9.31728 27.9953 105.708 -6.87642e-07 46.2965 -39.8187
9.32496 28.0044 105.712 -6.88357e-07 46.2832 -39.8205
9.33265 28.0134 105.717 -6.89072e-07 46.2699 -39.8223
9.34033 28.0225 105.721 -6.89787e-07 46.2566 -39.824
9.34802 28.0315 105.725 -6.90503e-07 46.2433 -39.8258
9.3557 28.0406 105.729 -6.91219e-07 46.23 -39.8276
9.36338 28.0496 105.734 -6.91935e-07 46.2167 -39.8294
9.37107 28.0587 105.738 -6.92652e-07 46.2035 -39.8312
9.37875 28.0678 105.742 -6.93369e-07 46.1902 -39.833
9.38644 28.0768 105.746 -6.94086e-07 46.1769 -39.8347
9.39412 28.0859 105.75 -6.94804e-07 46.1636 -39.8365
9.40181 28.095 105.755 -6.95522e-07 46.1503 -39.8383
9.4095 28.1041 105.759 -6.96241e-07 46.1371 -39.8401
9.41718 28.1132 105.763 -6.9696e-07 46.1238 -39.8419
9.42487 28.1223 105.767 -6.97679e-07 46.1105 -39.8436
9.43256 28.1314 105.771 -6.98398e-07 46.0972 -39.8454
9.44024 28.1405 105.776 -6.99118e-07 46.084 -39.8472
9.44793 28.1496 105.78 -6.99839e-07 46.0707 -39.849
9.45562 28.1587 105.784 -7.00559e-07 46.0574 -39.8508
9.46331 28.1678 105.788 -7.0128e-07 46.0442 -39.8525
9.471 28.1769 105.792 -7.02001e-07 46.0309 -39.8543
9.47868 28.186 105.796 -7.02723e-07 46.0176 -39.8561
9.48637 28.1951 105.801 -7.03445e-07 46.0044 -39.8579
9.49406 28.2043 105.805 -7.04167e-07 45.9911 -39.8597
9.50175 28.2134 105.809 -7.0489e-07 45.9778 -39.8615
9.50944 28.2225 105.813 -7.05613e-07 45.9646 -39.8632
9.51713 28.2317 105.817 -7.06337e-07 45.9513 -39.865
9.52482 28.2408 105.821 -7.0706e-07 45.9381 -39.8668
9.53251 28.2499 105.825 -7.07784e-07 45.9248 -39.8686
9.5402 28.2591 105.829 -7.08509e-07 45.9116 -39.8704
9.54789 28.2682 105.833 -7.09234e-07 45.8983 -39.8721
9.55558 28.2774 105.838 -7.09959e-07 45.885 -39.8739
9.56328 28.2866 105.842 -7.10684e-07 45.8718 -39.8757
9.57097 28.2957 105.846 -7.1141e-07 45.8585 -39.8775
9.57866 28.3049 105.85 -7.12137e-07 45.8453 -39.8793
9.58635 28.314 105.854 -7.12863e-07 45.832 -39.881
9.59404 28.3232 105.858 -7.1359e-07 45.8188 -39.8828
9.60174 28.3324 105.862 -7.14317e-07 45.8056 -39.8846
9.60943 28.3416 105.866 -7.15045e-07 45.7923 -39.8864
9.61712 28.3508 105.87 -7.15773e-07 45.7791 -39.8882
9.62482 28.36 105.874 -7.16502e-07 45.7658 -39.89
9.63251 28.3691 105.878 -7.1723e-07 45.7526 -39.8917
9.6402 28.3783 105.882 -7.17959e-07 45.7393 -39.8935
9.6479 28.3875 105.886 -7.18689e-07 45.7261 -39.8953
9.65559 28.3967 105.89 -7.19419e-07 45.7129 -39.8971
9.66329 28.4059 105.894 -7.20149e-07 45.6996 -39.8989
9.67098 28.4152 105.898 -7.20879e-07 45.6864 -39.9006
9.67868 28.4244 105.902 -7.2161e-07 45.6732 -39.9024
9.68637 28.4336 105.906 -7.22341e-07 45.6599 -39.9042
9.69407 28.4428 105.91 -7.23073e-07 45.6467 -39.906
9.70177 28.452 105.914 -7.23805e-07 45.6335 -39.9078
9.70946 28.4613 105.918 -7.24537e-07 45.6202 -39.9095
9.71716 28.4705 105.922 -7.2527e-07 45.607 -39.9113
9.72485 28.4797 105.926 -7.26003e-07 45.5938 -39.9131
9.73255 28.489 105.93 -7.26736e-07 45.5806 -39.9149
9.74025 28.4982 105.934 -7.2747e-07 45.5673 -39.9167
9.74795 28.5075 105.938 -7.28204e-07 45.5541 -39.9185
9.75564 28.5167 105.942 -7.28939e-07 45.5409 -39.9202
9.76334 28.526 105.946 -7.29674e-07 45.5277 -39.922
9.77104 28.5352 105.95 -7.30409e-07 45.5145 -39.9238
9.77874 28.5445 105.954 -7.31144e-07 45.5013 -39.9256
9.78644 28.5537 105.958 -7.3188e-07 45.488 -39.9274
9.79414 28.563 105.962 -7.32617e-07 45.4748 -39.9291
9.80184 28.5723 105.966 -7.33353e-07 45.4616 -39.9309
9.80954 28.5816 105.97 -7.3409e-07 45.4484 -39.9327
9.81724 28.5908 105.974 -7.34828e-07 45.4352 -39.9345
9.82494 28.6001 105.978 -7.35565e-07 45.422 -39.9363
9.83264 28.6094 105.982 -7.36303e-07 45.4088 -39.938
9.84034 28.6187 105.986 -7.37042e-07 45.3956 -39.9398
9.84804 28.628 105.99 -7.37781e-07 45.3824 -39.9416
9.85574 28.6373 105.994 -7.3852e-07 45.3692 -39.9434
9.86344 28.6466 105.997 -7.3926e-07 45.356 -39.9452
9.87114 28.6559 106.001 -7.39999e-07 45.3428 -39.947
9.87885 28.6652 106.005 -7.4074e-07 45.3296 -39.9487
9.88655 28.6745 106.009 -7.4148e-07 45.3164 -39.9505
9.89425 28.6838 106.013 -7.42221e-07 45.3032 -39.9523
9.90195 28.6932 106.017 -7.42963e-07 45.29 -39.9541
9.90966 28.7025 106.021 -7.43705e-07 45.2768 -39.9559
9.91736 28.7118 106.025 -7.44447e-07 45.2636 -39.9576
9.92506 28.7211 106.028 -7.45189e-07 45.2504 -39.9594
9.93277 28.7305 106.032 -7.45932e-07 45.2372 -39.9612
9.94047 28.7398 106.036 -7.46675e-07 45.224 -39.963
9.94817 28.7492 106.04 -7.47419e-07 45.2108 -39.9648
9.95588 28.7585 106.044 -7.48163e-07 45.1976 -39.9665
9.96358 28.7678 106.048 -7.48907e-07 45.1845 -39.9683
9.97129 28.7772 106.052 -7.49652e-07 45.1713 -39.9701
9.97899 28.7866 106.055 -7.50397e-07 45.1581 -39.9719
9.9867 28.7959 106.059 -7.51142e-07 45.1449 -39.9737
9.9944 28.8053 106.063 -7.51888e-07 45.1317 -39.9755
10.0021 28.8146 106.067 -7.52634e-07 45.1186 -39.9772
10.0098 28.824 106.071 -7.53381e-07 45.1054 -39.979
10.0175 28.8334 106.074 -7.54127e-07 45.0922 -39.9808
10.0252 28.8428 106.078 -7.54875e-07 45.079 -39.9826
10.0329 28.8522 106.082 -7.55622e-07 45.0659 -39.9844
10.0406 28.8615 106.086 -7.5637e-07 45.0527 -39.9861
10.0484 28.8709 106.09 -7.57119e-07 45.0395 -39.9879
10.0561 28.8803 106.093 -7.57867e-07 45.0263 -39.9897
10.0638 28.8897 106.097 -7.58617e-07 45.0132 -39.9915
10.0715 28.8991 106.101 -7.59366e-07 45 -39.9933
10.0792 28.9085 106.105 -7.60116e-07 44.9868 -39.995
10.0869 28.9179 106.108 -7.60866e-07 44.9737 -39.9968
10.0946 28.9273 106.112 -7.61617e-07 44.9605 -39.9986
10.1023 28.9367 106.116 -7.62368e-07 44.9474 -40.0004
10.11 28.9462 106.12 -7.63119e-07 44.9342 -40.0022
10.1177 28.9556 106.123 -7.63871e-07 44.921 -40.004
10.1254 28.965 106.127 -7.64623e-07 44.9079 -40.0057
10.1331 28.9744 106.131 -7.65375e-07 44.8947 -40.0075
10.1409 28.9839 106.135 -7.66128e-07 44.8816 -40.0093
10.1486 28.9933 106.138 -7.66881e-07 44.8684 -40.0111
10.1563 29.0027 106.142 -7.67635e-07 44.8553 -40.0129
10.164 29.0122 106.146 -7.68389e-07 44.8421 -40.0146
10.1717 29.0216 106.149 -7.69143e-07 44.829 -40.0164
10.1794 29.0311 106.153 -7.69898e-07 44.8158 -40.0182
10.1871 29.0405 106.157 -7.70653e-07 44.8027 -40.02
10.1948 29.05 106.16 -7.71408e-07 44.7895 -40.0218
10.2025 29.0595 106.164 -7.72164e-07 44.7764 -40.0235
10.2103 29.0689 106.168 -7.7292e-07 44.7633 -40.0253
10.218 29.0782 106.171 -7.73674e-07 44.7504 -40.0271
10.2257 29.0874 106.175 -7.74427e-07 44.7375 -40.0289
10.2334 29.0966 106.179 -7.75178e-07 44.7248 -40.0307
10.2411 29.1056 106.182 -7.75929e-07 44.7122 -40.0325
10.2488 29.1146 106.186 -7.76678e-07 44.6997 -40.0342
10.2565 29.1234 106.189 -7.77426e-07 44.6873 -40.036
10.2643 29.1322 106.193 -7.78173e-07 44.675 -40.0378
10.272 29.1409 106.196 -7.78919e-07 44.6629 -40.0396
10.2797 29.1495 106.2 -7.79663e-07 44.6509 -40.0414
10.2874 29.158 106.203 -7.80406e-07 44.639 -40.0431
10.2951 29.1664 106.206 -7.81148e-07 44.6272 -40.0449
10.3028 29.1748 106.21 -7.81888e-07 44.6155 -40.0467
10.3105 29.183 106.213 -7.82627e-07 44.6039 -40.0485
10.3183 29.1911 106.216 -7.83365e-07 44.5925 -40.0503
10.326 29.1992 106.22 -7.84102e-07 44.5812 -40.052
10.3337 29.2071 106.223 -7.84837e-07 44.57 -40.0538
10.3414 29.215 106.226 -7.85571e-07 44.5589 -40.0556
10.3491 29.2228 106.229 -7.86304e-07 44.5479 -40.0574
10.3568 29.2305 106.232 -7.87036e-07 44.5371 -40.0592
10.3646 29.238 106.236 -7.87766e-07 44.5263 -40.061
10.3723 29.2455 106.239 -7.88494e-07 44.5157 -40.0627
10.38 29.2529 106.242 -7.89222e-07 44.5052 -40.0645
10.3877 29.2603 106.245 -7.89948e-07 44.4948 -40.0663
10.3954 29.2675 106.248 -7.90673e-07 44.4845 -40.0681
10.4031 29.2746 106.251 -7.91396e-07 44.4744 -40.0699
10.4109 29.2817 106.254 -7.92118e-07 44.4643 -40.0716
10.4186 29.2886 106.257 -7.92839e-07 44.4544 -40.0734
10.4263 29.2954 106.26 -7.93558e-07 44.4446 -40.0752
10.434 29.3022 106.263 -7.94276e-07 44.4349 -40.077
10.4417 29.3089 106.266 -7.94993e-07 44.4253 -40.0788
10.4495 29.3155 106.269 -7.95708e-07 44.4159 -40.0805
10.4572 29.3219 106.272 -7.96422e-07 44.4066 -40.0823
10.4649 29.3283 106.274 -7.97134e-07 44.3973 -40.0841
10.4726 29.3346 106.277 -7.97845e-07 44.3882 -40.0859
10.4803 29.3408 106.28 -7.98555e-07 44.3792 -40.0877
10.4881 29.347 106.283 -7.99263e-07 44.3704 -40.0895
10.4958 29.353 106.285 -7.9997e-07 44.3616 -40.0912
10.5035 29.3589 106.288 -8.00675e-07 44.353 -40.093
10.5112 29.3647 106.291 -8.01377e-07 44.3444 -40.0948
10.5188 29.3705 106.294 -8.0207e-07 44.336 -40.0966
10.5263 29.3761 106.296 -8.02754e-07 44.3277 -40.0984
10.5337 29.3816 106.299 -8.03429e-07 44.3195 -40.1001
10.541 29.387 106.302 -8.04094e-07 44.3114 -40.1019
10.5481 29.3922 106.304 -8.04751e-07 44.3034 -40.1037
10.5552 29.3974 106.307 -8.05398e-07 44.2955 -40.1055
10.5622 29.4025 106.31 -8.06035e-07 44.2877 -40.1073
10.569 29.4074 106.313 -8.06664e-07 44.28 -40.109
10.5758 29.4123 106.315 -8.07283e-07 44.2724 -40.1108
10.5824 29.417 106.318 -8.07893e-07 44.2649 -40.1126
10.589 29.4216 106.321 -8.08494e-07 44.2576 -40.1144
10.5954 29.4261 106.324 -8.09085e-07 44.2503 -40.1162
10.6017 29.4305 106.326 -8.09668e-07 44.2431 -40.118
10.608 29.4348 106.329 -8.10241e-07 44.2361 -40.1197
10.6141 29.439 106.332 -8.10804e-07 44.2291 -40.1215
10.6201 29.4431 106.335 -8.11358e-07 44.2222 -40.1233
10.626 29.447 106.337 -8.11903e-07 44.2155 -40.1251
10.6318 29.4509 106.34 -8.12439e-07 44.2088 -40.1269
10.6375 29.4546 106.343 -8.12965e-07 44.2023 -40.1286
10.6431 29.4582 106.346 -8.13482e-07 44.1958 -40.1304
10.6486 29.4617 106.349 -8.1399e-07 44.1895 -40.1322
10.654 29.4651 106.352 -8.14488e-07 44.1833 -40.134
10.6593 29.4684 106.354 -8.14978e-07 44.1771 -40.1358
10.6645 29.4716 106.357 -8.15457e-07 44.1711 -40.1375
10.6696 29.4747 106.36 -8.15928e-07 44.1652 -40.1393
10.6745 29.4776 106.363 -8.16388e-07 44.1594 -40.1411
10.6794 29.4805 106.366 -8.1684e-07 44.1537 -40.1429
10.6842 29.4832 106.369 -8.17282e-07 44.1481 -40.1447
10.6888 29.4858 106.372 -8.17715e-07 44.1425 -40.1465
10.6934 29.4883 106.375 -8.18139e-07 44.1371 -40.1482
10.6978 29.4907 106.377 -8.18553e-07 44.1318 -40.15
10.7021 29.493 106.38 -8.18957e-07 44.1266 -40.1518
10.7064 29.4952 106.383 -8.19353e-07 44.1215 -40.1536
10.7105 29.4973 106.386 -8.19739e-07 44.1166 -40.1554
10.7145 29.4992 106.389 -8.20115e-07 44.1117 -40.1571
10.7184 29.5011 106.392 -8.20482e-07 44.1069 -40.1589
10.7223 29.5028 106.395 -8.2084e-07 44.1022 -40.1607
10.726 29.5044 106.398 -8.21188e-07 44.0976 -40.1625
10.7296 29.5059 106.401 -8.21527e-07 44.0932 -40.1643
10.7331 29.5073 106.404 -8.21857e-07 44.0888 -40.166
10.7365 29.5086 106.407 -8.22177e-07 44.0845 -40.1678
10.7398 29.5098 106.41 -8.22487e-07 44.0804 -40.1696
10.7429 29.5108 106.413 -8.22788e-07 44.0763 -40.1714
10.746 29.5118 106.416 -8.2308e-07 44.0723 -40.1732
10.749 29.5126 106.419 -8.23362e-07 44.0685 -40.175
10.7519 29.5133 106.422 -8.23635e-07 44.0647 -40.1767
10.7546 29.5139 106.425 -8.23898e-07 44.0611 -40.1785
10.7573 29.5144 106.428 -8.24152e-07 44.0576 -40.1803
10.7598 29.5149 106.431 -8.24395e-07 44.0542 -40.1821
10.7622 29.5153 106.434 -8.24626e-07 44.0509 -40.1839
10.7645 29.5157 106.436 -8.24844e-07 44.0479 -40.1856
10.7667 29.5161 106.439 -8.25051e-07 44.045 -40.1874
10.7687 29.5164 106.441 -8.25246e-07 44.0423 -40.1892
10.7706 29.5168 106.444 -8.25429e-07 44.0397 -40.191
10.7724 29.5171 106.446 -8.256e-07 44.0373 -40.1928
10.7741 29.5174 106.448 -8.25759e-07 44.0351 -40.1945
10.7756 29.5176 106.449 -8.25906e-07 44.033 -40.1963
10.777 29.5179 106.451 -8.26042e-07 44.0311 -40.1981
10.7783 29.5181 106.452 -8.26165e-07 44.0294 -40.1999
10.7795 29.5183 106.454 -8.26276e-07 44.0279 -40.2017
10.7805 29.5185 106.455 -8.26375e-07 44.0265 -40.2035
10.7814 29.5187 106.456 -8.26462e-07 44.0253 -40.2052
10.7822 29.5188 106.457 -8.26537e-07 44.0242 -40.207
10.7829 29.5189 106.458 -8.266e-07 44.0233 -40.2088
10.7834 29.519 106.458 -8.26652e-07 44.0226 -40.2106
10.7838 29.5191 106.459 -8.26691e-07 44.0221 -40.2124
10.7841 29.5191 106.459 -8.26718e-07 44.0217 -40.2141
