525	100	475	0	180	-40.2157
525	99.9995	475	0	180	-40.2162
524.998	99.998	475.002	0	180	-40.2177
524.996	99.9955	475.005	0	180	-40.2202
524.992	99.992	475.008	0	180	-40.2237
524.988	99.9875	475.012	0	180	-40.2282
524.982	99.982	475.018	0	180	-40.2337
524.976	99.9755	475.024	0	180	-40.2402
524.968	99.968	475.032	0	180	-40.2477
524.96	99.9595	475.04	0	180	-40.2562
524.95	99.95	475.05	0	180	-40.2657
524.939	99.9395	475.06	0	180	-40.2762
524.928	99.928	475.072	0	180	-40.2877
524.915	99.9155	475.084	0	180	-40.3002
524.902	99.902	475.098	0	180	-40.3137
524.888	99.8875	475.113	0	180	-40.3282
524.872	99.872	475.128	0	180	-40.3437
524.856	99.8555	475.144	0	180	-40.3602
524.838	99.838	475.162	0	180	-40.3777
524.821	99.8195	475.18	0	180	-40.3962
524.804	99.8	475.2	0	180	-40.4157
524.787	99.7795	475.221	0	180	-40.4362
524.77	99.758	475.242	0	180	-40.4577
524.752	99.7355	475.264	0	180	-40.4802
524.735	99.712	475.288	0	180	-40.5037
524.718	99.6875	475.312	0	180	-40.5282
524.701	99.662	475.338	0	180	-40.5537
524.684	99.6355	475.364	0	180	-40.5802
524.667	99.608	475.392	0	180	-40.6077
524.649	99.5795	475.42	0	180	-40.6362
524.632	99.55	475.45	0	180	-40.6657
524.615	99.5195	475.48	0	180	-40.6962
524.598	99.488	475.512	0	180	-40.7277
524.581	99.4555	475.544	0	180	-40.7602
524.564	99.422	475.578	0	180	-40.7937
524.546	99.3875	475.613	0	180	-40.8282
524.529	99.352	475.648	0	180	-40.8637
524.512	99.3155	475.684	0	180	-40.9002
524.495	99.278	475.722	0	180	-40.9377
524.478	99.2395	475.76	0	180	-40.9762
524.461	99.2	475.8	0	180	-41.0157
524.443	99.1595	475.841	0	180	-41.0562
524.426	99.118	475.882	0	180	-41.0977
524.409	99.0755	475.924	0	180	-41.1402
524.392	99.032	475.968	0	180	-41.1837
524.375	98.9875	476.012	0	180	-41.2282
524.358	98.942	476.058	0	180	-41.2737
524.34	98.8955	476.104	0	180	-41.3202
524.323	98.848	476.152	0	180	-41.3677
524.306	98.7995	476.2	0	180	-41.4162
524.289	98.75	476.25	0	180	-41.4657
524.272	98.6995	476.299	0	180	-41.5162
524.255	98.648	476.349	0	180	-41.5677
524.237	98.5955	476.399	0	180	-41.6202
524.22	98.542	476.448	0	180	-41.6737
524.203	98.4875	476.498	0	180	-41.7282
524.186	98.432	476.547	0	180	-41.7837
524.169	98.3755	476.597	0	180	-41.8402
524.152	98.318	476.646	0	180	-41.8977
524.134	98.2595	476.696	0	180	-41.9562
524.117	98.2	476.746	0	180	-42.0157
524.1	98.1395	476.795	0	180	-42.0762
524.083	98.078	476.845	0	180	-42.1377
524.066	98.0155	476.894	0	180	-42.2002
524.049	97.952	476.944	0	180	-42.2637
524.031	97.8875	476.993	0	180	-42.3277
524.014	97.822	477.043	0	180	-42.3916
523.997	97.7555	477.093	0	180	-42.4556
523.98	97.688	477.142	0	180	-42.5196
523.963	97.6195	477.192	0	180	-42.5835
523.946	97.55	477.241	0	180	-42.6475
523.928	97.4795	477.291	0	180	-42.7115
523.911	97.408	477.34	0	180	-42.7755
523.894	97.3355	477.39	0	180	-42.8394
523.877	97.262	477.439	0	180	-42.9034
523.86	97.1875	477.489	0	180	-42.9674
523.843	97.112	477.539	0	180	-43.0313
523.825	97.0355	477.588	0	180	-43.0953
523.808	96.958	477.638	0	180	-43.1593
523.791	96.8804	477.687	0	180	-43.2232
523.774	96.8027	477.737	0	180	-43.2872
523.757	96.725	477.786	0	180	-43.3512
523.739	96.6473	477.836	0	180	-43.4152
523.722	96.5696	477.886	0	180	-43.4791
523.705	96.4919	477.935	0	180	-43.5431
523.688	96.4142	477.985	0	180	-43.6071
523.671	96.3365	478.034	0	180	-43.671
523.654	96.2588	478.084	0	180	-43.735
523.636	96.1811	478.133	0	180	-43.799
523.619	96.1034	478.183	0	180	-43.8629
523.602	96.0257	478.233	0	180	-43.9269
523.585	95.948	478.282	0	180	-43.9909
523.568	95.8703	478.332	0	180	-44.0549
523.551	95.7926	478.381	0	180	-44.1188
523.533	95.7149	478.431	0	180	-44.1828
523.516	95.6372	478.48	0	180	-44.2468
523.499	95.5595	478.53	0	180	-44.3107
523.482	95.4818	478.58	0	180	-44.3747
523.465	95.4041	478.629	0	180	-44.4387
523.448	95.3264	478.679	0	180	-44.5026
523.43	95.2487	478.728	0	180	-44.5666
523.413	95.171	478.778	0	180	-44.6306
523.396	95.0933	478.827	0	180	-44.6946
523.379	95.0156	478.877	0	180	-44.7585
523.362	94.938	478.926	0	180	-44.8225
523.345	94.8603	478.976	0	180	-44.8865
523.327	94.7826	479.026	0	180	-44.9504
523.31	94.7049	479.075	0	180	-45.0144
523.293	94.6272	479.125	0	180	-45.0784
523.276	94.5495	479.174	0	180	-45.1423
523.259	94.4718	479.224	0	180	-45.2063
523.242	94.3941	479.273	0	180	-45.2703
523.224	94.3164	479.323	0	180	-45.3343
523.207	94.2387	479.373	0	180	-45.3982
523.19	94.161	479.422	0	180	-45.4622
523.173	94.0833	479.472	0	180	-45.5262
523.156	94.0056	479.521	0	180	-45.5901
523.139	93.9279	479.571	0	180	-45.6541
523.121	93.8502	479.62	0	180	-45.7181
523.104	93.7725	479.67	0	180	-45.782
523.087	93.6948	479.72	0	180	-45.846
523.07	93.6171	479.769	0	180	-45.91
523.053	93.5394	479.819	0	180	-45.9739
523.036	93.4617	479.868	0	180	-46.0379
523.018	93.384	479.918	0	180	-46.1019
523.001	93.3063	479.967	0	180	-46.1659
522.984	93.2286	480.017	0	180	-46.2298
522.967	93.1509	480.066	0	180	-46.2938
522.95	93.0732	480.116	0	180	-46.3578
522.933	92.9956	480.166	0	180	-46.4217
522.915	92.9179	480.215	0	180	-46.4857
522.898	92.8402	480.265	0	180	-46.5497
522.881	92.7625	480.314	0	180	-46.6136
522.864	92.6848	480.364	0	180	-46.6776
522.847	92.6071	480.413	0	180	-46.7416
522.83	92.5294	480.463	0	180	-46.8056
522.812	92.4517	480.513	0	180	-46.8695
522.795	92.374	480.562	0	180	-46.9335
522.778	92.2963	480.612	0	180	-46.9975
522.761	92.2186	480.661	0	180	-47.0614
522.744	92.1409	480.711	0	180	-47.1254
522.726	92.0632	480.76	0	180	-47.1894
522.709	91.9855	480.81	0	180	-47.2533
522.692	91.9078	480.86	0	180	-47.3173
522.675	91.8301	480.909	0	180	-47.3813
522.658	91.7524	480.959	0	180	-47.4453
522.641	91.6747	481.008	0	180	-47.5092
522.623	91.597	481.058	0	180	-47.5732
522.606	91.5193	481.107	0	180	-47.6372
522.589	91.4416	481.157	0	180	-47.7011
522.572	91.3639	481.206	0	180	-47.7651
522.555	91.2862	481.256	0	180	-47.8291
522.538	91.2085	481.306	0	180	-47.893
522.52	91.1309	481.355	0	180	-47.957
522.503	91.0532	481.405	0	180	-48.021
522.486	90.9755	481.454	0	180	-48.085
522.469	90.8978	481.504	0	180	-48.1489
522.452	90.8201	481.553	0	180	-48.2129
522.435	90.7424	481.603	0	180	-48.2769
522.417	90.6647	481.653	0	180	-48.3408
522.4	90.587	481.702	0	180	-48.4048
522.383	90.5093	481.752	0	180	-48.4688
522.366	90.4316	481.801	0	180	-48.5327
522.349	90.3539	481.851	0	180	-48.5967
522.332	90.2762	481.9	0	180	-48.6607
522.314	90.1985	481.95	0	180	-48.7247
522.297	90.1208	482	0	180	-48.7886
522.28	90.0431	482.049	0	180	-48.8526
522.263	89.9654	482.099	0	180	-48.9166
522.246	89.8877	482.148	0	180	-48.9805
522.229	89.81	482.198	0	180	-49.0445
522.211	89.7323	482.247	0	180	-49.1085
522.194	89.6546	482.297	0	180	-49.1724
522.177	89.5769	482.347	0	180	-49.2364
522.16	89.4992	482.396	0	180	-49.3004
522.143	89.4215	482.446	0	180	-49.3644
522.126	89.3438	482.495	0	180	-49.4283
522.108	89.2661	482.545	0	180	-49.4923
522.091	89.1885	482.594	0	180	-49.5563
522.074	89.1108	482.644	0	180	-49.6202
522.057	89.0331	482.693	0	180	-49.6842
522.04	88.9554	482.743	0	180	-49.7482
522.023	88.8777	482.793	0	180	-49.8121
522.005	88.8	482.842	0	180	-49.8761
521.988	88.7223	482.892	0	180	-49.9401
521.971	88.6446	482.941	0	180	-50.004
521.954	88.5669	482.991	0	180	-50.068
521.937	88.4892	483.04	0	180	-50.132
521.92	88.4115	483.09	0	180	-50.196
521.902	88.3338	483.14	0	180	-50.2599
521.885	88.2561	483.189	0	180	-50.3239
521.868	88.1784	483.239	0	180	-50.3879
521.851	88.1007	483.288	0	180	-50.4518
521.834	88.023	483.338	0	180	-50.5158
521.817	87.9453	483.387	0	180	-50.5798
521.799	87.8676	483.437	0	180	-50.6437
521.782	87.7899	483.487	0	180	-50.7077
521.765	87.7122	483.536	0	180	-50.7717
521.748	87.6345	483.586	0	180	-50.8357
521.731	87.5568	483.635	0	180	-50.8996
521.713	87.4791	483.685	0	180	-50.9636
521.696	87.4014	483.734	0	180	-51.0276
521.679	87.3238	483.784	0	180	-51.0915
521.662	87.2461	483.833	0	180	-51.1555
521.645	87.1684	483.883	0	180	-51.2195
521.628	87.0907	483.933	0	180	-51.2834
521.61	87.013	483.982	0	180	-51.3474
521.593	86.9353	484.032	0	180	-51.4114
521.576	86.8576	484.081	0	180	-51.4754
521.559	86.7799	484.131	0	180	-51.5393
521.542	86.7022	484.18	0	180	-51.6033
521.525	86.6245	484.23	0	180	-51.6673
521.507	86.5468	484.28	0	180	-51.7312
521.49	86.4691	484.329	0	180	-51.7952
521.473	86.3914	484.379	0	180	-51.8592
521.456	86.3137	484.428	0	180	-51.9231
521.439	86.236	484.478	0	180	-51.9871
521.422	86.1583	484.527	0	180	-52.0511
521.404	86.0806	484.577	0	180	-52.1151
521.387	86.0029	484.627	0	180	-52.179
521.37	85.9252	484.676	0	180	-52.243
521.353	85.8475	484.726	0	180	-52.307
521.336	85.7698	484.775	0	180	-52.3709
521.319	85.6921	484.825	0	180	-52.4349
521.301	85.6144	484.874	0	180	-52.4989
521.284	85.5367	484.924	0	180	-52.5628
521.267	85.459	484.973	0	180	-52.6268
521.25	85.3814	485.023	0	180	-52.6908
521.233	85.3037	485.073	0	180	-52.7548
521.216	85.226	485.122	0	180	-52.8187
521.198	85.1483	485.172	0	180	-52.8827
521.181	85.0706	485.221	0	180	-52.9467
521.164	84.9929	485.271	0	180	-53.0106
521.147	84.9152	485.32	0	180	-53.0746
521.13	84.8375	485.37	0	180	-53.1386
521.113	84.7598	485.42	0	180	-53.2025
521.095	84.6821	485.469	0	180	-53.2665
521.078	84.6044	485.519	0	180	-53.3305
521.061	84.5267	485.568	0	180	-53.3944
521.044	84.449	485.618	0	180	-53.4584
521.027	84.3713	485.667	0	180	-53.5224
521.01	84.2936	485.717	0	180	-53.5864
520.992	84.2159	485.767	0	180	-53.6503
520.975	84.1382	485.816	0	180	-53.7143
520.958	84.0605	485.866	0	180	-53.7783
520.941	83.9828	485.915	0	180	-53.8422
520.924	83.9051	485.965	0	180	-53.9062
520.907	83.8274	486.014	0	180	-53.9702
520.889	83.7497	486.064	0	180	-54.0341
520.872	83.672	486.114	0	180	-54.0981
520.855	83.5943	486.163	0	180	-54.1621
520.838	83.5166	486.213	0	180	-54.2261
520.821	83.439	486.262	0	180	-54.29
520.804	83.3613	486.312	0	180	-54.354
520.786	83.2836	486.361	0	180	-54.418
520.769	83.2059	486.411	0	180	-54.4819
520.752	83.1282	486.46	0	180	-54.5459
520.735	83.0505	486.51	0	180	-54.6099
520.718	82.9728	486.56	0	180	-54.6738
520.7	82.8951	486.609	0	180	-54.7378
520.683	82.8174	486.659	0	180	-54.8018
520.666	82.7397	486.708	0	180	-54.8658
520.649	82.662	486.758	0	180	-54.9297
520.632	82.5843	486.807	0	180	-54.9937
520.615	82.5066	486.857	0	180	-55.0577
520.597	82.4289	486.907	0	180	-55.1216
520.58	82.3512	486.956	0	180	-55.1856
520.563	82.2735	487.006	0	180	-55.2496
520.546	82.1958	487.055	0	180	-55.3135
520.529	82.1181	487.105	0	180	-55.3775
520.512	82.0404	487.154	0	180	-55.4415
520.494	81.9627	487.204	0	180	-55.5055
520.477	81.885	487.254	0	180	-55.5694
520.46	81.8073	487.303	0	180	-55.6334
520.443	81.7296	487.353	0	180	-55.6974
520.426	81.6519	487.402	0	180	-55.7613
520.409	81.5743	487.452	0	180	-55.8253
520.391	81.4966	487.501	0	180	-55.8893
520.374	81.4189	487.551	0	180	-55.9532
520.357	81.3412	487.6	0	180	-56.0172
520.34	81.2635	487.65	0	180	-56.0812
520.323	81.1858	487.7	0	180	-56.1452
520.306	81.1081	487.749	0	180	-56.2091
520.288	81.0304	487.799	0	180	-56.2731
520.271	80.9527	487.848	0	180	-56.3371
520.254	80.875	487.898	0	180	-56.401
520.237	80.7973	487.947	0	180	-56.465
520.22	80.7196	487.997	0	180	-56.529
520.203	80.6419	488.047	0	180	-56.5929
520.185	80.5642	488.096	0	180	-56.6569
520.168	80.4865	488.146	0	180	-56.7209
520.151	80.4088	488.195	0	180	-56.7849
520.134	80.3311	488.245	0	180	-56.8488
520.117	80.2534	488.294	0	180	-56.9128
520.1	80.1757	488.344	0	180	-56.9768
520.082	80.098	488.394	0	180	-57.0407
520.065	80.0203	488.443	0	180	-57.1047
520.048	79.9426	488.493	0	180	-57.1687
520.031	79.8649	488.542	0	180	-57.2326
520.014	79.7872	488.592	0	180	-57.2966
519.997	79.7095	488.641	0	180	-57.3606
519.979	79.6319	488.691	0	180	-57.4245
519.962	79.5542	488.74	0	180	-57.4885
519.945	79.4765	488.79	0	180	-57.5525
519.928	79.3988	488.84	0	180	-57.6165
519.911	79.3211	488.889	0	180	-57.6804
519.894	79.2434	488.939	0	180	-57.7444
519.876	79.1657	488.988	0	180	-57.8084
519.859	79.088	489.038	0	180	-57.8723
519.842	79.0103	489.087	0	180	-57.9363
519.825	78.9326	489.137	0	180	-58.0003
519.808	78.8549	489.187	0	180	-58.0642
519.791	78.7772	489.236	0	180	-58.1282
519.773	78.6995	489.286	0	180	-58.1922
519.756	78.6218	489.335	0	180	-58.2562
519.739	78.5441	489.385	0	180	-58.3201
519.722	78.4664	489.434	0	180	-58.3841
519.705	78.3887	489.484	0	180	-58.4481
519.687	78.311	489.534	0	180	-58.512
519.67	78.2333	489.583	0	180	-58.576
519.653	78.1556	489.633	0	180	-58.64
519.636	78.0779	489.682	0	180	-58.7039
519.619	78.0002	489.732	0	180	-58.7679
519.602	77.9225	489.781	0	180	-58.8319
519.584	77.8448	489.831	0	180	-58.8959
519.567	77.7672	489.881	0	180	-58.9598
519.55	77.6895	489.93	0	180	-59.0238
519.533	77.6118	489.98	0	180	-59.0878
519.516	77.5341	490.029	0	180	-59.1517
519.499	77.4564	490.079	0	180	-59.2157
519.481	77.3787	490.128	0	180	-59.2797
519.464	77.301	490.178	0	180	-59.3436
519.447	77.2233	490.227	0	180	-59.4076
519.43	77.1456	490.277	0	180	-59.4716
519.413	77.0679	490.327	0	180	-59.5356
519.396	76.9902	490.376	0	180	-59.5995
519.378	76.9125	490.426	0	180	-59.6635
519.361	76.8348	490.475	0	180	-59.7275
519.344	76.7571	490.525	0	180	-59.7914
519.327	76.6794	490.574	0	180	-59.8554
519.31	76.6017	490.624	0	180	-59.9194
519.293	76.524	490.674	0	180	-59.9833
519.275	76.4463	490.723	0	180	-60.0473
519.258	76.3686	490.773	0	180	-60.1113
519.241	76.2909	490.822	0	180	-60.1753
519.224	76.2132	490.872	0	180	-60.2392
519.207	76.1355	490.921	0	180	-60.3032
519.19	76.0578	490.971	0	180	-60.3672
519.172	75.9801	491.021	0	180	-60.4311
519.155	75.9024	491.07	0	180	-60.4951
519.138	75.8248	491.12	0	180	-60.5591
519.121	75.7471	491.169	0	180	-60.623
519.104	75.6694	491.219	0	180	-60.687
519.087	75.5917	491.268	0	180	-60.751
519.069	75.514	491.318	0	180	-60.815
519.052	75.4363	491.367	0	180	-60.8789
519.035	75.3586	491.417	0	180	-60.9429
519.018	75.2809	491.467	0	180	-61.0069
519.001	75.2032	491.516	0	180	-61.0708
518.984	75.1255	491.566	0	180	-61.1348
518.966	75.0478	491.615	0	180	-61.1988
518.949	74.9701	491.665	0	180	-61.2627
518.932	74.8924	491.714	0	180	-61.3267
518.915	74.8147	491.764	0	180	-61.3907
518.898	74.737	491.814	0	180	-61.4546
518.881	74.6593	491.863	0	180	-61.5186
518.863	74.5816	491.913	0	180	-61.5826
518.846	74.5039	491.962	0	180	-61.6466
518.829	74.4262	492.012	0	180	-61.7105
518.812	74.3485	492.061	0	180	-61.7745
518.795	74.2708	492.111	0	180	-61.8385
518.778	74.1931	492.161	0	180	-61.9024
518.76	74.1154	492.21	0	180	-61.9664
518.743	74.0377	492.26	0	180	-62.0304
518.726	73.9601	492.309	0	180	-62.0943
518.709	73.8824	492.359	0	180	-62.1583
518.692	73.8047	492.408	0	180	-62.2223
518.674	73.727	492.458	0	180	-62.2863
518.657	73.6493	492.508	0	180	-62.3502
518.64	73.5716	492.557	0	180	-62.4142
518.623	73.4939	492.607	0	180	-62.4782
518.606	73.4162	492.656	0	180	-62.5421
518.589	73.3385	492.706	0	180	-62.6061
518.571	73.2608	492.755	0	180	-62.6701
518.554	73.1831	492.805	0	180	-62.734
518.537	73.1054	492.854	0	180	-62.798
518.52	73.0277	492.904	0	180	-62.862
518.503	72.95	492.954	0	180	-62.926
518.486	72.8723	493.003	0	180	-62.9899
518.468	72.7946	493.053	0	180	-63.0539
518.451	72.7169	493.102	0	180	-63.1179
518.434	72.6392	493.152	0	180	-63.1818
518.417	72.5615	493.201	0	180	-63.2458
518.4	72.4838	493.251	0	180	-63.3098
518.383	72.4061	493.301	0	180	-63.3737
518.365	72.3284	493.35	0	180	-63.4377
518.348	72.2507	493.4	0	180	-63.5017
518.331	72.173	493.449	0	180	-63.5657
518.314	72.0953	493.499	0	180	-63.6296
518.297	72.0177	493.548	0	180	-63.6936
518.28	71.94	493.598	0	180	-63.7576
518.262	71.8623	493.648	0	180	-63.8215
518.245	71.7846	493.697	0	180	-63.8855
518.228	71.7069	493.747	0	180	-63.9495
518.211	71.6292	493.796	0	180	-64.0134
518.194	71.5515	493.846	0	180	-64.0774
518.177	71.4738	493.895	0	180	-64.1414
518.159	71.3961	493.945	0	180	-64.2054
518.142	71.3184	493.994	0	180	-64.2693
518.125	71.2407	494.044	0	180	-64.3333
518.108	71.163	494.094	0	180	-64.3973
518.091	71.0853	494.143	0	180	-64.4612
518.074	71.0076	494.193	0	180	-64.5252
518.056	70.9299	494.242	0	180	-64.5892
518.039	70.8522	494.292	0	180	-64.6531
518.022	70.7745	494.341	0	180	-64.7171
518.005	70.6968	494.391	0	180	-64.7811
517.988	70.6191	494.441	0	180	-64.8451
517.971	70.5414	494.49	0	180	-64.909
517.953	70.4637	494.54	0	180	-64.973
517.936	70.386	494.589	0	180	-65.037
517.919	70.3083	494.639	0	180	-65.1009
517.902	70.2306	494.688	0	180	-65.1649
517.885	70.1529	494.738	0	180	-65.2289
517.868	70.0753	494.788	0	180	-65.2928
517.85	69.9976	494.837	0	180	-65.3568
517.833	69.9199	494.887	0	180	-65.4208
517.816	69.8422	494.936	0	180	-65.4847
517.799	69.7645	494.986	0	180	-65.5487
517.782	69.6868	495.035	0	180	-65.6127
517.765	69.6091	495.085	0	180	-65.6767
517.747	69.5314	495.134	0	180	-65.7406
517.73	69.4537	495.184	0	180	-65.8046
517.713	69.376	495.234	0	180	-65.8686
517.696	69.2983	495.283	0	180	-65.9325
517.679	69.2206	495.333	0	180	-65.9965
517.661	69.1429	495.382	0	180	-66.0605
517.644	69.0652	495.432	0	180	-66.1244
517.627	68.9875	495.481	0	180	-66.1884
517.61	68.9098	495.531	0	180	-66.2524
517.593	68.8321	495.581	0	180	-66.3164
517.576	68.7544	495.63	0	180	-66.3803
517.558	68.6767	495.68	0	180	-66.4443
517.541	68.599	495.729	0	180	-66.5083
517.524	68.5213	495.779	0	180	-66.5722
517.507	68.4436	495.828	0	180	-66.6362
517.49	68.3659	495.878	0	180	-66.7002
517.473	68.2882	495.928	0	180	-66.7641
517.455	68.2106	495.977	0	180	-66.8281
517.438	68.1329	496.027	0	180	-66.8921
517.421	68.0552	496.076	0	180	-66.9561
517.404	67.9775	496.126	0	180	-67.02
517.387	67.8998	496.175	0	180	-67.084
517.37	67.8221	496.225	0	180	-67.148
517.352	67.7444	496.275	0	180	-67.2119
517.335	67.6667	496.324	0	180	-67.2759
517.318	67.589	496.374	0	180	-67.3399
517.301	67.5113	496.423	0	180	-67.4038
517.284	67.4336	496.473	0	180	-67.4678
517.267	67.3559	496.522	0	180	-67.5318
517.249	67.2782	496.572	0	180	-67.5958
517.232	67.2005	496.621	0	180	-67.6597
517.215	67.1228	496.671	0	180	-67.7237
517.198	67.0451	496.721	0	180	-67.7877
517.181	66.9674	496.77	0	180	-67.8516
517.164	66.8897	496.82	0	180	-67.9156
517.146	66.812	496.869	0	180	-67.9796
517.129	66.7343	496.919	0	180	-68.0435
517.112	66.6566	496.968	0	180	-68.1075
517.095	66.5789	497.018	0	180	-68.1715
517.078	66.5012	497.068	0	180	-68.2355
517.061	66.4235	497.117	0	180	-68.2994
517.043	66.3458	497.167	0	180	-68.3634
517.026	66.2682	497.216	0	180	-68.4274
517.009	66.1905	497.266	0	180	-68.4913
516.992	66.1128	497.315	0	180	-68.5553
516.975	66.0351	497.365	0	180	-68.6193
516.958	65.9574	497.415	0	180	-68.6832
516.94	65.8797	497.464	0	180	-68.7472
516.923	65.802	497.514	0	180	-68.8112
516.906	65.7243	497.563	0	180	-68.8752
516.889	65.6466	497.613	0	180	-68.9391
516.872	65.5689	497.662	0	180	-69.0031
516.855	65.4912	497.712	0	180	-69.0671
516.837	65.4135	497.761	0	180	-69.131
516.82	65.3358	497.811	0	180	-69.195
516.803	65.2581	497.861	0	180	-69.259
516.786	65.1804	497.91	0	180	-69.3229
516.769	65.1027	497.96	0	180	-69.3869
516.752	65.025	498.009	0	180	-69.4509
516.734	64.9473	498.059	0	180	-69.5148
516.717	64.8696	498.108	0	180	-69.5788
516.7	64.7919	498.158	0	180	-69.6428
516.683	64.7142	498.208	0	180	-69.7068
516.666	64.6365	498.257	0	180	-69.7707
516.648	64.5588	498.307	0	180	-69.8347
516.631	64.4811	498.356	0	180	-69.8987
516.614	64.4035	498.406	0	180	-69.9626
516.597	64.3258	498.455	0	180	-70.0266
516.58	64.2481	498.505	0	180	-70.0906
516.563	64.1704	498.555	0	180	-70.1545
516.545	64.0927	498.604	0	180	-70.2185
516.528	64.015	498.654	0	180	-70.2825
516.511	63.9373	498.703	0	180	-70.3465
516.494	63.8596	498.753	0	180	-70.4104
516.477	63.7819	498.802	0	180	-70.4744
516.46	63.7042	498.852	0	180	-70.5384
516.442	63.6265	498.901	0	180	-70.6023
516.425	63.5488	498.951	0	180	-70.6663
516.408	63.4711	499.001	0	180	-70.7303
516.391	63.3934	499.05	0	180	-70.7942
516.374	63.3157	499.1	0	180	-70.8582
516.357	63.238	499.149	0	180	-70.9222
516.339	63.1603	499.199	0	180	-70.9862
516.322	63.0826	499.248	0	180	-71.0501
516.305	63.0049	499.298	0	180	-71.1141
516.288	62.9272	499.348	0	180	-71.1781
516.271	62.8495	499.397	0	180	-71.242
516.254	62.7718	499.447	0	180	-71.306
516.236	62.6941	499.496	0	180	-71.37
516.219	62.6164	499.546	0	180	-71.4339
516.202	62.5387	499.595	0	180	-71.4979
516.185	62.4611	499.645	0	180	-71.5619
516.168	62.3834	499.695	0	180	-71.6259
516.151	62.3057	499.744	0	180	-71.6898
516.133	62.228	499.794	0	180	-71.7538
516.116	62.1503	499.843	0	180	-71.8178
516.099	62.0726	499.893	0	180	-71.8817
516.082	61.9949	499.942	0	180	-71.9457
516.065	61.9172	499.992	0	180	-72.0097
516.048	61.8395	500.042	0	180	-72.0736
516.03	61.7618	500.091	0	180	-72.1376
516.013	61.6841	500.141	0	180	-72.2016
515.996	61.6064	500.19	0	180	-72.2656
515.979	61.5287	500.24	0	180	-72.3295
515.962	61.451	500.289	0	180	-72.3935
515.945	61.3733	500.339	0	180	-72.4575
515.927	61.2956	500.388	0	180	-72.5214
515.91	61.2179	500.438	0	180	-72.5854
515.893	61.1402	500.488	0	180	-72.6494
515.876	61.0625	500.537	0	180	-72.7133
515.859	60.9848	500.587	0	180	-72.7773
515.842	60.9071	500.636	0	180	-72.8413
515.824	60.8294	500.686	0	180	-72.9053
515.807	60.7517	500.735	0	180	-72.9692
515.79	60.674	500.785	0	180	-73.0332
515.773	60.5963	500.835	0	180	-73.0972
515.756	60.5187	500.884	0	180	-73.1611
515.739	60.441	500.934	0	180	-73.2251
515.721	60.3633	500.983	0	180	-73.2891
515.704	60.2856	501.033	0	180	-73.353
515.687	60.2079	501.082	0	180	-73.417
515.67	60.1302	501.132	0	180	-73.481
515.653	60.0525	501.182	0	180	-73.5449
515.635	59.9748	501.231	0	180	-73.6089
515.618	59.8971	501.281	0	180	-73.6729
515.601	59.8194	501.33	0	180	-73.7369
515.584	59.7417	501.38	0	180	-73.8008
515.567	59.664	501.429	0	180	-73.8648
515.55	59.5863	501.479	0	180	-73.9288
515.532	59.5086	501.528	0	180	-73.9927
515.515	59.4309	501.578	0	180	-74.0567
515.498	59.3532	501.628	0	180	-74.1207
515.481	59.2755	501.677	0	180	-74.1846
515.464	59.1978	501.727	0	180	-74.2486
515.447	59.1201	501.776	0	180	-74.3126
515.429	59.0424	501.826	0	180	-74.3766
515.412	58.9647	501.875	0	180	-74.4405
515.395	58.887	501.925	0	180	-74.5045
515.378	58.8093	501.975	0	180	-74.5685
515.361	58.7316	502.024	0	180	-74.6324
515.344	58.654	502.074	0	180	-74.6964
515.326	58.5763	502.123	0	180	-74.7604
515.309	58.4986	502.173	0	180	-74.8243
515.292	58.4209	502.222	0	180	-74.8883
515.275	58.3432	502.272	0	180	-74.9523
515.258	58.2655	502.322	0	180	-75.0163
515.241	58.1878	502.371	0	180	-75.0802
515.223	58.1101	502.421	0	180	-75.1442
515.206	58.0324	502.47	0	180	-75.2082
515.189	57.9547	502.52	0	180	-75.2721
515.172	57.877	502.569	0	180	-75.3361
515.155	57.7993	502.619	0	180	-75.4001
515.138	57.7216	502.668	0	180	-75.464
515.12	57.6439	502.718	0	180	-75.528
515.103	57.5662	502.768	0	180	-75.592
515.086	57.4885	502.817	0	180	-75.656
515.069	57.4108	502.867	0	180	-75.7199
515.052	57.3331	502.916	0	180	-75.7839
515.035	57.2554	502.966	0	180	-75.8479
515.017	57.1777	503.015	0	180	-75.9118
515	57.1	503.065	0	180	-75.9758
514.983	57.0223	503.115	0	180	-76.0398
514.966	56.9446	503.164	0	180	-76.1037
514.949	56.8669	503.214	0	180	-76.1677
514.932	56.7892	503.263	0	180	-76.2317
514.914	56.7116	503.313	0	180	-76.2957
514.897	56.6339	503.362	0	180	-76.3596
514.88	56.5562	503.412	0	180	-76.4236
514.863	56.4785	503.462	0	180	-76.4876
514.846	56.4008	503.511	0	180	-76.5515
514.829	56.3231	503.561	0	180	-76.6155
514.811	56.2454	503.61	0	180	-76.6795
514.794	56.1677	503.66	0	180	-76.7434
514.777	56.09	503.709	0	180	-76.8074
514.76	56.0123	503.759	0	180	-76.8714
514.743	55.9346	503.809	0	180	-76.9354
514.726	55.8569	503.858	0	180	-76.9993
514.708	55.7792	503.908	0	180	-77.0633
514.691	55.7015	503.957	0	180	-77.1273
514.674	55.6238	504.007	0	180	-77.1912
514.657	55.5461	504.056	0	180	-77.2552
514.64	55.4684	504.106	0	180	-77.3192
514.622	55.3907	504.155	0	180	-77.3831
514.605	55.313	504.205	0	180	-77.4471
514.588	55.2353	504.255	0	180	-77.5111
514.571	55.1576	504.304	0	180	-77.575
514.554	55.0799	504.354	0	180	-77.639
514.537	55.0022	504.403	0	180	-77.703
514.519	54.9245	504.453	0	180	-77.767
514.502	54.8469	504.502	0	180	-77.8309
514.485	54.7692	504.552	0	180	-77.8949
514.468	54.6915	504.602	0	180	-77.9589
514.451	54.6138	504.651	0	180	-78.0228
514.434	54.5361	504.701	0	180	-78.0868
514.416	54.4584	504.75	0	180	-78.1508
514.399	54.3807	504.8	0	180	-78.2147
514.382	54.303	504.849	0	180	-78.2787
514.365	54.2253	504.899	0	180	-78.3427
514.348	54.1476	504.949	0	180	-78.4067
514.331	54.0699	504.998	0	180	-78.4706
514.313	53.9922	505.048	0	180	-78.5346
514.296	53.9145	505.097	0	180	-78.5986
514.279	53.8368	505.147	0	180	-78.6625
514.262	53.7591	505.196	0	180	-78.7265
514.245	53.6814	505.246	0	180	-78.7905
514.228	53.6037	505.295	0	180	-78.8544
514.21	53.526	505.345	0	180	-78.9184
514.193	53.4483	505.395	0	180	-78.9824
514.176	53.3706	505.444	0	180	-79.0464
514.159	53.2929	505.494	0	180	-79.1103
514.142	53.2152	505.543	0	180	-79.1743
514.125	53.1375	505.593	0	180	-79.2383
514.107	53.0598	505.642	0	180	-79.3022
514.09	52.9821	505.692	0	180	-79.3662
514.073	52.9045	505.742	0	180	-79.4302
514.056	52.8268	505.791	0	180	-79.4941
514.039	52.7491	505.841	0	180	-79.5581
514.022	52.6714	505.89	0	180	-79.6221
514.004	52.5937	505.94	0	180	-79.6861
513.987	52.516	505.989	0	180	-79.75
513.97	52.4383	506.039	0	180	-79.814
513.953	52.3606	506.089	0	180	-79.878
513.936	52.2829	506.138	0	180	-79.9419
513.919	52.2052	506.188	0	180	-80.0059
513.901	52.1275	506.237	0	180	-80.0699
513.884	52.0498	506.287	0	180	-80.1338
513.867	51.9721	506.336	0	180	-80.1978
513.85	51.8944	506.386	0	180	-80.2618
513.833	51.8167	506.436	0	180	-80.3258
513.816	51.739	506.485	0	180	-80.3897
513.798	51.6613	506.535	0	180	-80.4537
513.781	51.5836	506.584	0	180	-80.5177
513.764	51.5059	506.634	0	180	-80.5816
513.747	51.4282	506.683	0	180	-80.6456
513.73	51.3505	506.733	0	180	-80.7096
513.713	51.2728	506.782	0	180	-80.7735
513.695	51.1951	506.832	0	180	-80.8375
513.678	51.1174	506.882	0	180	-80.9015
513.661	51.0397	506.931	0	180	-80.9655
513.644	50.9621	506.981	0	180	-81.0294
513.627	50.8844	507.03	0	180	-81.0934
513.609	50.8067	507.08	0	180	-81.1574
513.592	50.729	507.129	0	180	-81.2213
513.575	50.6513	507.179	0	180	-81.2853
513.558	50.5736	507.229	0	180	-81.3493
513.541	50.4959	507.278	0	180	-81.4132
513.524	50.4182	507.328	0	180	-81.4772
513.506	50.3405	507.377	0	180	-81.5412
513.489	50.2628	507.427	0	180	-81.6051
513.472	50.1851	507.476	0	180	-81.6691
513.455	50.1074	507.526	0	180	-81.7331
513.438	50.0297	507.576	0	180	-81.7971
513.421	49.952	507.625	0	180	-81.861
513.403	49.8743	507.675	0	180	-81.925
513.386	49.7966	507.724	0	180	-81.989
513.369	49.7189	507.774	0	180	-82.0529
513.352	49.6412	507.823	0	180	-82.1169
513.335	49.5635	507.873	0	180	-82.1809
513.318	49.4858	507.922	0	180	-82.2448
513.3	49.4081	507.972	0	180	-82.3088
513.283	49.3304	508.022	0	180	-82.3728
513.266	49.2527	508.071	0	180	-82.4368
513.249	49.175	508.121	0	180	-82.5007
513.232	49.0974	508.17	0	180	-82.5647
513.215	49.0197	508.22	0	180	-82.6287
513.197	48.942	508.269	0	180	-82.6926
513.18	48.8643	508.319	0	180	-82.7566
513.163	48.7866	508.369	0	180	-82.8206
513.146	48.7089	508.418	0	180	-82.8845
513.129	48.6312	508.468	0	180	-82.9485
513.112	48.5535	508.517	0	180	-83.0125
513.094	48.4758	508.567	0	180	-83.0765
513.077	48.3981	508.616	0	180	-83.1404
513.06	48.3204	508.666	0	180	-83.2044
513.043	48.2427	508.716	0	180	-83.2684
513.026	48.165	508.765	0	180	-83.3323
513.009	48.0873	508.815	0	180	-83.3963
512.991	48.0096	508.864	0	180	-83.4603
512.974	47.9319	508.914	0	180	-83.5242
512.957	47.8542	508.963	0	180	-83.5882
512.94	47.7765	509.013	0	180	-83.6522
512.923	47.6988	509.062	0	180	-83.7162
512.906	47.6211	509.112	0	180	-83.7801
512.888	47.5434	509.162	0	180	-83.8441
512.871	47.4657	509.211	0	180	-83.9081
512.854	47.388	509.261	0	180	-83.972
512.837	47.3103	509.31	0	180	-84.036
512.82	47.2326	509.36	0	180	-84.1
512.803	47.155	509.409	0	180	-84.1639
512.785	47.0773	509.459	0	180	-84.2279
512.768	46.9996	509.509	0	180	-84.2919
512.751	46.9219	509.558	0	180	-84.3559
512.734	46.8442	509.608	0	180	-84.4198
512.717	46.7665	509.657	0	180	-84.4838
512.7	46.6888	509.707	0	180	-84.5478
512.682	46.6111	509.756	0	180	-84.6117
512.665	46.5334	509.806	0	180	-84.6757
512.648	46.4557	509.856	0	180	-84.7397
512.631	46.378	509.905	0	180	-84.8036
512.614	46.3003	509.955	0	180	-84.8676
512.596	46.2226	510.004	0	180	-84.9316
512.579	46.1449	510.054	0	180	-84.9956
512.562	46.0672	510.103	0	180	-85.0595
512.545	45.9895	510.153	0	180	-85.1235
512.528	45.9118	510.203	0	180	-85.1875
512.511	45.8341	510.252	0	180	-85.2514
512.493	45.7564	510.302	0	180	-85.3154
512.476	45.6787	510.351	0	180	-85.3794
512.459	45.601	510.401	0	180	-85.4433
512.442	45.5233	510.45	0	180	-85.5073
512.425	45.4456	510.5	0	180	-85.5713
512.408	45.3679	510.549	0	180	-85.6352
512.39	45.2903	510.599	0	180	-85.6992
512.373	45.2126	510.649	0	180	-85.7632
512.356	45.1349	510.698	0	180	-85.8272
512.339	45.0572	510.748	0	180	-85.8911
512.322	44.9795	510.797	0	180	-85.9551
512.305	44.9018	510.847	0	180	-86.0191
512.287	44.8241	510.896	0	180	-86.083
512.27	44.7464	510.946	0	180	-86.147
512.253	44.6687	510.996	0	180	-86.211
512.236	44.591	511.045	0	180	-86.2749
512.219	44.5133	511.095	0	180	-86.3389
512.202	44.4356	511.144	0	180	-86.4029
512.184	44.3579	511.194	0	180	-86.4669
512.167	44.2802	511.243	0	180	-86.5308
512.15	44.2025	511.293	0	180	-86.5948
512.133	44.1248	511.343	0	180	-86.6588
512.116	44.0471	511.392	0	180	-86.7227
512.099	43.9694	511.442	0	180	-86.7867
512.081	43.8917	511.491	0	180	-86.8507
512.064	43.814	511.541	0	180	-86.9146
512.047	43.7363	511.59	0	180	-86.9786
512.03	43.6586	511.64	0	180	-87.0426
512.013	43.5809	511.689	0	180	-87.1066
511.996	43.5032	511.739	0	180	-87.1705
511.978	43.4255	511.789	0	180	-87.2345
511.961	43.3479	511.838	0	180	-87.2985
511.944	43.2702	511.888	0	180	-87.3624
511.927	43.1925	511.937	0	180	-87.4264
511.91	43.1148	511.987	0	180	-87.4904
511.893	43.0371	512.036	0	180	-87.5543
511.875	42.9594	512.086	0	180	-87.6183
511.858	42.8817	512.136	0	180	-87.6823
511.841	42.804	512.185	0	180	-87.7463
511.824	42.7263	512.235	0	180	-87.8102
511.807	42.6486	512.284	0	180	-87.8742
511.79	42.5709	512.334	0	180	-87.9382
511.772	42.4932	512.383	0	180	-88.0021
511.755	42.4155	512.433	0	180	-88.0661
511.738	42.3378	512.483	0	180	-88.1301
511.721	42.2601	512.532	0	180	-88.194
511.704	42.1824	512.582	0	180	-88.258
511.686	42.1047	512.631	0	180	-88.322
511.669	42.027	512.681	0	180	-88.386
511.652	41.9493	512.73	0	180	-88.4499
511.635	41.8716	512.78	0	180	-88.5139
511.618	41.7939	512.829	0	180	-88.5779
511.601	41.7162	512.879	0	180	-88.6418
511.583	41.6385	512.929	0	180	-88.7058
511.566	41.5608	512.978	0	180	-88.7698
511.549	41.4832	513.028	0	180	-88.8337
511.532	41.4055	513.077	0	180	-88.8977
511.515	41.3278	513.127	0	180	-88.9617
511.498	41.2501	513.176	0	180	-89.0257
511.48	41.1724	513.226	0	180	-89.0896
511.463	41.0947	513.276	0	180	-89.1536
511.446	41.017	513.325	0	180	-89.2176
511.429	40.9393	513.375	0	180	-89.2815
511.412	40.8616	513.424	0	180	-89.3455
511.395	40.7839	513.474	0	180	-89.4095
511.377	40.7062	513.523	0	180	-89.4734
511.36	40.6285	513.573	0	180	-89.5374
511.343	40.5508	513.623	0	180	-89.6014
511.326	40.4731	513.672	0	180	-89.6653
511.309	40.3954	513.722	0	180	-89.7293
511.292	40.3177	513.771	0	180	-89.7933
511.274	40.24	513.821	0	180	-89.8573
511.257	40.1623	513.87	0	180	-89.9212
511.24	40.0846	513.92	0	180	-89.9852
511.223	40.0069	513.97	0	180	-90.0492
511.206	39.9292	514.019	0	180	-90.1131
511.189	39.8515	514.069	0	180	-90.1771
511.171	39.7738	514.118	0	180	-90.2411
511.154	39.6961	514.168	0	180	-90.305
511.137	39.6184	514.217	0	180	-90.369
511.12	39.5408	514.267	0	180	-90.433
511.103	39.4631	514.316	0	180	-90.497
511.086	39.3854	514.366	0	180	-90.5609
511.068	39.3077	514.416	0	180	-90.6249
511.051	39.23	514.465	0	180	-90.6889
511.034	39.1523	514.515	0	180	-90.7528
511.017	39.0746	514.564	0	180	-90.8168
511	38.9969	514.614	0	180	-90.8808
510.983	38.9192	514.663	0	180	-90.9447
510.965	38.8415	514.713	0	180	-91.0087
510.948	38.7638	514.763	0	180	-91.0727
510.931	38.6861	514.812	0	180	-91.1367
510.914	38.6084	514.862	0	180	-91.2006
510.897	38.5307	514.911	0	180	-91.2646
510.88	38.453	514.961	0	180	-91.3286
510.862	38.3753	515.01	0	180	-91.3925
510.845	38.2976	515.06	0	180	-91.4565
510.828	38.2199	515.11	0	180	-91.5205
510.811	38.1422	515.159	0	180	-91.5844
510.794	38.0645	515.209	0	180	-91.6484
510.777	37.9868	515.258	0	180	-91.7124
510.759	37.9091	515.308	0	180	-91.7764
510.742	37.8314	515.357	0	180	-91.8403
510.725	37.7537	515.407	0	180	-91.9043
510.708	37.676	515.456	0	180	-91.9683
510.691	37.5984	515.506	0	180	-92.0322
510.673	37.5207	515.556	0	180	-92.0962
510.656	37.443	515.605	0	180	-92.1602
510.639	37.3653	515.655	0	180	-92.2241
510.622	37.2876	515.704	0	180	-92.2881
510.605	37.2099	515.754	0	180	-92.3521
510.588	37.1322	515.803	0	180	-92.4161
510.57	37.0545	515.853	0	180	-92.48
510.553	36.9768	515.903	0	180	-92.544
510.536	36.8991	515.952	0	180	-92.608
510.519	36.8214	516.002	0	180	-92.6719
510.502	36.7437	516.051	0	180	-92.7359
510.485	36.666	516.101	0	180	-92.7999
510.467	36.5883	516.15	0	180	-92.8638
510.45	36.5106	516.2	0	180	-92.9278
510.433	36.4329	516.25	0	180	-92.9918
510.416	36.3552	516.299	0	180	-93.0558
510.399	36.2775	516.349	0	180	-93.1197
510.382	36.1998	516.398	0	180	-93.1837
510.364	36.1221	516.448	0	180	-93.2477
510.347	36.0444	516.497	0	180	-93.3116
510.33	35.9667	516.547	0	180	-93.3756
510.313	35.889	516.596	0	180	-93.4396
510.296	35.8113	516.646	0	180	-93.5035
510.279	35.7337	516.696	0	180	-93.5675
510.261	35.656	516.745	0	180	-93.6315
510.244	35.5783	516.795	0	180	-93.6954
510.227	35.5006	516.844	0	180	-93.7594
510.21	35.4229	516.894	0	180	-93.8234
510.193	35.3452	516.943	0	180	-93.8874
510.176	35.2675	516.993	0	180	-93.9513
510.158	35.1898	517.043	0	180	-94.0153
510.141	35.1121	517.092	0	180	-94.0793
510.124	35.0344	517.142	0	180	-94.1432
510.107	34.9567	517.191	0	180	-94.2072
510.09	34.879	517.241	0	180	-94.2712
510.073	34.8013	517.29	0	180	-94.3351
510.055	34.7236	517.34	0	180	-94.3991
510.038	34.6459	517.39	0	180	-94.4631
510.021	34.5682	517.439	0	180	-94.5271
510.004	34.4905	517.489	0	180	-94.591
509.987	34.4128	517.538	0	180	-94.655
509.97	34.3351	517.588	0	180	-94.719
509.952	34.2574	517.637	0	180	-94.7829
509.935	34.1797	517.687	0	180	-94.8469
509.918	34.102	517.737	0	180	-94.9109
509.901	34.0243	517.786	0	180	-94.9748
509.884	33.9466	517.836	0	180	-95.0388
509.867	33.8689	517.885	0	180	-95.1028
509.849	33.7913	517.935	0	180	-95.1668
509.832	33.7136	517.984	0	180	-95.2307
509.815	33.6359	518.034	0	180	-95.2947
509.798	33.5582	518.083	0	180	-95.3587
509.781	33.4805	518.133	0	180	-95.4226
509.764	33.4028	518.183	0	180	-95.4866
509.746	33.3251	518.232	0	180	-95.5506
509.729	33.2474	518.282	0	180	-95.6145
509.712	33.1697	518.331	0	180	-95.6785
509.695	33.092	518.381	0	180	-95.7425
509.678	33.0143	518.43	0	180	-95.8065
509.66	32.9366	518.48	0	180	-95.8704
509.643	32.8589	518.53	0	180	-95.9344
509.626	32.7812	518.579	0	180	-95.9984
509.609	32.7035	518.629	0	180	-96.0623
509.592	32.6258	518.678	0	180	-96.1263
509.575	32.5481	518.728	0	180	-96.1903
509.557	32.4704	518.777	0	180	-96.2542
509.54	32.3927	518.827	0	180	-96.3182
509.523	32.315	518.877	0	180	-96.3822
509.506	32.2373	518.926	0	180	-96.4462
509.489	32.1596	518.976	0	180	-96.5101
509.472	32.0819	519.025	0	180	-96.5741
509.454	32.0042	519.075	0	180	-96.6381
509.437	31.9266	519.124	0	180	-96.702
509.42	31.8489	519.174	0	180	-96.766
509.403	31.7712	519.223	0	180	-96.83
509.386	31.6935	519.273	0	180	-96.8939
509.369	31.6158	519.323	0	180	-96.9579
509.351	31.5381	519.372	0	180	-97.0219
509.334	31.4604	519.422	0	180	-97.0859
509.317	31.3827	519.471	0	180	-97.1498
509.3	31.305	519.521	0	180	-97.2138
509.283	31.2273	519.57	0	180	-97.2778
509.266	31.1496	519.62	0	180	-97.3417
509.248	31.0719	519.67	0	180	-97.4057
509.231	30.9942	519.719	0	180	-97.4697
509.214	30.9165	519.769	0	180	-97.5336
509.197	30.8388	519.818	0	180	-97.5976
509.18	30.7611	519.868	0	180	-97.6616
509.163	30.6834	519.917	0	180	-97.7255
509.145	30.6057	519.967	0	180	-97.7895
509.128	30.528	520.017	0	180	-97.8535
509.111	30.4503	520.066	0	180	-97.9175
509.094	30.3726	520.116	0	180	-97.9814
509.077	30.2949	520.165	0	180	-98.0454
509.06	30.2172	520.215	0	180	-98.1094
509.042	30.1395	520.264	0	180	-98.1733
509.025	30.0618	520.314	0	180	-98.2373
509.008	29.9842	520.364	0	180	-98.3013
508.991	29.9065	520.413	0	180	-98.3652
508.974	29.8288	520.463	0	180	-98.4292
508.957	29.7511	520.512	0	180	-98.4932
508.939	29.6734	520.562	0	180	-98.5572
508.922	29.5957	520.611	0	180	-98.6211
508.905	29.518	520.661	0	180	-98.6851
508.888	29.4403	520.71	0	180	-98.7491
508.871	29.3626	520.76	0	180	-98.813
508.854	29.2849	520.81	0	180	-98.877
508.836	29.2072	520.859	0	180	-98.941
508.819	29.1295	520.909	0	180	-99.0049
508.802	29.0518	520.958	0	180	-99.0689
508.785	28.9741	521.008	0	180	-99.1329
508.768	28.8964	521.057	0	180	-99.1969
508.751	28.8187	521.107	0	180	-99.2608
508.733	28.741	521.157	0	180	-99.3248
508.716	28.6633	521.206	0	180	-99.3888
508.699	28.5856	521.256	0	180	-99.4527
508.682	28.5079	521.305	0	180	-99.5167
508.665	28.4302	521.355	0	180	-99.5807
508.647	28.3525	521.404	0	180	-99.6446
508.63	28.2748	521.454	0	180	-99.7086
508.613	28.1971	521.504	0	180	-99.7726
508.596	28.1194	521.553	0	180	-99.8366
508.579	28.0418	521.603	0	180	-99.9005
508.562	27.9641	521.652	0	180	-99.9645
508.544	27.8864	521.702	0	180	-100.028
508.527	27.8087	521.751	0	180	-100.092
508.51	27.731	521.801	0	180	-100.156
508.493	27.6533	521.85	0	180	-100.22
508.476	27.5756	521.9	0	180	-100.284
508.459	27.4979	521.95	0	180	-100.348
508.441	27.4202	521.999	0	180	-100.412
508.424	27.3425	522.049	0	180	-100.476
508.407	27.2648	522.098	0	180	-100.54
508.39	27.1871	522.148	0	180	-100.604
508.373	27.1094	522.197	0	180	-100.668
508.356	27.0317	522.247	0	180	-100.732
508.338	26.954	522.297	0	180	-100.796
508.321	26.8763	522.346	0	180	-100.86
508.304	26.7986	522.396	0	180	-100.924
508.287	26.7209	522.445	0	180	-100.988
508.27	26.6432	522.495	0	180	-101.052
508.253	26.5655	522.544	0	180	-101.116
508.235	26.4878	522.594	0	180	-101.18
508.218	26.4101	522.644	0	180	-101.244
508.201	26.3324	522.693	0	180	-101.308
508.184	26.2547	522.743	0	180	-101.372
508.167	26.1771	522.792	0	180	-101.436
508.15	26.0994	522.842	0	180	-101.5
508.132	26.0217	522.891	0	180	-101.564
508.115	25.944	522.941	0	180	-101.628
508.098	25.8663	522.99	0	180	-101.692
508.081	25.7886	523.04	0	180	-101.756
508.064	25.7109	523.09	0	180	-101.82
508.047	25.6332	523.139	0	180	-101.884
508.029	25.5555	523.189	0	180	-101.948
508.012	25.4778	523.238	0	180	-102.012
507.995	25.4001	523.288	0	180	-102.075
507.978	25.3224	523.337	0	180	-102.139
507.961	25.2447	523.387	0	180	-102.203
507.944	25.167	523.437	0	180	-102.267
507.926	25.0893	523.486	0	180	-102.331
507.909	25.0116	523.536	0	180	-102.395
507.892	24.9339	523.585	0	180	-102.459
507.875	24.8562	523.635	0	180	-102.523
507.858	24.7785	523.684	0	180	-102.587
507.841	24.7008	523.734	0	180	-102.651
507.823	24.6231	523.784	0	180	-102.715
507.806	24.5454	523.833	0	180	-102.779
507.789	24.4677	523.883	0	180	-102.843
507.772	24.39	523.932	0	180	-102.907
507.755	24.3123	523.982	0	180	-102.971
507.738	24.2347	524.031	0	180	-103.035
507.72	24.157	524.081	0	180	-103.099
507.703	24.0793	524.131	0	180	-103.163
507.686	24.0016	524.18	0	180	-103.227
507.669	23.9239	524.23	0	180	-103.291
507.652	23.8462	524.279	0	180	-103.355
507.634	23.7685	524.329	0	180	-103.419
507.617	23.6908	524.378	0	180	-103.483
507.6	23.6131	524.428	0	180	-103.547
507.583	23.5354	524.477	0	180	-103.611
507.566	23.4577	524.527	0	180	-103.675
507.549	23.38	524.577	0	180	-103.739
507.531	23.3023	524.626	0	180	-103.803
507.514	23.2246	524.676	0	180	-103.867
507.497	23.1469	524.725	0	180	-103.931
507.48	23.0692	524.775	0	180	-103.995
507.463	22.9915	524.824	0	180	-104.059
507.446	22.9138	524.874	0	180	-104.123
507.428	22.8361	524.924	0	180	-104.187
507.411	22.7584	524.973	0	180	-104.25
507.394	22.6807	525.023	0	180	-104.314
507.377	22.603	525.072	0	180	-104.378
507.36	22.5253	525.122	0	180	-104.442
507.343	22.4476	525.171	0	180	-104.506
507.325	22.37	525.221	0	180	-104.57
507.308	22.2923	525.271	0	180	-104.634
507.291	22.2146	525.32	0	180	-104.698
507.274	22.1369	525.37	0	180	-104.762
507.257	22.0592	525.419	0	180	-104.826
507.24	21.9815	525.469	0	180	-104.89
507.222	21.9038	525.518	0	180	-104.954
507.205	21.8261	525.568	0	180	-105.018
507.188	21.7484	525.617	0	180	-105.082
507.171	21.6707	525.667	0	180	-105.146
507.154	21.593	525.717	0	180	-105.21
507.137	21.5153	525.766	0	180	-105.274
507.119	21.4376	525.816	0	180	-105.338
507.102	21.3599	525.865	0	180	-105.402
507.085	21.2822	525.915	0	180	-105.466
507.068	21.2045	525.964	0	180	-105.53
507.051	21.1268	526.014	0	180	-105.594
507.034	21.0491	526.064	0	180	-105.658
507.016	20.9714	526.113	0	180	-105.722
506.999	20.8937	526.163	0	180	-105.786
506.982	20.816	526.212	0	180	-105.85
506.965	20.7383	526.262	0	180	-105.914
506.948	20.6606	526.311	0	180	-105.978
506.931	20.5829	526.361	0	180	-106.042
506.913	20.5052	526.411	0	180	-106.106
506.896	20.4276	526.46	0	180	-106.17
506.879	20.3499	526.51	0	180	-106.234
506.862	20.2722	526.559	0	180	-106.298
506.845	20.1945	526.609	0	180	-106.361
506.828	20.1168	526.658	0	180	-106.425
506.81	20.0391	526.708	0	180	-106.489
506.793	19.9614	526.757	0	180	-106.553
506.776	19.8837	526.807	0	180	-106.617
506.759	19.806	526.857	0	180	-106.681
506.742	19.7283	526.906	0	180	-106.745
506.725	19.6506	526.956	0	180	-106.809
506.707	19.5729	527.005	0	180	-106.873
506.69	19.4952	527.055	0	180	-106.937
506.673	19.4175	527.104	0	180	-107.001
506.656	19.3398	527.154	0	180	-107.065
506.639	19.2621	527.204	0	180	-107.129
506.621	19.1844	527.253	0	180	-107.193
506.604	19.1067	527.303	0	180	-107.257
506.587	19.029	527.352	0	180	-107.321
506.57	18.9513	527.402	0	180	-107.385
506.553	18.8736	527.451	0	180	-107.449
506.536	18.7959	527.501	0	180	-107.513
506.518	18.7182	527.551	0	180	-107.577
506.501	18.6405	527.6	0	180	-107.641
506.484	18.5628	527.65	0	180	-107.705
506.467	18.4852	527.699	0	180	-107.769
506.45	18.4075	527.749	0	180	-107.833
506.433	18.3298	527.798	0	180	-107.897
506.415	18.2521	527.848	0	180	-107.961
506.398	18.1744	527.898	0	180	-108.025
506.381	18.0967	527.947	0	180	-108.089
506.364	18.019	527.997	0	180	-108.153
506.347	17.9413	528.046	0	180	-108.217
506.33	17.8636	528.096	0	180	-108.281
506.312	17.7859	528.145	0	180	-108.345
506.295	17.7082	528.195	0	180	-108.409
506.278	17.6305	528.244	0	180	-108.472
506.261	17.5528	528.294	0	180	-108.536
506.244	17.4751	528.344	0	180	-108.6
506.227	17.3974	528.393	0	180	-108.664
506.209	17.3197	528.443	0	180	-108.728
506.192	17.242	528.492	0	180	-108.792
506.175	17.1643	528.542	0	180	-108.856
506.158	17.0866	528.591	0	180	-108.92
506.141	17.0089	528.641	0	180	-108.984
506.124	16.9312	528.691	0	180	-109.048
506.106	16.8535	528.74	0	180	-109.112
506.089	16.7758	528.79	0	180	-109.176
506.072	16.6981	528.839	0	180	-109.24
506.055	16.6205	528.889	0	180	-109.304
506.038	16.5428	528.938	0	180	-109.368
506.021	16.4651	528.988	0	180	-109.432
506.003	16.3874	529.038	0	180	-109.496
505.986	16.3097	529.087	0	180	-109.56
505.969	16.232	529.137	0	180	-109.624
505.952	16.1543	529.186	0	180	-109.688
505.935	16.0766	529.236	0	180	-109.752
505.918	15.9989	529.285	0	180	-109.816
505.9	15.9212	529.335	0	180	-109.88
505.883	15.8435	529.384	0	180	-109.944
505.866	15.7658	529.434	0	180	-110.008
505.849	15.6881	529.484	0	180	-110.072
505.832	15.6104	529.533	0	180	-110.136
505.815	15.5327	529.583	0	180	-110.2
505.797	15.455	529.632	0	180	-110.264
505.78	15.3773	529.682	0	180	-110.328
505.763	15.2996	529.731	0	180	-110.392
505.746	15.2219	529.781	0	180	-110.456
505.729	15.1442	529.831	0	180	-110.52
505.712	15.0665	529.88	0	180	-110.583
505.694	14.9888	529.93	0	180	-110.647
505.677	14.9111	529.979	0	180	-110.711
505.66	14.8334	530.029	0	180	-110.775
505.643	14.7557	530.078	0	180	-110.839
505.626	14.6781	530.128	0	180	-110.903
505.608	14.6004	530.178	0	180	-110.967
505.591	14.5227	530.227	0	180	-111.031
505.574	14.445	530.277	0	180	-111.095
505.557	14.3673	530.326	0	180	-111.159
505.54	14.2896	530.375	0	180	-111.223
505.523	14.2119	530.423	0	180	-111.287
505.505	14.1342	530.469	0	180	-111.351
505.488	14.0565	530.515	0	180	-111.415
505.471	13.9788	530.56	0	180	-111.479
505.454	13.9011	530.603	0	180	-111.543
505.437	13.8234	530.646	0	180	-111.607
505.42	13.7457	530.688	0	180	-111.671
505.402	13.668	530.729	0	180	-111.735
505.385	13.5903	530.768	0	180	-111.799
505.368	13.5126	530.807	0	180	-111.863
505.351	13.4349	530.845	0	180	-111.927
505.334	13.3572	530.882	0	180	-111.991
505.317	13.2795	530.917	0	180	-112.055
505.299	13.2018	530.952	0	180	-112.119
505.282	13.1241	530.986	0	180	-112.183
505.265	13.0464	531.018	0	180	-112.247
505.248	12.9687	531.05	0	180	-112.311
505.231	12.891	531.081	0	180	-112.375
505.214	12.8134	531.111	0	180	-112.439
505.196	12.7357	531.139	0	180	-112.503
505.179	12.658	531.167	0	180	-112.567
505.162	12.5803	531.194	0	180	-112.631
505.145	12.5026	531.219	0	180	-112.694
505.128	12.4249	531.244	0	180	-112.758
505.111	12.3472	531.268	0	180	-112.822
505.093	12.2695	531.291	0	180	-112.886
505.076	12.1918	531.312	0	180	-112.95
505.059	12.1141	531.333	0	180	-113.014
505.042	12.0364	531.353	0	180	-113.078
505.025	11.9587	531.371	0	180	-113.142
505.008	11.881	531.389	0	180	-113.206
504.99	11.8033	531.406	0	180	-113.27
504.973	11.7256	531.422	0	180	-113.334
504.956	11.6479	531.436	0	180	-113.398
504.939	11.5702	531.45	0	180	-113.462
504.922	11.4925	531.463	0	180	-113.526
504.905	11.4148	531.475	0	180	-113.59
504.887	11.3371	531.485	0	180	-113.654
504.87	11.2594	531.495	0	180	-113.718
504.853	11.1817	531.504	0	180	-113.782
504.836	11.104	531.511	0	180	-113.846
504.819	11.0263	531.518	0	180	-113.91
504.802	10.9486	531.524	0	180	-113.974
504.784	10.871	531.529	0	180	-114.038
504.767	10.7933	531.532	0	180	-114.102
504.75	10.7156	531.535	0	180	-114.166
504.733	10.6379	531.537	0	180	-114.23
504.716	10.5602	531.537	0	180	-114.294
504.699	10.4825	531.537	0	180	-114.358
504.681	10.4048	531.536	0	180	-114.422
504.664	10.3271	531.534	0	180	-114.486
504.647	10.2494	531.53	0	180	-114.55
504.63	10.1717	531.526	0	180	-114.614
504.613	10.094	531.521	0	180	-114.678
504.595	10.0163	531.514	0	180	-114.742
504.578	9.9386	531.507	0	180	-114.805
504.561	9.86091	531.499	0	180	-114.869
504.544	9.78321	531.49	0	180	-114.933
504.527	9.70551	531.479	0	180	-114.997
504.51	9.62782	531.468	0	180	-115.061
504.492	9.55012	531.456	0	180	-115.125
504.475	9.47243	531.443	0	180	-115.189
504.458	9.39473	531.428	0	180	-115.253
504.441	9.31703	531.413	0	180	-115.317
504.424	9.23934	531.397	0	180	-115.381
504.407	9.16164	531.379	0	180	-115.445
504.389	9.08395	531.361	0	180	-115.509
504.372	9.00625	531.342	0	180	-115.573
504.355	8.92855	531.322	0	180	-115.637
504.338	8.85086	531.3	0	180	-115.701
504.321	8.77316	531.278	0	180	-115.765
504.304	8.69547	531.255	0	180	-115.829
504.286	8.61777	531.23	0	180	-115.893
504.269	8.54007	531.205	0	180	-115.957
504.252	8.46238	531.179	0	180	-116.021
504.235	8.38468	531.152	0	180	-116.085
504.218	8.30699	531.123	0	180	-116.149
504.201	8.22929	531.094	0	180	-116.213
504.183	8.15159	531.064	0	180	-116.277
504.166	8.0739	531.032	0	180	-116.341
504.149	7.9962	531	0	180	-116.405
504.132	7.91851	530.967	0	180	-116.469
504.115	7.84081	530.933	0	180	-116.532
504.098	7.76312	530.897	0	180	-116.595
504.08	7.68542	530.861	0	180	-116.657
504.063	7.60772	530.824	0	180	-116.717
504.046	7.53003	530.785	0	180	-116.777
504.029	7.45233	530.746	0	180	-116.836
504.012	7.37464	530.706	0	180	-116.893
503.995	7.29694	530.665	0	180	-116.95
503.977	7.21924	530.622	0	180	-117.006
503.96	7.14155	530.579	0	180	-117.06
503.943	7.06385	530.535	0	180	-117.114
503.926	6.98598	530.49	0	180	-117.167
503.909	6.90804	530.443	0	180	-117.218
503.893	6.83009	530.396	0	180	-117.269
503.876	6.75215	530.348	0	180	-117.319
503.859	6.67421	530.298	0	180	-117.367
503.842	6.59626	530.248	0	180	-117.415
503.825	6.51832	530.197	0	180	-117.462
503.809	6.44038	530.145	0	180	-117.507
503.792	6.36243	530.091	0	180	-117.552
503.775	6.28449	530.037	0	180	-117.596
503.758	6.20655	529.982	0	180	-117.638
503.741	6.1286	529.925	0	180	-117.68
503.725	6.05066	529.868	0	180	-117.722
503.708	5.97271	529.81	0	180	-117.764
503.691	5.89477	529.751	0	180	-117.805
503.674	5.81683	529.69	0	180	-117.847
503.657	5.73888	529.629	0	180	-117.889
503.641	5.66094	529.567	0	180	-117.931
503.624	5.583	529.503	0	180	-117.972
503.607	5.50505	529.439	0	180	-118.014
503.59	5.42711	529.374	0	180	-118.056
503.573	5.34917	529.308	0	180	-118.098
503.557	5.27122	529.24	0	180	-118.139
503.54	5.19328	529.172	0	180	-118.181
503.523	5.11533	529.103	0	180	-118.223
503.506	5.03739	529.033	0	180	-118.265
503.489	4.95945	528.961	0	180	-118.306
503.473	4.8815	528.889	0	180	-118.348
503.456	4.80356	528.816	0	180	-118.39
503.439	4.72562	528.741	0	180	-118.432
503.422	4.64767	528.666	0	180	-118.474
503.405	4.56973	528.59	0	180	-118.515
503.389	4.49179	528.513	0	180	-118.557
503.372	4.41384	528.434	0	180	-118.599
503.355	4.3359	528.355	0	180	-118.641
503.338	4.25796	528.275	0	180	-118.682
503.321	4.18001	528.193	0	180	-118.724
503.305	4.10207	528.111	0	180	-118.766
503.288	4.02412	528.028	0	180	-118.808
503.271	3.94618	527.944	0	180	-118.849
503.254	3.86824	527.858	0	180	-118.891
503.237	3.79029	527.772	0	180	-118.933
503.221	3.71235	527.685	0	180	-118.975
503.204	3.63441	527.596	0	180	-119.016
503.187	3.55646	527.507	0	180	-119.058
503.17	3.47852	527.417	0	180	-119.1
503.153	3.40058	527.326	0	180	-119.142
503.137	3.32263	527.233	0	180	-119.183
503.12	3.24469	527.14	0	180	-119.225
503.103	3.16675	527.046	0	180	-119.267
503.086	3.0888	526.951	0	180	-119.309
503.069	3.01086	526.854	0	180	-119.35
503.053	2.93291	526.757	0	180	-119.392
503.036	2.85497	526.659	0	180	-119.434
503.019	2.77703	526.559	0	180	-119.476
503.002	2.69908	526.459	0	180	-119.518
502.985	2.62114	526.358	0	180	-119.559
502.969	2.5432	526.256	0	180	-119.601
502.952	2.46525	526.152	0	180	-119.643
502.935	2.38731	526.048	0	180	-119.685
502.918	2.30937	525.943	0	180	-119.726
502.901	2.23142	525.836	0	180	-119.768
502.885	2.15348	525.729	0	180	-119.81
502.868	2.07554	525.621	0	180	-119.852
502.851	1.99759	525.512	0	180	-119.893
502.834	1.91965	525.401	0	180	-119.935
502.817	1.8417	525.29	0	180	-119.977
502.801	1.76376	525.178	0	180	-120.019
502.784	1.68582	525.064	0	180	-120.06
502.767	1.60787	524.95	0	180	-120.102
502.75	1.52993	524.835	0	180	-120.144
502.733	1.45199	524.719	0	180	-120.186
502.717	1.37404	524.601	0	180	-120.227
502.7	1.2961	524.483	0	180	-120.269
502.683	1.21816	524.364	0	180	-120.311
502.666	1.14021	524.243	0	180	-120.353
502.649	1.06227	524.122	0	180	-120.395
502.633	0.984325	524	0	180	-120.436
502.616	0.906381	523.877	0	180	-120.478
502.599	0.828438	523.752	0	180	-120.52
502.582	0.750494	523.627	0	180	-120.562
502.565	0.672551	523.501	0	180	-120.603
502.549	0.594607	523.374	0	180	-120.645
502.532	0.516663	523.245	0	180	-120.687
502.515	0.43872	523.116	0	180	-120.729
502.498	0.360776	522.986	0	180	-120.77
502.481	0.282833	522.854	0	180	-120.812
502.465	0.204889	522.722	0	180	-120.854
502.448	0.126945	522.589	0	180	-120.896
502.431	0.0490019	522.455	0	180	-120.937
502.414	-0.0289417	522.319	0	180	-120.979
502.397	-0.106885	522.183	0	180	-121.021
502.381	-0.184829	522.046	0	180	-121.063
502.364	-0.262772	521.907	0	180	-121.104
502.347	-0.340716	521.768	0	180	-121.146
502.33	-0.41866	521.628	0	180	-121.188
502.313	-0.496603	521.489	0	180	-121.23
502.297	-0.574547	521.349	0	180	-121.271
502.28	-0.65249	521.209	0	180	-121.313
502.263	-0.730434	521.07	0	180	-121.355
502.246	-0.808378	520.93	0	180	-121.397
502.229	-0.886321	520.79	0	180	-121.439
502.213	-0.964265	520.65	0	180	-121.48
502.196	-1.04221	520.511	0	180	-121.522
502.179	-1.12015	520.371	0	180	-121.564
502.162	-1.1981	520.231	0	180	-121.606
502.145	-1.27604	520.092	0	180	-121.647
502.129	-1.35398	519.952	0	180	-121.689
502.112	-1.43193	519.812	0	180	-121.731
502.095	-1.50987	519.672	0	180	-121.773
502.078	-1.58781	519.533	0	180	-121.814
502.061	-1.66576	519.393	0	180	-121.856
502.045	-1.7437	519.253	0	180	-121.898
502.028	-1.82164	519.114	0	180	-121.94
502.011	-1.89959	518.974	0	180	-121.981
501.994	-1.97753	518.834	0	180	-122.023
501.977	-2.05547	518.694	0	180	-122.065
501.961	-2.13342	518.555	0	180	-122.107
501.944	-2.21136	518.415	0	180	-122.148
501.927	-2.28931	518.275	0	180	-122.19
501.91	-2.36725	518.136	0	180	-122.232
501.894	-2.44519	517.996	0	180	-122.274
501.877	-2.52314	517.856	0	180	-122.316
501.86	-2.60108	517.716	0	180	-122.357
501.843	-2.67902	517.577	0	180	-122.399
501.826	-2.75697	517.437	0	180	-122.441
501.81	-2.83491	517.297	0	180	-122.483
501.793	-2.91285	517.158	0	180	-122.524
501.776	-2.9908	517.018	0	180	-122.566
501.759	-3.06874	516.878	0	180	-122.608
501.742	-3.14669	516.738	0	180	-122.65
501.726	-3.22463	516.599	0	180	-122.691
501.709	-3.30257	516.459	0	180	-122.733
501.692	-3.38052	516.319	0	180	-122.775
501.675	-3.45846	516.18	0	180	-122.817
501.658	-3.5364	516.04	0	180	-122.858
501.642	-3.61435	515.9	0	180	-122.9
501.625	-3.69229	515.76	0	180	-122.942
501.608	-3.77023	515.621	0	180	-122.984
501.591	-3.84818	515.481	0	180	-123.025
501.574	-3.92612	515.341	0	180	-123.067
501.558	-4.00406	515.202	0	180	-123.109
501.541	-4.08201	515.062	0	180	-123.151
501.524	-4.15995	514.922	0	180	-123.192
501.507	-4.2379	514.782	0	180	-123.234
501.49	-4.31584	514.643	0	180	-123.276
501.474	-4.39378	514.503	0	180	-123.318
501.457	-4.47173	514.363	0	180	-123.36
501.44	-4.54967	514.224	0	180	-123.401
501.423	-4.62761	514.084	0	180	-123.443
501.406	-4.70556	513.944	0	180	-123.485
501.39	-4.7835	513.804	0	180	-123.527
501.373	-4.86144	513.665	0	180	-123.568
501.356	-4.93939	513.525	0	180	-123.61
501.339	-5.01733	513.385	0	180	-123.652
501.322	-5.09527	513.246	0	180	-123.694
501.306	-5.17322	513.106	0	180	-123.735
501.289	-5.25116	512.966	0	180	-123.777
501.272	-5.32911	512.826	0	180	-123.819
501.255	-5.40705	512.687	0	180	-123.861
501.238	-5.48499	512.547	0	180	-123.902
501.222	-5.56294	512.407	0	180	-123.944
501.205	-5.64088	512.268	0	180	-123.986
501.188	-5.71882	512.128	0	180	-124.028
501.171	-5.79677	511.988	0	180	-124.069
501.154	-5.87471	511.848	0	180	-124.111
501.138	-5.95265	511.709	0	180	-124.153
501.121	-6.0306	511.569	0	180	-124.195
501.104	-6.10854	511.429	0	180	-124.237
501.087	-6.18648	511.29	0	180	-124.278
501.07	-6.26443	511.15	0	180	-124.32
501.054	-6.34237	511.01	0	180	-124.362
501.037	-6.42032	510.87	0	180	-124.404
501.02	-6.49826	510.731	0	180	-124.445
501.003	-6.5762	510.591	0	180	-124.487
500.986	-6.65415	510.451	0	180	-124.529
500.97	-6.73209	510.312	0	180	-124.571
500.953	-6.81003	510.172	0	180	-124.612
500.936	-6.88798	510.032	0	180	-124.654
500.919	-6.96592	509.892	0	180	-124.696
500.902	-7.04386	509.753	0	180	-124.738
500.886	-7.12181	509.613	0	180	-124.779
500.869	-7.19975	509.473	0	180	-124.821
500.852	-7.2777	509.334	0	180	-124.863
500.835	-7.35564	509.194	0	180	-124.905
500.818	-7.43358	509.054	0	180	-124.946
500.802	-7.51153	508.914	0	180	-124.988
500.785	-7.58947	508.775	0	180	-125.03
500.768	-7.66741	508.635	0	180	-125.072
500.751	-7.74536	508.495	0	180	-125.113
500.734	-7.8233	508.356	0	180	-125.155
500.718	-7.90124	508.216	0	180	-125.197
500.701	-7.97919	508.076	0	180	-125.239
500.684	-8.05713	507.936	0	180	-125.281
500.667	-8.13507	507.797	0	180	-125.322
500.65	-8.21302	507.657	0	180	-125.364
500.634	-8.29096	507.517	0	180	-125.406
500.617	-8.36891	507.378	0	180	-125.448
500.6	-8.44685	507.238	0	180	-125.489
500.583	-8.52479	507.098	0	180	-125.531
500.566	-8.60274	506.958	0	180	-125.573
500.55	-8.68068	506.819	0	180	-125.615
500.533	-8.75862	506.679	0	180	-125.656
500.516	-8.83657	506.539	0	180	-125.698
500.499	-8.91451	506.4	0	180	-125.74
500.482	-8.99245	506.26	0	180	-125.782
500.466	-9.0704	506.12	0	180	-125.823
500.449	-9.14834	505.98	0	180	-125.865
500.432	-9.22628	505.841	0	180	-125.907
500.415	-9.30423	505.701	0	180	-125.949
500.398	-9.38217	505.561	0	180	-125.99
500.382	-9.46012	505.422	0	180	-126.032
500.365	-9.53806	505.282	0	180	-126.074
500.348	-9.616	505.142	0	180	-126.116
500.331	-9.69395	505.002	0	180	-126.158
500.314	-9.77189	504.863	0	180	-126.199
500.298	-9.84983	504.723	0	180	-126.241
500.281	-9.92778	504.583	0	180	-126.283
500.264	-10.0057	504.443	0	180	-126.325
500.247	-10.0837	504.304	0	180	-126.366
500.23	-10.1616	504.164	0	180	-126.408
500.214	-10.2396	504.024	0	180	-126.45
500.197	-10.3175	503.885	0	180	-126.492
500.18	-10.3954	503.745	0	180	-126.533
500.163	-10.4734	503.605	0	180	-126.575
500.146	-10.5513	503.465	0	180	-126.617
500.13	-10.6293	503.326	0	180	-126.659
500.113	-10.7072	503.186	0	180	-126.7
500.096	-10.7852	503.046	0	180	-126.742
500.079	-10.8631	502.907	0	180	-126.784
500.062	-10.941	502.767	0	180	-126.826
500.046	-11.019	502.627	0	180	-126.867
500.029	-11.0969	502.487	0	180	-126.909
500.012	-11.1749	502.348	0	180	-126.951
499.995	-11.2528	502.208	0	180	-126.993
499.978	-11.3308	502.068	0	180	-127.034
499.962	-11.4087	501.929	0	180	-127.076
499.945	-11.4866	501.789	0	180	-127.118
499.928	-11.5646	501.649	0	180	-127.16
499.911	-11.6425	501.509	0	180	-127.202
499.894	-11.7205	501.37	0	180	-127.243
499.878	-11.7984	501.23	0	180	-127.285
499.861	-11.8764	501.09	0	180	-127.327
499.844	-11.9543	500.951	0	180	-127.369
499.827	-12.0323	500.811	0	180	-127.41
499.81	-12.1102	500.671	0	180	-127.452
499.794	-12.1881	500.531	0	180	-127.494
499.777	-12.2661	500.392	0	180	-127.536
499.76	-12.344	500.252	0	180	-127.577
499.743	-12.422	500.112	0	180	-127.619
499.726	-12.4999	499.973	0	180	-127.661
499.71	-12.5779	499.833	0	180	-127.703
499.693	-12.6558	499.693	0	180	-127.744
499.676	-12.7337	499.553	0	180	-127.786
499.659	-12.8117	499.414	0	180	-127.828
499.642	-12.8896	499.274	0	180	-127.87
499.626	-12.9676	499.134	0	180	-127.911
499.609	-13.0455	498.995	0	180	-127.953
499.592	-13.1235	498.855	0	180	-127.995
499.575	-13.2014	498.715	0	180	-128.037
499.558	-13.2794	498.575	0	180	-128.079
499.542	-13.3573	498.436	0	180	-128.12
499.525	-13.4352	498.296	0	180	-128.162
499.508	-13.5132	498.156	0	180	-128.204
499.491	-13.5911	498.017	0	180	-128.246
499.474	-13.6691	497.877	0	180	-128.287
499.458	-13.747	497.737	0	180	-128.329
499.441	-13.825	497.597	0	180	-128.371
499.424	-13.9029	497.458	0	180	-128.413
499.407	-13.9808	497.318	0	180	-128.454
499.391	-14.0588	497.178	0	180	-128.496
499.374	-14.1367	497.039	0	180	-128.538
499.357	-14.2147	496.899	0	180	-128.58
499.34	-14.2926	496.759	0	180	-128.621
499.323	-14.3706	496.619	0	180	-128.663
499.307	-14.4485	496.48	0	180	-128.705
499.29	-14.5264	496.34	0	180	-128.747
499.273	-14.6044	496.2	0	180	-128.788
499.256	-14.6823	496.061	0	180	-128.83
499.239	-14.7603	495.921	0	180	-128.872
499.223	-14.8382	495.781	0	180	-128.914
499.206	-14.9162	495.641	0	180	-128.956
499.189	-14.9941	495.502	0	180	-128.997
499.172	-15.0721	495.362	0	180	-129.039
499.155	-15.15	495.222	0	180	-129.081
499.139	-15.2279	495.083	0	180	-129.123
499.122	-15.3059	494.943	0	180	-129.164
499.105	-15.3838	494.803	0	180	-129.206
499.088	-15.4618	494.663	0	180	-129.248
499.071	-15.5397	494.524	0	180	-129.29
499.055	-15.6177	494.384	0	180	-129.331
499.038	-15.6956	494.244	0	180	-129.373
499.021	-15.7735	494.105	0	180	-129.415
499.004	-15.8515	493.965	0	180	-129.457
498.987	-15.9294	493.825	0	180	-129.498
498.971	-16.0074	493.685	0	180	-129.54
498.954	-16.0853	493.546	0	180	-129.582
498.937	-16.1633	493.406	0	180	-129.624
498.92	-16.2412	493.266	0	180	-129.665
498.903	-16.3192	493.127	0	180	-129.707
498.887	-16.3971	492.987	0	180	-129.749
498.87	-16.475	492.847	0	180	-129.791
498.853	-16.553	492.707	0	180	-129.832
498.836	-16.6309	492.568	0	180	-129.874
498.819	-16.7089	492.428	0	180	-129.916
498.803	-16.7868	492.288	0	180	-129.958
498.786	-16.8648	492.149	0	180	-130
498.769	-16.9427	492.009	0	180	-130.041
498.752	-17.0206	491.869	0	180	-130.083
498.735	-17.0986	491.729	0	180	-130.125
498.719	-17.1765	491.59	0	180	-130.167
498.702	-17.2545	491.45	0	180	-130.208
498.685	-17.3324	491.31	0	180	-130.25
498.668	-17.4104	491.171	0	180	-130.292
498.651	-17.4883	491.031	0	180	-130.334
498.635	-17.5662	490.891	0	180	-130.375
498.618	-17.6442	490.751	0	180	-130.417
498.601	-17.7221	490.612	0	180	-130.459
498.584	-17.8001	490.472	0	180	-130.501
498.567	-17.878	490.332	0	180	-130.542
498.551	-17.956	490.193	0	180	-130.584
498.534	-18.0339	490.053	0	180	-130.626
498.517	-18.1119	489.913	0	180	-130.668
498.5	-18.1898	489.773	0	180	-130.709
498.483	-18.2677	489.634	0	180	-130.751
498.467	-18.3457	489.494	0	180	-130.793
498.45	-18.4236	489.354	0	180	-130.835
498.433	-18.5016	489.215	0	180	-130.877
498.416	-18.5795	489.075	0	180	-130.918
498.399	-18.6575	488.935	0	180	-130.96
498.383	-18.7354	488.795	0	180	-131.002
498.366	-18.8133	488.656	0	180	-131.044
498.349	-18.8913	488.516	0	180	-131.085
498.332	-18.9692	488.376	0	180	-131.127
498.315	-19.0472	488.237	0	180	-131.169
498.299	-19.1251	488.097	0	180	-131.211
498.282	-19.2031	487.957	0	180	-131.252
498.265	-19.281	487.817	0	180	-131.294
498.248	-19.359	487.678	0	180	-131.336
498.231	-19.4369	487.538	0	180	-131.378
498.215	-19.5148	487.398	0	180	-131.419
498.198	-19.5928	487.259	0	180	-131.461
498.181	-19.6707	487.119	0	180	-131.503
498.164	-19.7487	486.979	0	180	-131.545
498.147	-19.8266	486.839	0	180	-131.586
498.131	-19.9046	486.7	0	180	-131.628
498.114	-19.9825	486.56	0	180	-131.67
498.097	-20.0604	486.42	0	180	-131.712
498.08	-20.1384	486.281	0	180	-131.753
498.063	-20.2163	486.141	0	180	-131.795
498.047	-20.2943	486.001	0	180	-131.837
498.03	-20.3722	485.861	0	180	-131.879
498.013	-20.4502	485.722	0	180	-131.921
497.996	-20.5281	485.582	0	180	-131.962
497.979	-20.606	485.442	0	180	-132.004
497.963	-20.684	485.303	0	180	-132.046
497.946	-20.7619	485.163	0	180	-132.088
497.929	-20.8399	485.023	0	180	-132.129
497.912	-20.9178	484.883	0	180	-132.171
497.895	-20.9958	484.744	0	180	-132.213
497.879	-21.0737	484.604	0	180	-132.255
497.862	-21.1517	484.464	0	180	-132.296
497.845	-21.2296	484.325	0	180	-132.338
497.828	-21.3075	484.185	0	180	-132.38
497.811	-21.3855	484.045	0	180	-132.422
497.795	-21.4634	483.905	0	180	-132.463
497.778	-21.5414	483.766	0	180	-132.505
497.761	-21.6193	483.626	0	180	-132.547
497.744	-21.6973	483.486	0	180	-132.589
497.727	-21.7752	483.347	0	180	-132.63
497.711	-21.8531	483.207	0	180	-132.672
497.694	-21.9311	483.067	0	180	-132.714
497.677	-22.009	482.927	0	180	-132.756
497.66	-22.087	482.788	0	180	-132.798
497.643	-22.1649	482.648	0	180	-132.839
497.627	-22.2429	482.508	0	180	-132.881
497.61	-22.3208	482.369	0	180	-132.923
497.593	-22.3988	482.229	0	180	-132.965
497.576	-22.4767	482.089	0	180	-133.006
497.559	-22.5546	481.949	0	180	-133.048
497.543	-22.6326	481.81	0	180	-133.09
497.526	-22.7105	481.67	0	180	-133.132
497.509	-22.7885	481.53	0	180	-133.173
497.492	-22.8664	481.391	0	180	-133.215
497.475	-22.9444	481.251	0	180	-133.257
497.459	-23.0223	481.111	0	180	-133.299
497.442	-23.1002	480.971	0	180	-133.34
497.425	-23.1782	480.832	0	180	-133.382
497.408	-23.2561	480.692	0	180	-133.424
497.391	-23.3341	480.552	0	180	-133.466
497.375	-23.412	480.413	0	180	-133.507
497.358	-23.49	480.273	0	180	-133.549
497.341	-23.5679	480.133	0	180	-133.591
497.324	-23.6458	479.993	0	180	-133.633
497.307	-23.7238	479.854	0	180	-133.674
497.291	-23.8017	479.714	0	180	-133.716
497.274	-23.8797	479.574	0	180	-133.758
497.257	-23.9576	479.435	0	180	-133.8
497.24	-24.0356	479.295	0	180	-133.842
497.223	-24.1135	479.155	0	180	-133.883
497.207	-24.1915	479.015	0	180	-133.925
497.19	-24.2694	478.876	0	180	-133.967
497.173	-24.3473	478.736	0	180	-134.009
497.156	-24.4253	478.596	0	180	-134.05
497.139	-24.5032	478.456	0	180	-134.092
497.123	-24.5812	478.317	0	180	-134.134
497.106	-24.6591	478.177	0	180	-134.176
497.089	-24.7371	478.037	0	180	-134.217
497.072	-24.815	477.898	0	180	-134.259
497.055	-24.8929	477.758	0	180	-134.301
497.039	-24.9709	477.618	0	180	-134.343
497.022	-25.0488	477.478	0	180	-134.384
497.005	-25.1268	477.339	0	180	-134.426
496.988	-25.2047	477.199	0	180	-134.468
496.971	-25.2827	477.059	0	180	-134.51
496.955	-25.3606	476.92	0	180	-134.551
496.938	-25.4386	476.78	0	180	-134.593
496.921	-25.5165	476.64	0	180	-134.635
496.904	-25.5944	476.5	0	180	-134.677
496.887	-25.6724	476.361	0	180	-134.719
496.871	-25.7503	476.221	0	180	-134.76
496.854	-25.8283	476.081	0	180	-134.802
496.837	-25.9062	475.942	0	180	-134.844
496.82	-25.9842	475.802	0	180	-134.886
496.804	-26.0621	475.662	0	180	-134.927
496.787	-26.14	475.522	0	180	-134.969
496.77	-26.218	475.383	0	180	-135.011
496.753	-26.2959	475.243	0	180	-135.053
496.736	-26.3739	475.103	0	180	-135.094
496.72	-26.4518	474.964	0	180	-135.136
496.703	-26.5298	474.824	0	180	-135.178
496.686	-26.6077	474.684	0	180	-135.22
496.669	-26.6856	474.544	0	180	-135.261
496.652	-26.7636	474.405	0	180	-135.303
496.636	-26.8415	474.265	0	180	-135.345
496.619	-26.9195	474.125	0	180	-135.387
496.602	-26.9974	473.986	0	180	-135.428
496.585	-27.0754	473.846	0	180	-135.47
496.568	-27.1533	473.706	0	180	-135.512
496.552	-27.2313	473.566	0	180	-135.554
496.535	-27.3092	473.427	0	180	-135.595
496.518	-27.3871	473.287	0	180	-135.637
496.501	-27.4651	473.147	0	180	-135.679
496.484	-27.543	473.008	0	180	-135.721
496.468	-27.621	472.868	0	180	-135.763
496.451	-27.6989	472.728	0	180	-135.804
496.434	-27.7769	472.588	0	180	-135.846
496.417	-27.8548	472.449	0	180	-135.888
496.4	-27.9327	472.309	0	180	-135.93
496.384	-28.0107	472.169	0	180	-135.971
496.367	-28.0886	472.03	0	180	-136.013
496.35	-28.1666	471.89	0	180	-136.055
496.333	-28.2445	471.75	0	180	-136.097
496.316	-28.3225	471.61	0	180	-136.138
496.3	-28.4004	471.471	0	180	-136.18
496.283	-28.4784	471.331	0	180	-136.222
496.266	-28.5563	471.191	0	180	-136.264
496.249	-28.6342	471.052	0	180	-136.305
496.232	-28.7122	470.912	0	180	-136.347
496.216	-28.7901	470.772	0	180	-136.389
496.199	-28.8681	470.632	0	180	-136.431
496.182	-28.946	470.493	0	180	-136.472
496.165	-29.024	470.353	0	180	-136.514
496.148	-29.1019	470.213	0	180	-136.556
496.132	-29.1798	470.074	0	180	-136.598
496.115	-29.2578	469.934	0	180	-136.64
496.098	-29.3357	469.794	0	180	-136.681
496.081	-29.4137	469.654	0	180	-136.723
496.064	-29.4916	469.515	0	180	-136.765
496.048	-29.5696	469.375	0	180	-136.807
496.031	-29.6475	469.235	0	180	-136.848
496.014	-29.7254	469.096	0	180	-136.89
495.997	-29.8034	468.956	0	180	-136.932
495.98	-29.8813	468.816	0	180	-136.974
495.964	-29.9593	468.676	0	180	-137.015
495.947	-30.0372	468.537	0	180	-137.057
495.93	-30.1152	468.397	0	180	-137.099
495.913	-30.1931	468.257	0	180	-137.141
495.896	-30.2711	468.118	0	180	-137.182
495.88	-30.349	467.978	0	180	-137.224
495.863	-30.4269	467.838	0	180	-137.266
495.846	-30.5049	467.698	0	180	-137.308
495.829	-30.5828	467.559	0	180	-137.349
495.812	-30.6608	467.419	0	180	-137.391
495.796	-30.7387	467.279	0	180	-137.433
495.779	-30.8167	467.14	0	180	-137.475
495.762	-30.8946	467	0	180	-137.516
495.745	-30.9725	466.86	0	180	-137.558
495.728	-31.0505	466.72	0	180	-137.6
495.712	-31.1284	466.581	0	180	-137.642
495.695	-31.2064	466.441	0	180	-137.684
495.678	-31.2843	466.301	0	180	-137.725
495.661	-31.3623	466.162	0	180	-137.767
495.644	-31.4402	466.022	0	180	-137.809
495.628	-31.5182	465.882	0	180	-137.851
495.611	-31.5961	465.742	0	180	-137.892
495.594	-31.674	465.603	0	180	-137.934
495.577	-31.752	465.465	0	180	-137.976
495.56	-31.8299	465.328	0	180	-138.018
495.544	-31.9079	465.192	0	180	-138.059
495.527	-31.9858	465.057	0	180	-138.101
495.51	-32.0638	464.923	0	180	-138.143
495.493	-32.1417	464.79	0	180	-138.185
495.476	-32.2196	464.658	0	180	-138.226
495.46	-32.2976	464.527	0	180	-138.268
495.443	-32.3755	464.397	0	180	-138.31
495.426	-32.4535	464.267	0	180	-138.352
495.409	-32.5314	464.139	0	180	-138.393
495.392	-32.6094	464.012	0	180	-138.435
495.376	-32.6873	463.886	0	180	-138.477
495.359	-32.7652	463.761	0	180	-138.519
495.342	-32.8432	463.637	0	180	-138.561
495.325	-32.9211	463.514	0	180	-138.602
495.308	-32.9991	463.392	0	180	-138.644
495.292	-33.077	463.271	0	180	-138.686
495.275	-33.155	463.151	0	180	-138.728
495.258	-33.2329	463.032	0	180	-138.769
495.241	-33.3109	462.913	0	180	-138.811
495.224	-33.3888	462.796	0	180	-138.853
495.208	-33.4667	462.68	0	180	-138.895
495.191	-33.5447	462.565	0	180	-138.936
495.174	-33.6226	462.451	0	180	-138.978
495.157	-33.7006	462.338	0	180	-139.02
495.14	-33.7785	462.226	0	180	-139.062
495.124	-33.8565	462.115	0	180	-139.103
495.107	-33.9344	462.005	0	180	-139.145
495.09	-34.0123	461.896	0	180	-139.187
495.073	-34.0903	461.788	0	180	-139.229
495.056	-34.1682	461.681	0	180	-139.27
495.04	-34.2462	461.574	0	180	-139.312
495.023	-34.3241	461.469	0	180	-139.354
495.006	-34.4021	461.365	0	180	-139.396
494.989	-34.48	461.262	0	180	-139.438
494.972	-34.5579	461.16	0	180	-139.479
494.956	-34.6359	461.059	0	180	-139.521
494.939	-34.7138	460.959	0	180	-139.563
494.922	-34.7918	460.86	0	180	-139.605
494.905	-34.8697	460.762	0	180	-139.646
494.888	-34.9477	460.665	0	180	-139.688
494.872	-35.0256	460.569	0	180	-139.73
494.855	-35.1036	460.473	0	180	-139.772
494.838	-35.1815	460.379	0	180	-139.813
494.821	-35.2594	460.286	0	180	-139.855
494.804	-35.3374	460.194	0	180	-139.897
494.788	-35.4153	460.103	0	180	-139.939
494.771	-35.4933	460.013	0	180	-139.98
494.754	-35.5712	459.924	0	180	-140.022
494.737	-35.6492	459.836	0	180	-140.064
494.72	-35.7271	459.749	0	180	-140.106
494.704	-35.805	459.663	0	180	-140.147
494.687	-35.883	459.578	0	180	-140.189
494.67	-35.9609	459.493	0	180	-140.231
494.653	-36.0389	459.41	0	180	-140.273
494.636	-36.1168	459.328	0	180	-140.314
494.62	-36.1948	459.247	0	180	-140.356
494.603	-36.2727	459.167	0	180	-140.398
494.586	-36.3507	459.088	0	180	-140.44
494.569	-36.4285	459.01	0	180	-140.482
494.552	-36.5056	458.933	0	180	-140.523
494.536	-36.5817	458.857	0	180	-140.565
494.519	-36.6568	458.782	0	180	-140.607
494.502	-36.7309	458.708	0	180	-140.649
494.485	-36.804	458.635	0	180	-140.69
494.468	-36.8761	458.562	0	180	-140.732
494.452	-36.9472	458.491	0	180	-140.774
494.435	-37.0172	458.421	0	180	-140.816
494.418	-37.0863	458.352	0	180	-140.857
494.401	-37.1544	458.284	0	180	-140.899
494.384	-37.2215	458.217	0	180	-140.941
494.368	-37.2876	458.151	0	180	-140.983
494.351	-37.3527	458.086	0	180	-141.024
494.334	-37.4168	458.022	0	180	-141.066
494.317	-37.4799	457.959	0	180	-141.108
494.301	-37.5419	457.897	0	180	-141.15
494.284	-37.603	457.835	0	180	-141.191
494.267	-37.6631	457.775	0	180	-141.233
494.25	-37.7222	457.716	0	180	-141.275
494.233	-37.7803	457.658	0	180	-141.317
494.217	-37.8374	457.601	0	180	-141.359
494.2	-37.8935	457.545	0	180	-141.4
494.183	-37.9486	457.49	0	180	-141.442
494.166	-38.0027	457.436	0	180	-141.484
494.149	-38.0557	457.383	0	180	-141.526
494.133	-38.1078	457.331	0	180	-141.567
494.116	-38.1589	457.28	0	180	-141.609
494.099	-38.209	457.229	0	180	-141.651
494.082	-38.2581	457.18	0	180	-141.693
494.065	-38.3062	457.132	0	180	-141.734
494.049	-38.3533	457.085	0	180	-141.776
494.032	-38.3994	457.039	0	180	-141.818
494.015	-38.4444	456.994	0	180	-141.86
493.998	-38.4885	456.95	0	180	-141.901
493.981	-38.5316	456.907	0	180	-141.943
493.965	-38.5737	456.865	0	180	-141.985
493.948	-38.6148	456.824	0	180	-142.026
493.931	-38.6549	456.784	0	180	-142.066
493.914	-38.694	456.745	0	180	-142.105
493.897	-38.7321	456.706	0	180	-142.143
493.881	-38.7692	456.669	0	180	-142.18
493.864	-38.8052	456.633	0	180	-142.216
493.847	-38.8403	456.598	0	180	-142.252
493.83	-38.8744	456.564	0	180	-142.286
493.813	-38.9075	456.531	0	180	-142.319
493.797	-38.9396	456.499	0	180	-142.351
493.78	-38.9707	456.468	0	180	-142.382
493.763	-39.0008	456.438	0	180	-142.412
493.746	-39.0299	456.409	0	180	-142.441
493.729	-39.0579	456.381	0	180	-142.469
493.713	-39.085	456.353	0	180	-142.496
493.696	-39.1111	456.327	0	180	-142.522
493.679	-39.1362	456.302	0	180	-142.547
493.662	-39.1603	456.278	0	180	-142.571
493.645	-39.1834	456.255	0	180	-142.595
493.629	-39.2055	456.233	0	180	-142.617
493.612	-39.2266	456.212	0	180	-142.638
493.595	-39.2467	456.192	0	180	-142.658
493.578	-39.2657	456.173	0	180	-142.677
493.561	-39.2838	456.155	0	180	-142.695
493.545	-39.3009	456.138	0	180	-142.712
493.528	-39.317	456.121	0	180	-142.728
493.513	-39.3321	456.106	0	180	-142.743
493.499	-39.3462	456.092	0	180	-142.757
493.486	-39.3593	456.079	0	180	-142.77
493.474	-39.3714	456.067	0	180	-142.783
493.463	-39.3824	456.056	0	180	-142.794
493.453	-39.3925	456.046	0	180	-142.804
493.444	-39.4016	456.037	0	180	-142.813
493.436	-39.4097	456.029	0	180	-142.821
493.429	-39.4168	456.022	0	180	-142.828
493.423	-39.4229	456.016	0	180	-142.834
493.418	-39.428	456.011	0	180	-142.839
493.413	-39.4321	456.006	0	180	-142.843
493.41	-39.4352	456.003	0	180	-142.846
493.408	-39.4372	456.001	0	180	-142.848
493.407	-39.4383	456	0	180	-142.85
