10.7843 29.5191 106.459 -8.26733e-07 44.0215 -40.2162
10.7841 29.5188 106.46 -8.26723e-07 44.0215 -40.2177
10.7839 29.5182 106.46 -8.26705e-07 44.0216 -40.2202
10.7836 29.5175 106.461 -8.2668e-07 44.0217 -40.2237
10.7832 29.5166 106.461 -8.26649e-07 44.0219 -40.2282
10.7828 29.5155 106.462 -8.2661e-07 44.0221 -40.2337
10.7822 29.5142 106.463 -8.26564e-07 44.0224 -40.2402
10.7816 29.5127 106.465 -8.26511e-07 44.0227 -40.2477
10.7808 29.5109 106.466 -8.26451e-07 44.023 -40.2562
10.78 29.509 106.468 -8.26384e-07 44.0234 -40.2657
10.7791 29.5069 106.469 -8.26311e-07 44.0238 -40.2762
10.7782 29.5045 106.471 -8.2623e-07 44.0242 -40.2877
10.7771 29.502 106.473 -8.26141e-07 44.0247 -40.3002
10.7759 29.4992 106.476 -8.26046e-07 44.0253 -40.3137
10.7747 29.4963 106.478 -8.25944e-07 44.0258 -40.3282
10.7734 29.4931 106.48 -8.25835e-07 44.0264 -40.3437
10.772 29.4898 106.483 -8.25719e-07 44.0271 -40.3602
10.7705 29.4862 106.486 -8.25595e-07 44.0278 -40.3777
10.7689 29.4826 106.489 -8.25461e-07 44.0286 -40.3962
10.7672 29.4789 106.492 -8.25318e-07 44.0295 -40.4157
10.7653 29.475 106.494 -8.25165e-07 44.0305 -40.4362
10.7634 29.471 106.497 -8.25003e-07 44.0317 -40.4577
10.7614 29.4669 106.5 -8.24831e-07 44.0329 -40.4802
10.7593 29.4627 106.503 -8.2465e-07 44.0342 -40.5037
10.757 29.4584 106.506 -8.24459e-07 44.0356 -40.5282
10.7547 29.454 106.509 -8.24259e-07 44.0372 -40.5537
10.7522 29.4494 106.512 -8.24049e-07 44.0388 -40.5802
10.7497 29.4448 106.515 -8.23829e-07 44.0406 -40.6077
10.747 29.44 106.518 -8.236e-07 44.0424 -40.6362
10.7442 29.4351 106.521 -8.23362e-07 44.0444 -40.6657
10.7414 29.4301 106.523 -8.23114e-07 44.0464 -40.6962
10.7384 29.425 106.526 -8.22856e-07 44.0486 -40.7277
10.7353 29.4198 106.529 -8.22589e-07 44.0508 -40.7602
10.7321 29.4145 106.532 -8.22312e-07 44.0532 -40.7937
10.7288 29.409 106.535 -8.22026e-07 44.0557 -40.8282
10.7254 29.4035 106.538 -8.21731e-07 44.0583 -40.8637
10.7219 29.3978 106.541 -8.21425e-07 44.0609 -40.9002
10.7183 29.392 106.544 -8.21111e-07 44.0637 -40.9377
10.7146 29.3861 106.547 -8.20786e-07 44.0666 -40.9762
10.7108 29.3801 106.55 -8.20453e-07 44.0696 -41.0157
10.7068 29.374 106.553 -8.20109e-07 44.0727 -41.0562
10.7028 29.3678 106.556 -8.19757e-07 44.0759 -41.0977
10.6987 29.3614 106.559 -8.19394e-07 44.0792 -41.1402
10.6944 29.355 106.562 -8.19022e-07 44.0826 -41.1837
10.6901 29.3484 106.565 -8.18641e-07 44.0861 -41.2282
10.6856 29.3417 106.569 -8.1825e-07 44.0898 -41.2737
10.681 29.3349 106.572 -8.1785e-07 44.0935 -41.3202
10.6764 29.328 106.575 -8.1744e-07 44.0973 -41.3677
10.6716 29.321 106.578 -8.17021e-07 44.1013 -41.4162
10.6667 29.3139 106.581 -8.16592e-07 44.1053 -41.4657
10.6617 29.3067 106.584 -8.16155e-07 44.1093 -41.5162
10.6566 29.2995 106.587 -8.1571e-07 44.1133 -41.5677
10.6514 29.2924 106.59 -8.15258e-07 44.1174 -41.6202
10.6461 29.2852 106.593 -8.14798e-07 44.1214 -41.6737
10.6407 29.2779 106.597 -8.1433e-07 44.1254 -41.7282
10.6352 29.2707 106.6 -8.13854e-07 44.1293 -41.7837
10.6296 29.2635 106.603 -8.1337e-07 44.1333 -41.8402
10.6238 29.2562 106.607 -8.12879e-07 44.1373 -41.8977
10.618 29.2489 106.61 -8.1238e-07 44.1412 -41.9562
10.6121 29.2416 106.613 -8.11873e-07 44.1452 -42.0157
10.606 29.2343 106.617 -8.11358e-07 44.1491 -42.0762
10.5998 29.2269 106.62 -8.10835e-07 44.153 -42.1377
10.5936 29.2196 106.623 -8.10304e-07 44.1569 -42.2002
10.5872 29.2122 106.627 -8.09766e-07 44.1608 -42.2637
10.5807 29.2048 106.63 -8.0922e-07 44.1647 -42.3277
10.5742 29.1974 106.634 -8.08666e-07 44.1686 -42.3916
10.5675 29.19 106.638 -8.08104e-07 44.1724 -42.4556
10.5607 29.1826 106.641 -8.07535e-07 44.1763 -42.5196
10.5538 29.1751 106.645 -8.06957e-07 44.1801 -42.5835
10.5468 29.1677 106.648 -8.06372e-07 44.184 -42.6475
10.5397 29.1602 106.652 -8.05779e-07 44.1878 -42.7115
10.5324 29.1527 106.656 -8.05178e-07 44.1916 -42.7755
10.5251 29.1452 106.659 -8.04569e-07 44.1954 -42.8394
10.5177 29.1377 106.663 -8.03953e-07 44.1992 -42.9034
10.5101 29.1301 106.667 -8.03328e-07 44.203 -42.9674
10.5025 29.1225 106.671 -8.02696e-07 44.2068 -43.0313
10.4947 29.115 106.675 -8.02056e-07 44.2105 -43.0953
10.4869 29.1074 106.678 -8.01409e-07 44.2143 -43.1593
10.479 29.0998 106.682 -8.00759e-07 44.218 -43.2232
10.4711 29.0922 106.686 -8.0011e-07 44.2218 -43.2872
10.4632 29.0846 106.69 -7.9946e-07 44.2255 -43.3512
10.4553 29.077 106.694 -7.98811e-07 44.2293 -43.4152
10.4475 29.0694 106.698 -7.98161e-07 44.233 -43.4791
10.4396 29.0618 106.701 -7.97512e-07 44.2368 -43.5431
10.4317 29.0542 106.705 -7.96862e-07 44.2406 -43.6071
10.4238 29.0466 106.709 -7.96213e-07 44.2443 -43.671
10.4159 29.039 106.713 -7.95563e-07 44.2481 -43.735
10.408 29.0314 106.717 -7.94913e-07 44.2519 -43.799
10.4001 29.0239 106.721 -7.94264e-07 44.2556 -43.8629
10.3922 29.0163 106.724 -7.93614e-07 44.2594 -43.9269
10.3844 29.0087 106.728 -7.92964e-07 44.2632 -43.9909
10.3765 29.0011 106.732 -7.92315e-07 44.2669 -44.0549
10.3686 28.9935 106.736 -7.91665e-07 44.2707 -44.1188
10.3607 28.9859 106.74 -7.91015e-07 44.2745 -44.1828
10.3528 28.9783 106.743 -7.90366e-07 44.2783 -44.2468
10.3449 28.9708 106.747 -7.89716e-07 44.282 -44.3107
10.337 28.9632 106.751 -7.89066e-07 44.2858 -44.3747
10.3291 28.9556 106.755 -7.88417e-07 44.2896 -44.4387
10.3212 28.948 106.759 -7.87767e-07 44.2934 -44.5026
10.3133 28.9404 106.762 -7.87117e-07 44.2972 -44.5666
10.3054 28.9329 106.766 -7.86467e-07 44.301 -44.6306
10.2975 28.9253 106.77 -7.85817e-07 44.3047 -44.6946
10.2896 28.9177 106.774 -7.85167e-07 44.3085 -44.7585
10.2817 28.9101 106.778 -7.84518e-07 44.3123 -44.8225
10.2738 28.9026 106.781 -7.83868e-07 44.3161 -44.8865
10.2659 28.895 106.785 -7.83218e-07 44.3199 -44.9504
10.2579 28.8874 106.789 -7.82568e-07 44.3237 -45.0144
10.25 28.8798 106.793 -7.81918e-07 44.3275 -45.0784
10.2421 28.8723 106.796 -7.81268e-07 44.3313 -45.1423
10.2342 28.8647 106.8 -7.80618e-07 44.3351 -45.2063
10.2263 28.8571 106.804 -7.79968e-07 44.3389 -45.2703
10.2184 28.8496 106.808 -7.79318e-07 44.3427 -45.3343
10.2105 28.842 106.811 -7.78668e-07 44.3465 -45.3982
10.2026 28.8344 106.815 -7.78018e-07 44.3503 -45.4622
10.1947 28.8269 106.819 -7.77368e-07 44.3541 -45.5262
10.1867 28.8193 106.823 -7.76718e-07 44.358 -45.5901
10.1788 28.8117 106.826 -7.76068e-07 44.3618 -45.6541
10.1709 28.8042 106.83 -7.75418e-07 44.3656 -45.7181
10.163 28.7966 106.834 -7.74768e-07 44.3694 -45.782
10.1551 28.7891 106.838 -7.74118e-07 44.3732 -45.846
10.1472 28.7815 106.841 -7.73468e-07 44.377 -45.91
10.1392 28.7739 106.845 -7.72818e-07 44.3809 -45.9739
10.1313 28.7664 106.849 -7.72168e-07 44.3847 -46.0379
10.1234 28.7588 106.853 -7.71518e-07 44.3885 -46.1019
10.1155 28.7513 106.856 -7.70867e-07 44.3923 -46.1659
10.1075 28.7437 106.86 -7.70217e-07 44.3962 -46.2298
10.0996 28.7362 106.864 -7.69567e-07 44.4 -46.2938
10.0917 28.7286 106.868 -7.68917e-07 44.4038 -46.3578
10.0838 28.7211 106.871 -7.68267e-07 44.4076 -46.4217
10.0758 28.7135 106.875 -7.67616e-07 44.4115 -46.4857
10.0679 28.706 106.879 -7.66966e-07 44.4153 -46.5497
10.06 28.6984 106.882 -7.66316e-07 44.4191 -46.6136
10.052 28.6909 106.886 -7.65666e-07 44.423 -46.6776
10.0441 28.6833 106.89 -7.65015e-07 44.4268 -46.7416
10.0362 28.6758 106.894 -7.64365e-07 44.4307 -46.8056
10.0282 28.6682 106.897 -7.63715e-07 44.4345 -46.8695
10.0203 28.6607 106.901 -7.63065e-07 44.4384 -46.9335
10.0124 28.6531 106.905 -7.62414e-07 44.4422 -46.9975
10.0044 28.6456 106.908 -7.61764e-07 44.4461 -47.0614
9.9965 28.6381 106.912 -7.61114e-07 44.4499 -47.1254
9.98856 28.6305 106.916 -7.60463e-07 44.4538 -47.1894
9.98062 28.623 106.919 -7.59813e-07 44.4576 -47.2533
9.97268 28.6154 106.923 -7.59162e-07 44.4615 -47.3173
9.96474 28.6079 106.927 -7.58512e-07 44.4653 -47.3813
9.9568 28.6004 106.93 -7.57862e-07 44.4692 -47.4453
9.94886 28.5928 106.934 -7.57211e-07 44.473 -47.5092
9.94092 28.5853 106.938 -7.56561e-07 44.4769 -47.5732
9.93297 28.5778 106.941 -7.5591e-07 44.4808 -47.6372
9.92503 28.5702 106.945 -7.5526e-07 44.4846 -47.7011
9.91708 28.5627 106.949 -7.54609e-07 44.4885 -47.7651
9.90913 28.5552 106.952 -7.53959e-07 44.4924 -47.8291
9.90118 28.5476 106.956 -7.53309e-07 44.4962 -47.893
9.89324 28.5401 106.96 -7.52658e-07 44.5001 -47.957
9.88529 28.5326 106.963 -7.52008e-07 44.504 -48.021
9.87734 28.525 106.967 -7.51357e-07 44.5078 -48.085
9.86938 28.5175 106.971 -7.50706e-07 44.5117 -48.1489
9.86143 28.51 106.974 -7.50056e-07 44.5156 -48.2129
9.85348 28.5025 106.978 -7.49405e-07 44.5195 -48.2769
9.84552 28.4949 106.982 -7.48755e-07 44.5234 -48.3408
9.83757 28.4874 106.985 -7.48104e-07 44.5272 -48.4048
9.82961 28.4799 106.989 -7.47454e-07 44.5311 -48.4688
9.82165 28.4724 106.993 -7.46803e-07 44.535 -48.5327
9.8137 28.4648 106.996 -7.46152e-07 44.5389 -48.5967
9.80574 28.4573 107 -7.45502e-07 44.5428 -48.6607
9.79778 28.4498 107.004 -7.44851e-07 44.5467 -48.7247
9.78982 28.4423 107.007 -7.44201e-07 44.5506 -48.7886
9.78186 28.4348 107.011 -7.4355e-07 44.5545 -48.8526
9.77389 28.4273 107.014 -7.42899e-07 44.5583 -48.9166
9.76593 28.4197 107.018 -7.42249e-07 44.5622 -48.9805
9.75796 28.4122 107.022 -7.41598e-07 44.5661 -49.0445
9.75 28.4047 107.025 -7.40947e-07 44.57 -49.1085
9.74203 28.3972 107.029 -7.40296e-07 44.5739 -49.1724
9.73407 28.3897 107.032 -7.39646e-07 44.5778 -49.2364
9.7261 28.3822 107.036 -7.38995e-07 44.5817 -49.3004
9.71813 28.3747 107.04 -7.38344e-07 44.5857 -49.3644
9.71016 28.3672 107.043 -7.37694e-07 44.5896 -49.4283
9.70219 28.3597 107.047 -7.37043e-07 44.5935 -49.4923
9.69422 28.3521 107.05 -7.36392e-07 44.5974 -49.5563
9.68624 28.3446 107.054 -7.35741e-07 44.6013 -49.6202
9.67827 28.3371 107.058 -7.35091e-07 44.6052 -49.6842
9.6703 28.3296 107.061 -7.3444e-07 44.6091 -49.7482
9.66232 28.3221 107.065 -7.33789e-07 44.613 -49.8121
9.65435 28.3146 107.068 -7.33138e-07 44.617 -49.8761
9.64637 28.3071 107.072 -7.32487e-07 44.6209 -49.9401
9.63839 28.2996 107.076 -7.31836e-07 44.6248 -50.004
9.63041 28.2921 107.079 -7.31186e-07 44.6287 -50.068
9.62243 28.2846 107.083 -7.30535e-07 44.6326 -50.132
9.61445 28.2771 107.086 -7.29884e-07 44.6366 -50.196
9.60647 28.2696 107.09 -7.29233e-07 44.6405 -50.2599
9.59849 28.2621 107.093 -7.28582e-07 44.6444 -50.3239
9.5905 28.2546 107.097 -7.27931e-07 44.6484 -50.3879
9.58252 28.2471 107.101 -7.2728e-07 44.6523 -50.4518
9.57454 28.2397 107.104 -7.2663e-07 44.6562 -50.5158
9.56655 28.2322 107.108 -7.25979e-07 44.6602 -50.5798
9.55856 28.2247 107.111 -7.25328e-07 44.6641 -50.6437
9.55057 28.2172 107.115 -7.24677e-07 44.668 -50.7077
9.54259 28.2097 107.118 -7.24026e-07 44.672 -50.7717
9.5346 28.2022 107.122 -7.23375e-07 44.6759 -50.8357
9.52661 28.1947 107.125 -7.22724e-07 44.6799 -50.8996
9.51861 28.1872 107.129 -7.22073e-07 44.6838 -50.9636
9.51062 28.1798 107.132 -7.21422e-07 44.6878 -51.0276
9.50263 28.1723 107.136 -7.20771e-07 44.6917 -51.0915
9.49463 28.1648 107.14 -7.2012e-07 44.6957 -51.1555
9.48664 28.1573 107.143 -7.19469e-07 44.6996 -51.2195
9.47864 28.1498 107.147 -7.18818e-07 44.7036 -51.2834
9.47065 28.1423 107.15 -7.18167e-07 44.7075 -51.3474
9.46265 28.1349 107.154 -7.17516e-07 44.7115 -51.4114
9.45465 28.1274 107.157 -7.16865e-07 44.7154 -51.4754
9.44665 28.1199 107.161 -7.16214e-07 44.7194 -51.5393
9.43865 28.1124 107.164 -7.15563e-07 44.7234 -51.6033
9.43065 28.105 107.168 -7.14912e-07 44.7273 -51.6673
9.42265 28.0975 107.171 -7.14261e-07 44.7313 -51.7312
9.41464 28.09 107.175 -7.1361e-07 44.7353 -51.7952
9.40664 28.0825 107.178 -7.12959e-07 44.7392 -51.8592
9.39863 28.0751 107.182 -7.12308e-07 44.7432 -51.9231
9.39063 28.0676 107.185 -7.11657e-07 44.7472 -51.9871
9.38262 28.0601 107.189 -7.11006e-07 44.7511 -52.0511
9.37461 28.0526 107.192 -7.10355e-07 44.7551 -52.1151
9.36661 28.0452 107.196 -7.09704e-07 44.7591 -52.179
9.3586 28.0377 107.199 -7.09052e-07 44.7631 -52.243
9.35059 28.0302 107.203 -7.08401e-07 44.767 -52.307
9.34258 28.0228 107.206 -7.0775e-07 44.771 -52.3709
9.33456 28.0153 107.21 -7.07099e-07 44.775 -52.4349
9.32655 28.0079 107.213 -7.06448e-07 44.779 -52.4989
9.31854 28.0004 107.217 -7.05797e-07 44.783 -52.5628
9.31052 27.9929 107.22 -7.05146e-07 44.787 -52.6268
9.30251 27.9855 107.224 -7.04495e-07 44.7909 -52.6908
9.29449 27.978 107.227 -7.03843e-07 44.7949 -52.7548
9.28647 27.9706 107.231 -7.03192e-07 44.7989 -52.8187
9.27845 27.9631 107.234 -7.02541e-07 44.8029 -52.8827
9.27043 27.9556 107.237 -7.0189e-07 44.8069 -52.9467
9.26241 27.9482 107.241 -7.01239e-07 44.8109 -53.0106
9.25439 27.9407 107.244 -7.00588e-07 44.8149 -53.0746
9.24637 27.9333 107.248 -6.99937e-07 44.8189 -53.1386
9.23835 27.9258 107.251 -6.99285e-07 44.8229 -53.2025
9.23032 27.9184 107.255 -6.98634e-07 44.8269 -53.2665
9.2223 27.9109 107.258 -6.97983e-07 44.8309 -53.3305
9.21427 27.9035 107.262 -6.97332e-07 44.8349 -53.3944
9.20625 27.896 107.265 -6.96681e-07 44.8389 -53.4584
9.19822 27.8886 107.268 -6.96029e-07 44.8429 -53.5224
9.19019 27.8811 107.272 -6.95378e-07 44.847 -53.5864
9.18216 27.8737 107.275 -6.94727e-07 44.851 -53.6503
9.17413 27.8662 107.279 -6.94076e-07 44.855 -53.7143
9.1661 27.8588 107.282 -6.93424e-07 44.859 -53.7783
9.15807 27.8514 107.286 -6.92773e-07 44.863 -53.8422
9.15004 27.8439 107.289 -6.92122e-07 44.867 -53.9062
9.142 27.8365 107.292 -6.91471e-07 44.871 -53.9702
9.13397 27.829 107.296 -6.9082e-07 44.8751 -54.0341
9.12593 27.8216 107.299 -6.90168e-07 44.8791 -54.0981
9.1179 27.8142 107.303 -6.89517e-07 44.8831 -54.1621
9.10986 27.8067 107.306 -6.88866e-07 44.8871 -54.2261
9.10182 27.7993 107.31 -6.88215e-07 44.8912 -54.29
9.09378 27.7918 107.313 -6.87563e-07 44.8952 -54.354
9.08574 27.7844 107.316 -6.86912e-07 44.8992 -54.418
9.0777 27.777 107.32 -6.86261e-07 44.9033 -54.4819
9.06966 27.7695 107.323 -6.85609e-07 44.9073 -54.5459
9.06162 27.7621 107.327 -6.84958e-07 44.9113 -54.6099
9.05358 27.7547 107.33 -6.84307e-07 44.9154 -54.6738
9.04553 27.7473 107.333 -6.83656e-07 44.9194 -54.7378
9.03749 27.7398 107.337 -6.83004e-07 44.9234 -54.8018
9.02944 27.7324 107.34 -6.82353e-07 44.9275 -54.8658
9.02139 27.725 107.343 -6.81702e-07 44.9315 -54.9297
9.01335 27.7175 107.347 -6.8105e-07 44.9356 -54.9937
9.0053 27.7101 107.35 -6.80399e-07 44.9396 -55.0577
8.99725 27.7027 107.354 -6.79748e-07 44.9437 -55.1216
8.9892 27.6953 107.357 -6.79097e-07 44.9477 -55.1856
8.98115 27.6879 107.36 -6.78445e-07 44.9518 -55.2496
8.97309 27.6804 107.364 -6.77794e-07 44.9558 -55.3135
8.96504 27.673 107.367 -6.77143e-07 44.9599 -55.3775
8.95699 27.6656 107.37 -6.76491e-07 44.9639 -55.4415
8.94893 27.6582 107.374 -6.7584e-07 44.968 -55.5055
8.94088 27.6508 107.377 -6.75189e-07 44.9721 -55.5694
8.93282 27.6433 107.381 -6.74537e-07 44.9761 -55.6334
8.92476 27.6359 107.384 -6.73886e-07 44.9802 -55.6974
8.9167 27.6285 107.387 -6.73235e-07 44.9842 -55.7613
8.90864 27.6211 107.391 -6.72583e-07 44.9883 -55.8253
8.90058 27.6137 107.394 -6.71932e-07 44.9924 -55.8893
8.89252 27.6063 107.397 -6.71281e-07 44.9964 -55.9532
8.88446 27.5989 107.401 -6.70629e-07 45.0005 -56.0172
8.8764 27.5915 107.404 -6.69978e-07 45.0046 -56.0812
8.86833 27.5841 107.407 -6.69327e-07 45.0087 -56.1452
8.86027 27.5767 107.411 -6.68675e-07 45.0127 -56.2091
8.8522 27.5692 107.414 -6.68024e-07 45.0168 -56.2731
8.84414 27.5618 107.417 -6.67373e-07 45.0209 -56.3371
8.83607 27.5544 107.421 -6.66721e-07 45.025 -56.401
8.828 27.547 107.424 -6.6607e-07 45.029 -56.465
8.81993 27.5396 107.427 -6.65418e-07 45.0331 -56.529
8.81186 27.5322 107.431 -6.64767e-07 45.0372 -56.5929
8.80379 27.5248 107.434 -6.64116e-07 45.0413 -56.6569
8.79572 27.5174 107.437 -6.63464e-07 45.0454 -56.7209
8.78765 27.51 107.44 -6.62813e-07 45.0495 -56.7849
8.77957 27.5026 107.444 -6.62162e-07 45.0536 -56.8488
8.7715 27.4952 107.447 -6.6151e-07 45.0576 -56.9128
8.76342 27.4879 107.45 -6.60859e-07 45.0617 -56.9768
8.75535 27.4805 107.454 -6.60208e-07 45.0658 -57.0407
8.74727 27.4731 107.457 -6.59556e-07 45.0699 -57.1047
8.73919 27.4657 107.46 -6.58905e-07 45.074 -57.1687
8.73111 27.4583 107.464 -6.58254e-07 45.0781 -57.2326
8.72303 27.4509 107.467 -6.57602e-07 45.0822 -57.2966
8.71495 27.4435 107.47 -6.56951e-07 45.0863 -57.3606
8.70687 27.4361 107.473 -6.56299e-07 45.0904 -57.4245
8.69879 27.4287 107.477 -6.55648e-07 45.0945 -57.4885
8.69071 27.4213 107.48 -6.54997e-07 45.0987 -57.5525
8.68262 27.414 107.483 -6.54345e-07 45.1028 -57.6165
8.67454 27.4066 107.487 -6.53694e-07 45.1069 -57.6804
8.66645 27.3992 107.49 -6.53043e-07 45.111 -57.7444
8.65836 27.3918 107.493 -6.52391e-07 45.1151 -57.8084
8.65028 27.3844 107.496 -6.5174e-07 45.1192 -57.8723
8.64219 27.377 107.5 -6.51088e-07 45.1233 -57.9363
8.6341 27.3697 107.503 -6.50437e-07 45.1274 -58.0003
8.62601 27.3623 107.506 -6.49786e-07 45.1316 -58.0642
8.61792 27.3549 107.509 -6.49134e-07 45.1357 -58.1282
8.60983 27.3475 107.513 -6.48483e-07 45.1398 -58.1922
8.60173 27.3402 107.516 -6.47832e-07 45.1439 -58.2562
8.59364 27.3328 107.519 -6.4718e-07 45.1481 -58.3201
8.58554 27.3254 107.522 -6.46529e-07 45.1522 -58.3841
8.57745 27.318 107.526 -6.45878e-07 45.1563 -58.4481
8.56935 27.3107 107.529 -6.45226e-07 45.1604 -58.512
8.56125 27.3033 107.532 -6.44575e-07 45.1646 -58.576
8.55316 27.2959 107.535 -6.43923e-07 45.1687 -58.64
8.54506 27.2886 107.539 -6.43272e-07 45.1728 -58.7039
8.53696 27.2812 107.542 -6.42621e-07 45.177 -58.7679
8.52886 27.2738 107.545 -6.41969e-07 45.1811 -58.8319
8.52075 27.2665 107.548 -6.41318e-07 45.1853 -58.8959
8.51265 27.2591 107.551 -6.40667e-07 45.1894 -58.9598
8.50455 27.2517 107.555 -6.40015e-07 45.1935 -59.0238
8.49644 27.2444 107.558 -6.39364e-07 45.1977 -59.0878
8.48834 27.237 107.561 -6.38713e-07 45.2018 -59.1517
8.48023 27.2297 107.564 -6.38061e-07 45.206 -59.2157
8.47213 27.2223 107.568 -6.3741e-07 45.2101 -59.2797
8.46402 27.2149 107.571 -6.36759e-07 45.2143 -59.3436
8.45591 27.2076 107.574 -6.36107e-07 45.2184 -59.4076
8.4478 27.2002 107.577 -6.35456e-07 45.2226 -59.4716
8.43969 27.1929 107.58 -6.34805e-07 45.2267 -59.5356
8.43158 27.1855 107.584 -6.34153e-07 45.2309 -59.5995
8.42347 27.1782 107.587 -6.33502e-07 45.2351 -59.6635
8.41535 27.1708 107.59 -6.3285e-07 45.2392 -59.7275
8.40724 27.1635 107.593 -6.32199e-07 45.2434 -59.7914
8.39912 27.1561 107.596 -6.31548e-07 45.2475 -59.8554
8.39101 27.1488 107.6 -6.30896e-07 45.2517 -59.9194
8.38289 27.1414 107.603 -6.30245e-07 45.2559 -59.9833
8.37477 27.1341 107.606 -6.29594e-07 45.26 -60.0473
8.36665 27.1267 107.609 -6.28943e-07 45.2642 -60.1113
8.35854 27.1194 107.612 -6.28291e-07 45.2684 -60.1753
8.35042 27.112 107.615 -6.2764e-07 45.2725 -60.2392
8.34229 27.1047 107.619 -6.26989e-07 45.2767 -60.3032
8.33417 27.0974 107.622 -6.26337e-07 45.2809 -60.3672
8.32605 27.09 107.625 -6.25686e-07 45.2851 -60.4311
8.31793 27.0827 107.628 -6.25035e-07 45.2893 -60.4951
8.3098 27.0753 107.631 -6.24383e-07 45.2934 -60.5591
8.30168 27.068 107.634 -6.23732e-07 45.2976 -60.623
8.29355 27.0607 107.638 -6.23081e-07 45.3018 -60.687
8.28542 27.0533 107.641 -6.22429e-07 45.306 -60.751
8.27729 27.046 107.644 -6.21778e-07 45.3102 -60.815
8.26917 27.0387 107.647 -6.21127e-07 45.3144 -60.8789
8.26104 27.0313 107.65 -6.20476e-07 45.3185 -60.9429
8.25291 27.024 107.653 -6.19824e-07 45.3227 -61.0069
8.24477 27.0167 107.656 -6.19173e-07 45.3269 -61.0708
8.23664 27.0093 107.66 -6.18522e-07 45.3311 -61.1348
8.22851 27.002 107.663 -6.17871e-07 45.3353 -61.1988
8.22037 26.9947 107.666 -6.17219e-07 45.3395 -61.2627
8.21224 26.9874 107.669 -6.16568e-07 45.3437 -61.3267
8.2041 26.98 107.672 -6.15917e-07 45.3479 -61.3907
8.19597 26.9727 107.675 -6.15265e-07 45.3521 -61.4546
8.18783 26.9654 107.678 -6.14614e-07 45.3563 -61.5186
8.17969 26.9581 107.681 -6.13963e-07 45.3605 -61.5826
8.17155 26.9508 107.685 -6.13312e-07 45.3647 -61.6466
8.16341 26.9434 107.688 -6.12661e-07 45.3689 -61.7105
8.15527 26.9361 107.691 -6.12009e-07 45.3731 -61.7745
8.14713 26.9288 107.694 -6.11358e-07 45.3773 -61.8385
8.13898 26.9215 107.697 -6.10707e-07 45.3816 -61.9024
8.13084 26.9142 107.7 -6.10056e-07 45.3858 -61.9664
8.1227 26.9068 107.703 -6.09404e-07 45.39 -62.0304
8.11455 26.8995 107.706 -6.08753e-07 45.3942 -62.0943
8.1064 26.8922 107.709 -6.08102e-07 45.3984 -62.1583
8.09826 26.8849 107.712 -6.07451e-07 45.4026 -62.2223
8.09011 26.8776 107.716 -6.068e-07 45.4069 -62.2863
8.08196 26.8703 107.719 -6.06148e-07 45.4111 -62.3502
8.07381 26.863 107.722 -6.05497e-07 45.4153 -62.4142
8.06566 26.8557 107.725 -6.04846e-07 45.4195 -62.4782
8.05751 26.8484 107.728 -6.04195e-07 45.4238 -62.5421
8.04936 26.8411 107.731 -6.03544e-07 45.428 -62.6061
8.0412 26.8338 107.734 -6.02893e-07 45.4322 -62.6701
8.03305 26.8265 107.737 -6.02241e-07 45.4364 -62.734
8.02489 26.8192 107.74 -6.0159e-07 45.4407 -62.798
8.01674 26.8119 107.743 -6.00939e-07 45.4449 -62.862
8.00858 26.8046 107.746 -6.00288e-07 45.4491 -62.926
8.00042 26.7973 107.749 -5.99637e-07 45.4534 -62.9899
7.99226 26.79 107.752 -5.98986e-07 45.4576 -63.0539
7.98411 26.7827 107.755 -5.98335e-07 45.4619 -63.1179
7.97595 26.7754 107.759 -5.97683e-07 45.4661 -63.1818
7.96778 26.7681 107.762 -5.97032e-07 45.4703 -63.2458
7.95962 26.7608 107.765 -5.96381e-07 45.4746 -63.3098
7.95146 26.7535 107.768 -5.9573e-07 45.4788 -63.3737
7.9433 26.7462 107.771 -5.95079e-07 45.4831 -63.4377
7.93513 26.7389 107.774 -5.94428e-07 45.4873 -63.5017
7.92697 26.7316 107.777 -5.93777e-07 45.4916 -63.5657
7.9188 26.7243 107.78 -5.93126e-07 45.4958 -63.6296
7.91063 26.717 107.783 -5.92475e-07 45.5001 -63.6936
7.90246 26.7097 107.786 -5.91824e-07 45.5044 -63.7576
7.8943 26.7025 107.789 -5.91173e-07 45.5086 -63.8215
7.88613 26.6952 107.792 -5.90522e-07 45.5129 -63.8855
7.87796 26.6879 107.795 -5.89871e-07 45.5171 -63.9495
7.86978 26.6806 107.798 -5.8922e-07 45.5214 -64.0134
7.86161 26.6733 107.801 -5.88569e-07 45.5257 -64.0774
7.85344 26.666 107.804 -5.87917e-07 45.5299 -64.1414
7.84526 26.6588 107.807 -5.87266e-07 45.5342 -64.2054
7.83709 26.6515 107.81 -5.86615e-07 45.5385 -64.2693
7.82891 26.6442 107.813 -5.85964e-07 45.5427 -64.3333
7.82074 26.6369 107.816 -5.85313e-07 45.547 -64.3973
7.81256 26.6297 107.819 -5.84663e-07 45.5513 -64.4612
7.80438 26.6224 107.822 -5.84012e-07 45.5555 -64.5252
7.7962 26.6151 107.825 -5.83361e-07 45.5598 -64.5892
7.78802 26.6078 107.828 -5.8271e-07 45.5641 -64.6531
7.77984 26.6006 107.831 -5.82059e-07 45.5684 -64.7171
7.77166 26.5933 107.834 -5.81408e-07 45.5726 -64.7811
7.76348 26.586 107.837 -5.80757e-07 45.5769 -64.8451
7.75529 26.5788 107.84 -5.80106e-07 45.5812 -64.909
7.74711 26.5715 107.843 -5.79455e-07 45.5855 -64.973
7.73892 26.5642 107.846 -5.78804e-07 45.5898 -65.037
7.73074 26.557 107.849 -5.78153e-07 45.5941 -65.1009
7.72255 26.5497 107.852 -5.77502e-07 45.5984 -65.1649
7.71436 26.5424 107.855 -5.76851e-07 45.6026 -65.2289
7.70617 26.5352 107.858 -5.762e-07 45.6069 -65.2928
7.69798 26.5279 107.861 -5.7555e-07 45.6112 -65.3568
7.68979 26.5207 107.864 -5.74899e-07 45.6155 -65.4208
7.6816 26.5134 107.867 -5.74248e-07 45.6198 -65.4847
7.67341 26.5062 107.87 -5.73597e-07 45.6241 -65.5487
7.66522 26.4989 107.873 -5.72946e-07 45.6284 -65.6127
7.65702 26.4916 107.876 -5.72295e-07 45.6327 -65.6767
7.64883 26.4844 107.879 -5.71644e-07 45.637 -65.7406
7.64063 26.4771 107.882 -5.70994e-07 45.6413 -65.8046
7.63244 26.4699 107.884 -5.70343e-07 45.6456 -65.8686
7.62424 26.4626 107.887 -5.69692e-07 45.6499 -65.9325
7.61604 26.4554 107.89 -5.69041e-07 45.6542 -65.9965
7.60784 26.4481 107.893 -5.6839e-07 45.6586 -66.0605
7.59964 26.4409 107.896 -5.6774e-07 45.6629 -66.1244
7.59144 26.4336 107.899 -5.67089e-07 45.6672 -66.1884
7.58324 26.4264 107.902 -5.66438e-07 45.6715 -66.2524
7.57504 26.4192 107.905 -5.65787e-07 45.6758 -66.3164
7.56683 26.4119 107.908 -5.65137e-07 45.6801 -66.3803
7.55863 26.4047 107.911 -5.64486e-07 45.6844 -66.4443
7.55043 26.3974 107.914 -5.63835e-07 45.6888 -66.5083
7.54222 26.3902 107.917 -5.63185e-07 45.6931 -66.5722
7.53401 26.3829 107.92 -5.62534e-07 45.6974 -66.6362
7.5258 26.3757 107.923 -5.61883e-07 45.7017 -66.7002
7.5176 26.3685 107.925 -5.61233e-07 45.7061 -66.7641
7.50939 26.3612 107.928 -5.60582e-07 45.7104 -66.8281
7.50118 26.354 107.931 -5.59931e-07 45.7147 -66.8921
7.49297 26.3468 107.934 -5.59281e-07 45.719 -66.9561
7.48475 26.3395 107.937 -5.5863e-07 45.7234 -67.02
7.47654 26.3323 107.94 -5.57979e-07 45.7277 -67.084
7.46833 26.3251 107.943 -5.57329e-07 45.7321 -67.148
7.46011 26.3178 107.946 -5.56678e-07 45.7364 -67.2119
7.4519 26.3106 107.949 -5.56028e-07 45.7407 -67.2759
7.44368 26.3034 107.952 -5.55377e-07 45.7451 -67.3399
7.43547 26.2962 107.954 -5.54726e-07 45.7494 -67.4038
7.42725 26.2889 107.957 -5.54076e-07 45.7537 -67.4678
7.41903 26.2817 107.96 -5.53425e-07 45.7581 -67.5318
7.41081 26.2745 107.963 -5.52775e-07 45.7624 -67.5958
7.40259 26.2673 107.966 -5.52124e-07 45.7668 -67.6597
7.39437 26.2601 107.969 -5.51474e-07 45.7711 -67.7237
7.38615 26.2528 107.972 -5.50823e-07 45.7755 -67.7877
7.37792 26.2456 107.975 -5.50173e-07 45.7798 -67.8516
7.3697 26.2384 107.977 -5.49522e-07 45.7842 -67.9156
7.36147 26.2312 107.98 -5.48872e-07 45.7885 -67.9796
7.35325 26.224 107.983 -5.48221e-07 45.7929 -68.0435
7.34502 26.2168 107.986 -5.47571e-07 45.7973 -68.1075
7.3368 26.2095 107.989 -5.4692e-07 45.8016 -68.1715
7.32857 26.2023 107.992 -5.4627e-07 45.806 -68.2355
7.32034 26.1951 107.995 -5.45619e-07 45.8103 -68.2994
7.31211 26.1879 107.997 -5.44969e-07 45.8147 -68.3634
7.30388 26.1807 108 -5.44319e-07 45.8191 -68.4274
7.29565 26.1735 108.003 -5.43668e-07 45.8234 -68.4913
7.28741 26.1663 108.006 -5.43018e-07 45.8278 -68.5553
7.27918 26.1591 108.009 -5.42368e-07 45.8322 -68.6193
7.27095 26.1519 108.012 -5.41717e-07 45.8365 -68.6832
7.26271 26.1447 108.014 -5.41067e-07 45.8409 -68.7472
7.25448 26.1375 108.017 -5.40417e-07 45.8453 -68.8112
7.24624 26.1303 108.02 -5.39766e-07 45.8497 -68.8752
7.238 26.1231 108.023 -5.39116e-07 45.854 -68.9391
7.22976 26.1159 108.026 -5.38466e-07 45.8584 -69.0031
7.22153 26.1087 108.029 -5.37815e-07 45.8628 -69.0671
7.21329 26.1015 108.031 -5.37165e-07 45.8672 -69.131
7.20504 26.0943 108.034 -5.36515e-07 45.8716 -69.195
7.1968 26.0871 108.037 -5.35865e-07 45.8759 -69.259
7.18856 26.0799 108.04 -5.35214e-07 45.8803 -69.3229
7.18032 26.0727 108.043 -5.34564e-07 45.8847 -69.3869
7.17207 26.0655 108.045 -5.33914e-07 45.8891 -69.4509
7.16383 26.0583 108.048 -5.33264e-07 45.8935 -69.5148
7.15558 26.0511 108.051 -5.32614e-07 45.8979 -69.5788
7.14734 26.0439 108.054 -5.31963e-07 45.9023 -69.6428
7.13909 26.0368 108.057 -5.31313e-07 45.9067 -69.7068
7.13084 26.0296 108.059 -5.30663e-07 45.9111 -69.7707
7.12259 26.0224 108.062 -5.30013e-07 45.9155 -69.8347
7.11434 26.0152 108.065 -5.29363e-07 45.9199 -69.8987
7.10609 26.008 108.068 -5.28713e-07 45.9243 -69.9626
7.09784 26.0008 108.07 -5.28063e-07 45.9287 -70.0266
7.08958 25.9937 108.073 -5.27413e-07 45.9331 -70.0906
7.08133 25.9865 108.076 -5.26763e-07 45.9375 -70.1545
7.07308 25.9793 108.079 -5.26112e-07 45.9419 -70.2185
7.06482 25.9721 108.082 -5.25462e-07 45.9463 -70.2825
7.05657 25.965 108.084 -5.24812e-07 45.9507 -70.3465
7.04831 25.9578 108.087 -5.24162e-07 45.9551 -70.4104
7.04005 25.9506 108.09 -5.23512e-07 45.9595 -70.4744
7.03179 25.9434 108.093 -5.22862e-07 45.9639 -70.5384
7.02353 25.9363 108.095 -5.22213e-07 45.9683 -70.6023
7.01527 25.9291 108.098 -5.21563e-07 45.9728 -70.6663
7.00701 25.9219 108.101 -5.20913e-07 45.9772 -70.7303
6.99875 25.9148 108.104 -5.20263e-07 45.9816 -70.7942
6.99049 25.9076 108.106 -5.19613e-07 45.986 -70.8582
6.98222 25.9004 108.109 -5.18963e-07 45.9904 -70.9222
6.97396 25.8933 108.112 -5.18313e-07 45.9949 -70.9862
6.96569 25.8861 108.115 -5.17663e-07 45.9993 -71.0501
6.95743 25.8789 108.117 -5.17013e-07 46.0037 -71.1141
6.94916 25.8718 108.12 -5.16363e-07 46.0081 -71.1781
6.94089 25.8646 108.123 -5.15714e-07 46.0126 -71.242
6.93263 25.8574 108.126 -5.15064e-07 46.017 -71.306
6.92436 25.8503 108.128 -5.14414e-07 46.0214 -71.37
6.91609 25.8431 108.131 -5.13764e-07 46.0259 -71.4339
6.90781 25.836 108.134 -5.13114e-07 46.0303 -71.4979
6.89954 25.8288 108.136 -5.12465e-07 46.0347 -71.5619
6.89127 25.8217 108.139 -5.11815e-07 46.0392 -71.6259
6.883 25.8145 108.142 -5.11165e-07 46.0436 -71.6898
6.87472 25.8074 108.145 -5.10516e-07 46.0481 -71.7538
6.86645 25.8002 108.147 -5.09866e-07 46.0525 -71.8178
6.85817 25.7931 108.15 -5.09216e-07 46.057 -71.8817
6.84989 25.7859 108.153 -5.08567e-07 46.0614 -71.9457
6.84161 25.7788 108.155 -5.07917e-07 46.0658 -72.0097
6.83334 25.7716 108.158 -5.07267e-07 46.0703 -72.0736
6.82506 25.7645 108.161 -5.06618e-07 46.0747 -72.1376
6.81678 25.7573 108.163 -5.05968e-07 46.0792 -72.2016
6.8085 25.7502 108.166 -5.05318e-07 46.0836 -72.2656
6.80021 25.7431 108.169 -5.04669e-07 46.0881 -72.3295
6.79193 25.7359 108.172 -5.04019e-07 46.0926 -72.3935
6.78365 25.7288 108.174 -5.0337e-07 46.097 -72.4575
6.77536 25.7216 108.177 -5.0272e-07 46.1015 -72.5214
6.76708 25.7145 108.18 -5.02071e-07 46.1059 -72.5854
6.75879 25.7074 108.182 -5.01421e-07 46.1104 -72.6494
6.7505 25.7002 108.185 -5.00772e-07 46.1149 -72.7133
6.74222 25.6931 108.188 -5.00122e-07 46.1193 -72.7773
6.73393 25.686 108.19 -4.99473e-07 46.1238 -72.8413
6.72564 25.6788 108.193 -4.98823e-07 46.1283 -72.9053
6.71735 25.6717 108.196 -4.98174e-07 46.1327 -72.9692
6.70906 25.6646 108.198 -4.97525e-07 46.1372 -73.0332
6.70076 25.6575 108.201 -4.96875e-07 46.1417 -73.0972
6.69247 25.6503 108.204 -4.96226e-07 46.1461 -73.1611
6.68418 25.6432 108.206 -4.95577e-07 46.1506 -73.2251
6.67588 25.6361 108.209 -4.94927e-07 46.1551 -73.2891
6.66759 25.629 108.211 -4.94278e-07 46.1596 -73.353
6.65929 25.6218 108.214 -4.93629e-07 46.1641 -73.417
6.65099 25.6147 108.217 -4.92979e-07 46.1685 -73.481
6.6427 25.6076 108.219 -4.9233e-07 46.173 -73.5449
6.6344 25.6005 108.222 -4.91681e-07 46.1775 -73.6089
6.6261 25.5934 108.225 -4.91032e-07 46.182 -73.6729
6.6178 25.5862 108.227 -4.90382e-07 46.1865 -73.7369
6.6095 25.5791 108.23 -4.89733e-07 46.191 -73.8008
6.60119 25.572 108.233 -4.89084e-07 46.1954 -73.8648
6.59289 25.5649 108.235 -4.88435e-07 46.1999 -73.9288
6.58459 25.5578 108.238 -4.87786e-07 46.2044 -73.9927
6.57628 25.5507 108.24 -4.87137e-07 46.2089 -74.0567
6.56798 25.5436 108.243 -4.86488e-07 46.2134 -74.1207
6.55967 25.5365 108.246 -4.85838e-07 46.2179 -74.1846
6.55136 25.5293 108.248 -4.85189e-07 46.2224 -74.2486
6.54306 25.5222 108.251 -4.8454e-07 46.2269 -74.3126
6.53475 25.5151 108.253 -4.83891e-07 46.2314 -74.3766
6.52644 25.508 108.256 -4.83242e-07 46.2359 -74.4405
6.51813 25.5009 108.259 -4.82593e-07 46.2404 -74.5045
6.50982 25.4938 108.261 -4.81944e-07 46.2449 -74.5685
6.5015 25.4867 108.264 -4.81295e-07 46.2494 -74.6324
6.49319 25.4796 108.266 -4.80646e-07 46.2539 -74.6964
6.48488 25.4725 108.269 -4.79997e-07 46.2584 -74.7604
6.47656 25.4654 108.272 -4.79349e-07 46.263 -74.8243
6.46825 25.4583 108.274 -4.787e-07 46.2675 -74.8883
6.45993 25.4512 108.277 -4.78051e-07 46.272 -74.9523
6.45161 25.4441 108.279 -4.77402e-07 46.2765 -75.0163
6.4433 25.4371 108.282 -4.76753e-07 46.281 -75.0802
6.43498 25.43 108.285 -4.76104e-07 46.2855 -75.1442
6.42666 25.4229 108.287 -4.75455e-07 46.2901 -75.2082
6.41834 25.4158 108.29 -4.74807e-07 46.2946 -75.2721
6.41002 25.4087 108.292 -4.74158e-07 46.2991 -75.3361
6.4017 25.4016 108.295 -4.73509e-07 46.3036 -75.4001
6.39337 25.3945 108.297 -4.7286e-07 46.3081 -75.464
6.38505 25.3874 108.3 -4.72212e-07 46.3127 -75.528
6.37672 25.3804 108.302 -4.71563e-07 46.3172 -75.592
6.3684 25.3733 108.305 -4.70914e-07 46.3217 -75.656
6.36007 25.3662 108.308 -4.70266e-07 46.3263 -75.7199
6.35175 25.3591 108.31 -4.69617e-07 46.3308 -75.7839
6.34342 25.352 108.313 -4.68968e-07 46.3353 -75.8479
6.33509 25.345 108.315 -4.6832e-07 46.3399 -75.9118
6.32676 25.3379 108.318 -4.67671e-07 46.3444 -75.9758
6.31843 25.3308 108.32 -4.67023e-07 46.3489 -76.0398
6.3101 25.3237 108.323 -4.66374e-07 46.3535 -76.1037
6.30177 25.3167 108.325 -4.65726e-07 46.358 -76.1677
6.29343 25.3096 108.328 -4.65077e-07 46.3626 -76.2317
6.2851 25.3025 108.33 -4.64429e-07 46.3671 -76.2957
6.27677 25.2954 108.333 -4.6378e-07 46.3716 -76.3596
6.26843 25.2884 108.335 -4.63132e-07 46.3762 -76.4236
6.2601 25.2813 108.338 -4.62483e-07 46.3807 -76.4876
6.25176 25.2742 108.34 -4.61835e-07 46.3853 -76.5515
6.24342 25.2672 108.343 -4.61187e-07 46.3898 -76.6155
6.23508 25.2601 108.345 -4.60538e-07 46.3944 -76.6795
6.22674 25.2531 108.348 -4.5989e-07 46.3989 -76.7434
6.2184 25.246 108.351 -4.59242e-07 46.4035 -76.8074
6.21006 25.2389 108.353 -4.58593e-07 46.4081 -76.8714
6.20172 25.2319 108.356 -4.57945e-07 46.4126 -76.9354
6.19338 25.2248 108.358 -4.57297e-07 46.4172 -76.9993
6.18504 25.2178 108.361 -4.56648e-07 46.4217 -77.0633
6.17669 25.2107 108.363 -4.56e-07 46.4263 -77.1273
6.16835 25.2036 108.365 -4.55352e-07 46.4309 -77.1912
6.16 25.1966 108.368 -4.54704e-07 46.4354 -77.2552
6.15165 25.1895 108.37 -4.54056e-07 46.44 -77.3192
6.14331 25.1825 108.373 -4.53408e-07 46.4446 -77.3831
6.13496 25.1754 108.375 -4.52759e-07 46.4491 -77.4471
6.12661 25.1684 108.378 -4.52111e-07 46.4537 -77.5111
6.11826 25.1613 108.38 -4.51463e-07 46.4583 -77.575
6.10991 25.1543 108.383 -4.50815e-07 46.4628 -77.639
6.10156 25.1473 108.385 -4.50167e-07 46.4674 -77.703
6.0932 25.1402 108.388 -4.49519e-07 46.472 -77.767
6.08485 25.1332 108.39 -4.48871e-07 46.4766 -77.8309
6.0765 25.1261 108.393 -4.48223e-07 46.4812 -77.8949
6.06814 25.1191 108.395 -4.47575e-07 46.4857 -77.9589
6.05979 25.112 108.398 -4.46927e-07 46.4903 -78.0228
6.05143 25.105 108.4 -4.46279e-07 46.4949 -78.0868
6.04307 25.098 108.403 -4.45632e-07 46.4995 -78.1508
6.03472 25.0909 108.405 -4.44984e-07 46.5041 -78.2147
6.02636 25.0839 108.407 -4.44336e-07 46.5087 -78.2787
6.018 25.0769 108.41 -4.43688e-07 46.5133 -78.3427
6.00964 25.0698 108.412 -4.4304e-07 46.5178 -78.4067
6.00127 25.0628 108.415 -4.42392e-07 46.5224 -78.4706
5.99291 25.0558 108.417 -4.41745e-07 46.527 -78.5346
5.98455 25.0487 108.42 -4.41097e-07 46.5316 -78.5986
5.97619 25.0417 108.422 -4.40449e-07 46.5362 -78.6625
5.96782 25.0347 108.424 -4.39802e-07 46.5408 -78.7265
5.95946 25.0277 108.427 -4.39154e-07 46.5454 -78.7905
5.95109 25.0206 108.429 -4.38506e-07 46.55 -78.8544
5.94272 25.0136 108.432 -4.37859e-07 46.5546 -78.9184
5.93435 25.0066 108.434 -4.37211e-07 46.5592 -78.9824
5.92599 24.9996 108.437 -4.36563e-07 46.5638 -79.0464
5.91762 24.9926 108.439 -4.35916e-07 46.5684 -79.1103
5.90925 24.9855 108.441 -4.35268e-07 46.573 -79.1743
5.90088 24.9785 108.444 -4.34621e-07 46.5776 -79.2383
5.8925 24.9715 108.446 -4.33973e-07 46.5823 -79.3022
5.88413 24.9645 108.449 -4.33326e-07 46.5869 -79.3662
5.87576 24.9575 108.451 -4.32678e-07 46.5915 -79.4302
5.86738 24.9505 108.453 -4.32031e-07 46.5961 -79.4941
5.85901 24.9435 108.456 -4.31384e-07 46.6007 -79.5581
5.85063 24.9364 108.458 -4.30736e-07 46.6053 -79.6221
5.84225 24.9294 108.461 -4.30089e-07 46.61 -79.6861
5.83388 24.9224 108.463 -4.29441e-07 46.6146 -79.75
5.8255 24.9154 108.465 -4.28794e-07 46.6192 -79.814
5.81712 24.9084 108.468 -4.28147e-07 46.6238 -79.878
5.80874 24.9014 108.47 -4.275e-07 46.6284 -79.9419
5.80036 24.8944 108.473 -4.26852e-07 46.6331 -80.0059
5.79198 24.8874 108.475 -4.26205e-07 46.6377 -80.0699
5.78359 24.8804 108.477 -4.25558e-07 46.6423 -80.1338
5.77521 24.8734 108.48 -4.24911e-07 46.647 -80.1978
5.76683 24.8664 108.482 -4.24264e-07 46.6516 -80.2618
5.75844 24.8594 108.484 -4.23617e-07 46.6562 -80.3258
5.75006 24.8524 108.487 -4.22969e-07 46.6609 -80.3897
5.74167 24.8454 108.489 -4.22322e-07 46.6655 -80.4537
5.73328 24.8384 108.491 -4.21675e-07 46.6701 -80.5177
5.72489 24.8314 108.494 -4.21028e-07 46.6748 -80.5816
5.71651 24.8244 108.496 -4.20381e-07 46.6794 -80.6456
5.70812 24.8175 108.498 -4.19734e-07 46.684 -80.7096
5.69973 24.8105 108.501 -4.19087e-07 46.6887 -80.7735
5.69133 24.8035 108.503 -4.1844e-07 46.6933 -80.8375
5.68294 24.7965 108.506 -4.17793e-07 46.698 -80.9015
5.67455 24.7895 108.508 -4.17147e-07 46.7026 -80.9655
5.66616 24.7825 108.51 -4.165e-07 46.7073 -81.0294
5.65776 24.7755 108.513 -4.15853e-07 46.7119 -81.0934
5.64937 24.7686 108.515 -4.15206e-07 46.7166 -81.1574
5.64097 24.7616 108.517 -4.14559e-07 46.7212 -81.2213
5.63257 24.7546 108.52 -4.13913e-07 46.7259 -81.2853
5.62417 24.7476 108.522 -4.13266e-07 46.7305 -81.3493
5.61578 24.7407 108.524 -4.12619e-07 46.7352 -81.4132
5.60738 24.7337 108.526 -4.11972e-07 46.7398 -81.4772
5.59898 24.7267 108.529 -4.11326e-07 46.7445 -81.5412
5.59058 24.7197 108.531 -4.10679e-07 46.7492 -81.6051
5.58217 24.7128 108.533 -4.10032e-07 46.7538 -81.6691
5.57377 24.7058 108.536 -4.09386e-07 46.7585 -81.7331
5.56537 24.6988 108.538 -4.08739e-07 46.7632 -81.7971
5.55696 24.6918 108.54 -4.08093e-07 46.7678 -81.861
5.54856 24.6849 108.543 -4.07446e-07 46.7725 -81.925
5.54015 24.6779 108.545 -4.068e-07 46.7772 -81.989
5.53175 24.671 108.547 -4.06153e-07 46.7818 -82.0529
5.52334 24.664 108.55 -4.05507e-07 46.7865 -82.1169
5.51493 24.657 108.552 -4.0486e-07 46.7912 -82.1809
5.50652 24.6501 108.554 -4.04214e-07 46.7959 -82.2448
5.49811 24.6431 108.556 -4.03568e-07 46.8005 -82.3088
5.4897 24.6361 108.559 -4.02921e-07 46.8052 -82.3728
5.48129 24.6292 108.561 -4.02275e-07 46.8099 -82.4368
5.47288 24.6222 108.563 -4.01629e-07 46.8146 -82.5007
5.46446 24.6153 108.565 -4.00982e-07 46.8192 -82.5647
5.45605 24.6083 108.568 -4.00336e-07 46.8239 -82.6287
5.44764 24.6014 108.57 -3.9969e-07 46.8286 -82.6926
5.43922 24.5944 108.572 -3.99044e-07 46.8333 -82.7566
5.4308 24.5875 108.575 -3.98398e-07 46.838 -82.8206
5.42239 24.5805 108.577 -3.97751e-07 46.8427 -82.8845
5.41397 24.5736 108.579 -3.97105e-07 46.8474 -82.9485
5.40555 24.5666 108.581 -3.96459e-07 46.8521 -83.0125
5.39713 24.5597 108.584 -3.95813e-07 46.8567 -83.0765
5.38871 24.5527 108.586 -3.95167e-07 46.8614 -83.1404
5.38029 24.5458 108.588 -3.94521e-07 46.8661 -83.2044
5.37187 24.5389 108.59 -3.93875e-07 46.8708 -83.2684
5.36345 24.5319 108.593 -3.93229e-07 46.8755 -83.3323
5.35502 24.525 108.595 -3.92583e-07 46.8802 -83.3963
5.3466 24.518 108.597 -3.91937e-07 46.8849 -83.4603
5.33817 24.5111 108.599 -3.91292e-07 46.8896 -83.5242
5.32975 24.5042 108.601 -3.90646e-07 46.8943 -83.5882
5.32132 24.4972 108.604 -3.9e-07 46.899 -83.6522
5.31289 24.4903 108.606 -3.89354e-07 46.9038 -83.7162
5.30447 24.4834 108.608 -3.88708e-07 46.9085 -83.7801
5.29604 24.4764 108.61 -3.88063e-07 46.9132 -83.8441
5.28761 24.4695 108.613 -3.87417e-07 46.9179 -83.9081
5.27918 24.4626 108.615 -3.86771e-07 46.9226 -83.972
5.27075 24.4557 108.617 -3.86125e-07 46.9273 -84.036
5.26231 24.4487 108.619 -3.8548e-07 46.932 -84.1
5.25388 24.4418 108.621 -3.84834e-07 46.9367 -84.1639
5.24545 24.4349 108.624 -3.84189e-07 46.9415 -84.2279
5.23701 24.428 108.626 -3.83543e-07 46.9462 -84.2919
5.22858 24.421 108.628 -3.82898e-07 46.9509 -84.3559
5.22014 24.4141 108.63 -3.82252e-07 46.9556 -84.4198
5.2117 24.4072 108.632 -3.81607e-07 46.9603 -84.4838
5.20327 24.4003 108.635 -3.80961e-07 46.9651 -84.5478
5.19483 24.3934 108.637 -3.80316e-07 46.9698 -84.6117
5.18639 24.3864 108.639 -3.7967e-07 46.9745 -84.6757
5.17795 24.3795 108.641 -3.79025e-07 46.9792 -84.7397
5.16951 24.3726 108.643 -3.7838e-07 46.984 -84.8036
5.16107 24.3657 108.646 -3.77734e-07 46.9887 -84.8676
5.15262 24.3588 108.648 -3.77089e-07 46.9934 -84.9316
5.14418 24.3519 108.65 -3.76444e-07 46.9982 -84.9956
5.13574 24.345 108.652 -3.75799e-07 47.0029 -85.0595
5.12729 24.3381 108.654 -3.75153e-07 47.0076 -85.1235
5.11885 24.3312 108.656 -3.74508e-07 47.0124 -85.1875
5.1104 24.3243 108.659 -3.73863e-07 47.0171 -85.2514
5.10195 24.3174 108.661 -3.73218e-07 47.0219 -85.3154
5.0935 24.3105 108.663 -3.72573e-07 47.0266 -85.3794
5.08506 24.3036 108.665 -3.71928e-07 47.0313 -85.4433
5.07661 24.2967 108.667 -3.71283e-07 47.0361 -85.5073
5.06816 24.2898 108.669 -3.70638e-07 47.0408 -85.5713
5.05971 24.2829 108.672 -3.69993e-07 47.0456 -85.6352
5.05125 24.276 108.674 -3.69348e-07 47.0503 -85.6992
5.0428 24.2691 108.676 -3.68703e-07 47.0551 -85.7632
5.03435 24.2622 108.678 -3.68058e-07 47.0598 -85.8272
5.02589 24.2553 108.68 -3.67413e-07 47.0646 -85.8911
5.01744 24.2484 108.682 -3.66768e-07 47.0693 -85.9551
5.00898 24.2415 108.684 -3.66124e-07 47.0741 -86.0191
5.00053 24.2346 108.687 -3.65479e-07 47.0789 -86.083
4.99207 24.2278 108.689 -3.64834e-07 47.0836 -86.147
4.98361 24.2209 108.691 -3.64189e-07 47.0884 -86.211
4.97515 24.214 108.693 -3.63545e-07 47.0931 -86.2749
4.96669 24.2071 108.695 -3.629e-07 47.0979 -86.3389
4.95823 24.2002 108.697 -3.62255e-07 47.1027 -86.4029
4.94977 24.1933 108.699 -3.61611e-07 47.1074 -86.4669
4.94131 24.1865 108.701 -3.60966e-07 47.1122 -86.5308
4.93284 24.1796 108.703 -3.60322e-07 47.117 -86.5948
4.92438 24.1727 108.706 -3.59677e-07 47.1217 -86.6588
4.91592 24.1658 108.708 -3.59033e-07 47.1265 -86.7227
4.90745 24.159 108.71 -3.58388e-07 47.1313 -86.7867
4.89899 24.1521 108.712 -3.57744e-07 47.136 -86.8507
4.89052 24.1452 108.714 -3.57099e-07 47.1408 -86.9146
4.88205 24.1383 108.716 -3.56455e-07 47.1456 -86.9786
4.87358 24.1315 108.718 -3.55811e-07 47.1504 -87.0426
4.86511 24.1246 108.72 -3.55166e-07 47.1551 -87.1066
4.85664 24.1177 108.722 -3.54522e-07 47.1599 -87.1705
4.84817 24.1109 108.724 -3.53878e-07 47.1647 -87.2345
4.8397 24.104 108.726 -3.53234e-07 47.1695 -87.2985
4.83123 24.0971 108.729 -3.5259e-07 47.1743 -87.3624
4.82276 24.0903 108.731 -3.51945e-07 47.1791 -87.4264
4.81428 24.0834 108.733 -3.51301e-07 47.1838 -87.4904
4.80581 24.0766 108.735 -3.50657e-07 47.1886 -87.5543
4.79733 24.0697 108.737 -3.50013e-07 47.1934 -87.6183
4.78886 24.0629 108.739 -3.49369e-07 47.1982 -87.6823
4.78038 24.056 108.741 -3.48725e-07 47.203 -87.7463
4.7719 24.0491 108.743 -3.48081e-07 47.2078 -87.8102
4.76342 24.0423 108.745 -3.47437e-07 47.2126 -87.8742
4.75494 24.0354 108.747 -3.46793e-07 47.2174 -87.9382
4.74646 24.0286 108.749 -3.46149e-07 47.2222 -88.0021
4.73798 24.0217 108.751 -3.45505e-07 47.227 -88.0661
4.7295 24.0149 108.753 -3.44862e-07 47.2318 -88.1301
4.72102 24.008 108.755 -3.44218e-07 47.2366 -88.194
4.71254 24.0012 108.757 -3.43574e-07 47.2414 -88.258
4.70405 23.9944 108.759 -3.4293e-07 47.2462 -88.322
4.69557 23.9875 108.761 -3.42287e-07 47.251 -88.386
4.68708 23.9807 108.764 -3.41643e-07 47.2558 -88.4499
4.6786 23.9738 108.766 -3.40999e-07 47.2606 -88.5139
4.67011 23.967 108.768 -3.40356e-07 47.2654 -88.5779
4.66162 23.9602 108.77 -3.39712e-07 47.2702 -88.6418
4.65313 23.9533 108.772 -3.39069e-07 47.2751 -88.7058
4.64464 23.9465 108.774 -3.38425e-07 47.2799 -88.7698
4.63615 23.9397 108.776 -3.37782e-07 47.2847 -88.8337
4.62766 23.9328 108.778 -3.37138e-07 47.2895 -88.8977
4.61917 23.926 108.78 -3.36495e-07 47.2943 -88.9617
4.61068 23.9192 108.782 -3.35851e-07 47.2991 -89.0257
4.60218 23.9123 108.784 -3.35208e-07 47.304 -89.0896
4.59369 23.9055 108.786 -3.34565e-07 47.3088 -89.1536
4.5852 23.8987 108.788 -3.33921e-07 47.3136 -89.2176
4.5767 23.8919 108.79 -3.33278e-07 47.3184 -89.2815
4.5682 23.885 108.792 -3.32635e-07 47.3232 -89.3455
4.55971 23.8782 108.794 -3.31992e-07 47.3281 -89.4095
4.55121 23.8714 108.796 -3.31349e-07 47.3329 -89.4734
4.54271 23.8646 108.798 -3.30705e-07 47.3377 -89.5374
4.53421 23.8577 108.8 -3.30062e-07 47.3426 -89.6014
4.52571 23.8509 108.802 -3.29419e-07 47.3474 -89.6653
4.51721 23.8441 108.804 -3.28776e-07 47.3522 -89.7293
4.50871 23.8373 108.806 -3.28133e-07 47.3571 -89.7933
4.50021 23.8305 108.808 -3.2749e-07 47.3619 -89.8573
4.4917 23.8237 108.81 -3.26847e-07 47.3667 -89.9212
4.4832 23.8169 108.812 -3.26204e-07 47.3716 -89.9852
4.47469 23.8101 108.814 -3.25562e-07 47.3764 -90.0492
4.46619 23.8032 108.815 -3.24919e-07 47.3813 -90.1131
4.45768 23.7964 108.817 -3.24276e-07 47.3861 -90.1771
4.44917 23.7896 108.819 -3.23633e-07 47.3909 -90.2411
4.44067 23.7828 108.821 -3.2299e-07 47.3958 -90.305
4.43216 23.776 108.823 -3.22348e-07 47.4006 -90.369
4.42365 23.7692 108.825 -3.21705e-07 47.4055 -90.433
4.41514 23.7624 108.827 -3.21062e-07 47.4103 -90.497
4.40663 23.7556 108.829 -3.2042e-07 47.4152 -90.5609
4.39812 23.7488 108.831 -3.19777e-07 47.42 -90.6249
4.3896 23.742 108.833 -3.19135e-07 47.4249 -90.6889
4.38109 23.7352 108.835 -3.18492e-07 47.4298 -90.7528
4.37258 23.7284 108.837 -3.1785e-07 47.4346 -90.8168
4.36406 23.7216 108.839 -3.17207e-07 47.4395 -90.8808
4.35555 23.7149 108.841 -3.16565e-07 47.4443 -90.9447
4.34703 23.7081 108.843 -3.15922e-07 47.4492 -91.0087
4.33851 23.7013 108.845 -3.1528e-07 47.454 -91.0727
4.32999 23.6945 108.847 -3.14638e-07 47.4589 -91.1367
4.32148 23.6877 108.849 -3.13995e-07 47.4638 -91.2006
4.31296 23.6809 108.85 -3.13353e-07 47.4686 -91.2646
4.30444 23.6741 108.852 -3.12711e-07 47.4735 -91.3286
4.29592 23.6673 108.854 -3.12069e-07 47.4784 -91.3925
4.28739 23.6606 108.856 -3.11427e-07 47.4832 -91.4565
4.27887 23.6538 108.858 -3.10784e-07 47.4881 -91.5205
4.27035 23.647 108.86 -3.10142e-07 47.493 -91.5844
4.26182 23.6402 108.862 -3.095e-07 47.4979 -91.6484
4.2533 23.6335 108.864 -3.08858e-07 47.5027 -91.7124
4.24477 23.6267 108.866 -3.08216e-07 47.5076 -91.7764
4.23625 23.6199 108.868 -3.07574e-07 47.5125 -91.8403
4.22772 23.6131 108.87 -3.06932e-07 47.5174 -91.9043
4.21919 23.6064 108.871 -3.06291e-07 47.5222 -91.9683
4.21067 23.5996 108.873 -3.05649e-07 47.5271 -92.0322
4.20214 23.5928 108.875 -3.05007e-07 47.532 -92.0962
4.19361 23.5861 108.877 -3.04365e-07 47.5369 -92.1602
4.18508 23.5793 108.879 -3.03723e-07 47.5418 -92.2241
4.17654 23.5725 108.881 -3.03082e-07 47.5467 -92.2881
4.16801 23.5658 108.883 -3.0244e-07 47.5516 -92.3521
4.15948 23.559 108.885 -3.01798e-07 47.5564 -92.4161
4.15094 23.5522 108.886 -3.01157e-07 47.5613 -92.48
4.14241 23.5455 108.888 -3.00515e-07 47.5662 -92.544
4.13387 23.5387 108.89 -2.99874e-07 47.5711 -92.608
4.12534 23.532 108.892 -2.99232e-07 47.576 -92.6719
4.1168 23.5252 108.894 -2.98591e-07 47.5809 -92.7359
4.10826 23.5185 108.896 -2.97949e-07 47.5858 -92.7999
4.09973 23.5117 108.898 -2.97308e-07 47.5907 -92.8638
4.09119 23.5049 108.899 -2.96666e-07 47.5956 -92.9278
4.08265 23.4982 108.901 -2.96025e-07 47.6005 -92.9918
4.07411 23.4915 108.903 -2.95384e-07 47.6054 -93.0558
4.06556 23.4847 108.905 -2.94743e-07 47.6103 -93.1197
4.05702 23.478 108.907 -2.94101e-07 47.6152 -93.1837
4.04848 23.4712 108.909 -2.9346e-07 47.6201 -93.2477
4.03994 23.4645 108.911 -2.92819e-07 47.625 -93.3116
4.03139 23.4577 108.912 -2.92178e-07 47.6299 -93.3756
4.02285 23.451 108.914 -2.91537e-07 47.6348 -93.4396
4.0143 23.4442 108.916 -2.90896e-07 47.6398 -93.5035
4.00575 23.4375 108.918 -2.90255e-07 47.6447 -93.5675
3.99721 23.4308 108.92 -2.89614e-07 47.6496 -93.6315
3.98866 23.424 108.921 -2.88973e-07 47.6545 -93.6954
3.98011 23.4173 108.923 -2.88332e-07 47.6594 -93.7594
3.97156 23.4106 108.925 -2.87691e-07 47.6643 -93.8234
3.96301 23.4038 108.927 -2.8705e-07 47.6693 -93.8874
3.95446 23.3971 108.929 -2.86409e-07 47.6742 -93.9513
3.94591 23.3904 108.931 -2.85769e-07 47.6791 -94.0153
3.93735 23.3836 108.932 -2.85128e-07 47.684 -94.0793
3.9288 23.3769 108.934 -2.84487e-07 47.6889 -94.1432
3.92025 23.3702 108.936 -2.83847e-07 47.6939 -94.2072
3.91169 23.3635 108.938 -2.83206e-07 47.6988 -94.2712
3.90314 23.3567 108.94 -2.82565e-07 47.7037 -94.3351
3.89458 23.35 108.941 -2.81925e-07 47.7087 -94.3991
3.88602 23.3433 108.943 -2.81284e-07 47.7136 -94.4631
3.87746 23.3366 108.945 -2.80644e-07 47.7185 -94.5271
3.86891 23.3299 108.947 -2.80003e-07 47.7235 -94.591
3.86035 23.3231 108.948 -2.79363e-07 47.7284 -94.655
3.85179 23.3164 108.95 -2.78723e-07 47.7333 -94.719
3.84322 23.3097 108.952 -2.78082e-07 47.7383 -94.7829
3.83466 23.303 108.954 -2.77442e-07 47.7432 -94.8469
3.8261 23.2963 108.956 -2.76802e-07 47.7481 -94.9109
3.81754 23.2896 108.957 -2.76161e-07 47.7531 -94.9748
3.80897 23.2829 108.959 -2.75521e-07 47.758 -95.0388
3.80041 23.2762 108.961 -2.74881e-07 47.763 -95.1028
3.79184 23.2695 108.963 -2.74241e-07 47.7679 -95.1668
3.78328 23.2628 108.964 -2.73601e-07 47.7729 -95.2307
3.77471 23.2561 108.966 -2.72961e-07 47.7778 -95.2947
3.76614 23.2494 108.968 -2.72321e-07 47.7828 -95.3587
3.75757 23.2427 108.97 -2.71681e-07 47.7877 -95.4226
3.749 23.236 108.971 -2.71041e-07 47.7927 -95.4866
3.74043 23.2293 108.973 -2.70401e-07 47.7976 -95.5506
3.73186 23.2226 108.975 -2.69761e-07 47.8026 -95.6145
3.72329 23.2159 108.977 -2.69121e-07 47.8075 -95.6785
3.71472 23.2092 108.978 -2.68482e-07 47.8125 -95.7425
3.70615 23.2025 108.98 -2.67842e-07 47.8174 -95.8065
3.69757 23.1958 108.982 -2.67202e-07 47.8224 -95.8704
3.689 23.1891 108.984 -2.66562e-07 47.8274 -95.9344
3.68042 23.1824 108.985 -2.65923e-07 47.8323 -95.9984
3.67185 23.1757 108.987 -2.65283e-07 47.8373 -96.0623
3.66327 23.169 108.989 -2.64644e-07 47.8422 -96.1263
3.6547 23.1624 108.99 -2.64004e-07 47.8472 -96.1903
3.64612 23.1557 108.992 -2.63365e-07 47.8522 -96.2542
3.63754 23.149 108.994 -2.62725e-07 47.8571 -96.3182
3.62896 23.1423 108.996 -2.62086e-07 47.8621 -96.3822
3.62038 23.1356 108.997 -2.61446e-07 47.8671 -96.4462
3.6118 23.1289 108.999 -2.60807e-07 47.8721 -96.5101
3.60322 23.1223 109.001 -2.60168e-07 47.877 -96.5741
3.59463 23.1156 109.002 -2.59529e-07 47.882 -96.6381
3.58605 23.1089 109.004 -2.58889e-07 47.887 -96.702
3.57747 23.1022 109.006 -2.5825e-07 47.892 -96.766
3.56888 23.0956 109.007 -2.57611e-07 47.8969 -96.83
3.5603 23.0889 109.009 -2.56972e-07 47.9019 -96.8939
3.55171 23.0822 109.011 -2.56333e-07 47.9069 -96.9579
3.54312 23.0756 109.013 -2.55694e-07 47.9119 -97.0219
3.53453 23.0689 109.014 -2.55055e-07 47.9169 -97.0859
3.52595 23.0622 109.016 -2.54416e-07 47.9218 -97.1498
3.51736 23.0556 109.018 -2.53777e-07 47.9268 -97.2138
3.50877 23.0489 109.019 -2.53138e-07 47.9318 -97.2778
3.50018 23.0423 109.021 -2.52499e-07 47.9368 -97.3417
3.49158 23.0356 109.023 -2.5186e-07 47.9418 -97.4057
3.48299 23.0289 109.024 -2.51222e-07 47.9468 -97.4697
3.4744 23.0223 109.026 -2.50583e-07 47.9518 -97.5336
3.46581 23.0156 109.028 -2.49944e-07 47.9568 -97.5976
3.45721 23.009 109.029 -2.49306e-07 47.9618 -97.6616
3.44862 23.0023 109.031 -2.48667e-07 47.9668 -97.7255
3.44002 22.9957 109.033 -2.48028e-07 47.9718 -97.7895
3.43142 22.989 109.034 -2.4739e-07 47.9768 -97.8535
3.42283 22.9824 109.036 -2.46751e-07 47.9818 -97.9175
3.41423 22.9757 109.038 -2.46113e-07 47.9868 -97.9814
3.40563 22.9691 109.039 -2.45475e-07 47.9918 -98.0454
3.39703 22.9624 109.041 -2.44836e-07 47.9968 -98.1094
3.38843 22.9558 109.042 -2.44198e-07 48.0018 -98.1733
3.37983 22.9491 109.044 -2.4356e-07 48.0068 -98.2373
3.37123 22.9425 109.046 -2.42921e-07 48.0118 -98.3013
3.36263 22.9359 109.047 -2.42283e-07 48.0168 -98.3652
3.35402 22.9292 109.049 -2.41645e-07 48.0218 -98.4292
3.34542 22.9226 109.051 -2.41007e-07 48.0268 -98.4932
3.33681 22.916 109.052 -2.40369e-07 48.0318 -98.5572
3.32821 22.9093 109.054 -2.39731e-07 48.0369 -98.6211
3.3196 22.9027 109.055 -2.39093e-07 48.0419 -98.6851
3.311 22.8961 109.057 -2.38455e-07 48.0469 -98.7491
3.30239 22.8894 109.059 -2.37817e-07 48.0519 -98.813
3.29378 22.8828 109.06 -2.37179e-07 48.0569 -98.877
3.28517 22.8762 109.062 -2.36541e-07 48.0619 -98.941
3.27656 22.8696 109.063 -2.35903e-07 48.067 -99.0049
3.26795 22.8629 109.065 -2.35265e-07 48.072 -99.0689
3.25934 22.8563 109.067 -2.34628e-07 48.077 -99.1329
3.25073 22.8497 109.068 -2.3399e-07 48.082 -99.1969
3.24212 22.8431 109.07 -2.33352e-07 48.0871 -99.2608
3.2335 22.8364 109.071 -2.32715e-07 48.0921 -99.3248
3.22489 22.8298 109.073 -2.32077e-07 48.0971 -99.3888
3.21627 22.8232 109.075 -2.3144e-07 48.1022 -99.4527
3.20766 22.8166 109.076 -2.30802e-07 48.1072 -99.5167
3.19904 22.81 109.078 -2.30165e-07 48.1122 -99.5807
3.19042 22.8034 109.079 -2.29527e-07 48.1173 -99.6446
3.18181 22.7968 109.081 -2.2889e-07 48.1223 -99.7086
3.17319 22.7901 109.083 -2.28252e-07 48.1273 -99.7726
3.16457 22.7835 109.084 -2.27615e-07 48.1324 -99.8366
3.15595 22.7769 109.086 -2.26978e-07 48.1374 -99.9005
3.14733 22.7703 109.087 -2.26341e-07 48.1424 -99.9645
3.13871 22.7637 109.089 -2.25703e-07 48.1475 -100.028
3.13009 22.7571 109.09 -2.25066e-07 48.1525 -100.092
3.12146 22.7505 109.092 -2.24429e-07 48.1576 -100.156
3.11284 22.7439 109.093 -2.23792e-07 48.1626 -100.22
3.10421 22.7373 109.095 -2.23155e-07 48.1677 -100.284
3.09559 22.7307 109.097 -2.22518e-07 48.1727 -100.348
3.08696 22.7241 109.098 -2.21881e-07 48.1778 -100.412
3.07834 22.7175 109.1 -2.21244e-07 48.1828 -100.476
3.06971 22.7109 109.101 -2.20608e-07 48.1879 -100.54
3.06108 22.7044 109.103 -2.19971e-07 48.1929 -100.604
3.05245 22.6978 109.104 -2.19334e-07 48.198 -100.668
3.04382 22.6912 109.106 -2.18697e-07 48.203 -100.732
3.03519 22.6846 109.107 -2.18061e-07 48.2081 -100.796
3.02656 22.678 109.109 -2.17424e-07 48.2131 -100.86
3.01793 22.6714 109.11 -2.16787e-07 48.2182 -100.924
3.0093 22.6648 109.112 -2.16151e-07 48.2233 -100.988
3.00067 22.6582 109.113 -2.15514e-07 48.2283 -101.052
2.99203 22.6517 109.115 -2.14878e-07 48.2334 -101.116
2.9834 22.6451 109.116 -2.14241e-07 48.2384 -101.18
2.97476 22.6385 109.118 -2.13605e-07 48.2435 -101.244
2.96613 22.6319 109.119 -2.12969e-07 48.2486 -101.308
2.95749 22.6254 109.121 -2.12332e-07 48.2536 -101.372
2.94886 22.6188 109.122 -2.11696e-07 48.2587 -101.436
2.94022 22.6122 109.124 -2.1106e-07 48.2638 -101.5
2.93158 22.6056 109.125 -2.10424e-07 48.2689 -101.564
2.92294 22.5991 109.127 -2.09787e-07 48.2739 -101.628
2.9143 22.5925 109.128 -2.09151e-07 48.279 -101.692
2.90566 22.5859 109.13 -2.08515e-07 48.2841 -101.756
2.89702 22.5794 109.131 -2.07879e-07 48.2892 -101.82
2.88837 22.5728 109.133 -2.07243e-07 48.2942 -101.884
2.87973 22.5662 109.134 -2.06607e-07 48.2993 -101.948
2.87109 22.5597 109.136 -2.05971e-07 48.3044 -102.012
2.86244 22.5531 109.137 -2.05336e-07 48.3095 -102.075
2.8538 22.5466 109.139 -2.047e-07 48.3146 -102.139
2.84515 22.54 109.14 -2.04064e-07 48.3196 -102.203
2.83651 22.5335 109.142 -2.03428e-07 48.3247 -102.267
2.82786 22.5269 109.143 -2.02793e-07 48.3298 -102.331
2.81921 22.5203 109.145 -2.02157e-07 48.3349 -102.395
2.81056 22.5138 109.146 -2.01521e-07 48.34 -102.459
2.80191 22.5072 109.148 -2.00886e-07 48.3451 -102.523
2.79326 22.5007 109.149 -2.0025e-07 48.3502 -102.587
2.78461 22.4941 109.151 -1.99615e-07 48.3553 -102.651
2.77596 22.4876 109.152 -1.98979e-07 48.3604 -102.715
2.76731 22.4811 109.153 -1.98344e-07 48.3655 -102.779
2.75866 22.4745 109.155 -1.97709e-07 48.3706 -102.843
2.75 22.468 109.156 -1.97073e-07 48.3757 -102.907
2.74135 22.4614 109.158 -1.96438e-07 48.3808 -102.971
2.73269 22.4549 109.159 -1.95803e-07 48.3859 -103.035
2.72404 22.4484 109.161 -1.95168e-07 48.391 -103.099
2.71538 22.4418 109.162 -1.94533e-07 48.3961 -103.163
2.70672 22.4353 109.164 -1.93897e-07 48.4012 -103.227
2.69806 22.4287 109.165 -1.93262e-07 48.4063 -103.291
2.68941 22.4222 109.166 -1.92627e-07 48.4114 -103.355
2.68075 22.4157 109.168 -1.91992e-07 48.4165 -103.419
2.67209 22.4092 109.169 -1.91358e-07 48.4216 -103.483
2.66343 22.4026 109.171 -1.90723e-07 48.4267 -103.547
2.65476 22.3961 109.172 -1.90088e-07 48.4318 -103.611
2.6461 22.3896 109.174 -1.89453e-07 48.4369 -103.675
2.63744 22.3831 109.175 -1.88818e-07 48.442 -103.739
2.62878 22.3765 109.176 -1.88184e-07 48.4471 -103.803
2.62011 22.37 109.178 -1.87549e-07 48.4523 -103.867
2.61145 22.3635 109.179 -1.86914e-07 48.4574 -103.931
2.60278 22.357 109.181 -1.8628e-07 48.4625 -103.995
2.59411 22.3505 109.182 -1.85645e-07 48.4676 -104.059
2.58545 22.3439 109.183 -1.85011e-07 48.4727 -104.123
2.57678 22.3374 109.185 -1.84376e-07 48.4779 -104.187
2.56811 22.3309 109.186 -1.83742e-07 48.483 -104.25
2.55944 22.3244 109.187 -1.83108e-07 48.4881 -104.314
2.55077 22.3179 109.189 -1.82473e-07 48.4932 -104.378
2.5421 22.3114 109.19 -1.81839e-07 48.4984 -104.442
2.53343 22.3049 109.192 -1.81205e-07 48.5035 -104.506
2.52476 22.2984 109.193 -1.80571e-07 48.5086 -104.57
2.51609 22.2919 109.194 -1.79937e-07 48.5138 -104.634
2.50741 22.2854 109.196 -1.79303e-07 48.5189 -104.698
2.49874 22.2789 109.197 -1.78668e-07 48.524 -104.762
2.49006 22.2724 109.198 -1.78034e-07 48.5292 -104.826
2.48139 22.2659 109.2 -1.77401e-07 48.5343 -104.89
2.47271 22.2594 109.201 -1.76767e-07 48.5394 -104.954
2.46403 22.2529 109.203 -1.76133e-07 48.5446 -105.018
2.45536 22.2464 109.204 -1.75499e-07 48.5497 -105.082
2.44668 22.2399 109.205 -1.74865e-07 48.5548 -105.146
2.438 22.2334 109.207 -1.74231e-07 48.56 -105.21
2.42932 22.2269 109.208 -1.73598e-07 48.5651 -105.274
2.42064 22.2204 109.209 -1.72964e-07 48.5703 -105.338
2.41196 22.2139 109.211 -1.72331e-07 48.5754 -105.402
2.40328 22.2074 109.212 -1.71697e-07 48.5806 -105.466
2.39459 22.201 109.213 -1.71064e-07 48.5857 -105.53
2.38591 22.1945 109.215 -1.7043e-07 48.5909 -105.594
2.37723 22.188 109.216 -1.69797e-07 48.596 -105.658
2.36854 22.1815 109.217 -1.69163e-07 48.6012 -105.722
2.35986 22.175 109.219 -1.6853e-07 48.6063 -105.786
2.35117 22.1686 109.22 -1.67897e-07 48.6115 -105.85
2.34248 22.1621 109.221 -1.67263e-07 48.6166 -105.914
2.3338 22.1556 109.223 -1.6663e-07 48.6218 -105.978
2.32511 22.1491 109.224 -1.65997e-07 48.6269 -106.042
2.31642 22.1427 109.225 -1.65364e-07 48.6321 -106.106
2.30773 22.1362 109.227 -1.64731e-07 48.6373 -106.17
2.29904 22.1297 109.228 -1.64098e-07 48.6424 -106.234
2.29035 22.1233 109.229 -1.63465e-07 48.6476 -106.298
2.28166 22.1168 109.23 -1.62832e-07 48.6527 -106.361
2.27297 22.1103 109.232 -1.62199e-07 48.6579 -106.425
2.26427 22.1039 109.233 -1.61566e-07 48.6631 -106.489
2.25558 22.0974 109.234 -1.60934e-07 48.6682 -106.553
2.24688 22.0909 109.236 -1.60301e-07 48.6734 -106.617
2.23819 22.0845 109.237 -1.59668e-07 48.6786 -106.681
2.22949 22.078 109.238 -1.59036e-07 48.6837 -106.745
2.2208 22.0716 109.24 -1.58403e-07 48.6889 -106.809
2.2121 22.0651 109.241 -1.5777e-07 48.6941 -106.873
2.2034 22.0587 109.242 -1.57138e-07 48.6993 -106.937
2.1947 22.0522 109.243 -1.56505e-07 48.7044 -107.001
2.186 22.0458 109.245 -1.55873e-07 48.7096 -107.065
2.1773 22.0393 109.246 -1.55241e-07 48.7148 -107.129
2.1686 22.0329 109.247 -1.54608e-07 48.72 -107.193
2.1599 22.0264 109.248 -1.53976e-07 48.7252 -107.257
2.1512 22.02 109.25 -1.53344e-07 48.7303 -107.321
2.1425 22.0135 109.251 -1.52712e-07 48.7355 -107.385
2.13379 22.0071 109.252 -1.5208e-07 48.7407 -107.449
2.12509 22.0006 109.253 -1.51447e-07 48.7459 -107.513
2.11639 21.9942 109.255 -1.50815e-07 48.7511 -107.577
2.10768 21.9878 109.256 -1.50183e-07 48.7563 -107.641
2.09897 21.9813 109.257 -1.49551e-07 48.7615 -107.705
2.09027 21.9749 109.258 -1.4892e-07 48.7666 -107.769
2.08156 21.9685 109.26 -1.48288e-07 48.7718 -107.833
2.07285 21.962 109.261 -1.47656e-07 48.777 -107.897
2.06414 21.9556 109.262 -1.47024e-07 48.7822 -107.961
2.05543 21.9492 109.263 -1.46392e-07 48.7874 -108.025
2.04672 21.9427 109.265 -1.45761e-07 48.7926 -108.089
2.03801 21.9363 109.266 -1.45129e-07 48.7978 -108.153
2.0293 21.9299 109.267 -1.44498e-07 48.803 -108.217
2.02059 21.9235 109.268 -1.43866e-07 48.8082 -108.281
2.01188 21.917 109.27 -1.43235e-07 48.8134 -108.345
2.00316 21.9106 109.271 -1.42603e-07 48.8186 -108.409
1.99445 21.9042 109.272 -1.41972e-07 48.8238 -108.472
1.98573 21.8978 109.273 -1.4134e-07 48.829 -108.536
1.97702 21.8914 109.274 -1.40709e-07 48.8342 -108.6
1.9683 21.885 109.276 -1.40078e-07 48.8394 -108.664
1.95958 21.8785 109.277 -1.39447e-07 48.8446 -108.728
1.95087 21.8721 109.278 -1.38815e-07 48.8498 -108.792
1.94215 21.8657 109.279 -1.38184e-07 48.855 -108.856
1.93343 21.8593 109.28 -1.37553e-07 48.8603 -108.92
1.92471 21.8529 109.282 -1.36922e-07 48.8655 -108.984
1.91599 21.8465 109.283 -1.36291e-07 48.8707 -109.048
1.90727 21.8401 109.284 -1.3566e-07 48.8759 -109.112
1.89855 21.8337 109.285 -1.35029e-07 48.8811 -109.176
1.88982 21.8273 109.286 -1.34399e-07 48.8863 -109.24
1.8811 21.8209 109.288 -1.33768e-07 48.8916 -109.304
1.87238 21.8145 109.289 -1.33137e-07 48.8968 -109.368
1.86365 21.8081 109.29 -1.32506e-07 48.902 -109.432
1.85493 21.8017 109.291 -1.31876e-07 48.9072 -109.496
1.8462 21.7953 109.292 -1.31245e-07 48.9124 -109.56
1.83747 21.7889 109.293 -1.30615e-07 48.9177 -109.624
1.82875 21.7825 109.295 -1.29984e-07 48.9229 -109.688
1.82002 21.7761 109.296 -1.29354e-07 48.9281 -109.752
1.81129 21.7697 109.297 -1.28723e-07 48.9333 -109.816
1.80256 21.7634 109.298 -1.28093e-07 48.9386 -109.88
1.79383 21.757 109.299 -1.27463e-07 48.9438 -109.944
1.7851 21.7506 109.3 -1.26833e-07 48.949 -110.008
1.77637 21.7442 109.302 -1.26202e-07 48.9543 -110.072
1.76764 21.7378 109.303 -1.25572e-07 48.9595 -110.136
1.7589 21.7314 109.304 -1.24942e-07 48.9647 -110.2
1.75017 21.7251 109.305 -1.24312e-07 48.97 -110.264
1.74144 21.7187 109.306 -1.23682e-07 48.9752 -110.328
1.7327 21.7123 109.307 -1.23052e-07 48.9804 -110.392
1.72397 21.7059 109.308 -1.22422e-07 48.9857 -110.456
1.71523 21.6996 109.31 -1.21792e-07 48.9909 -110.52
1.70649 21.6932 109.311 -1.21162e-07 48.9962 -110.583
1.69776 21.6868 109.312 -1.20533e-07 49.0014 -110.647
1.68902 21.6805 109.313 -1.19903e-07 49.0067 -110.711
1.68028 21.6741 109.314 -1.19273e-07 49.0119 -110.775
1.67154 21.6677 109.315 -1.18644e-07 49.0171 -110.839
1.6628 21.6614 109.316 -1.18014e-07 49.0224 -110.903
1.65406 21.655 109.317 -1.17385e-07 49.0276 -110.967
1.64532 21.6486 109.318 -1.16755e-07 49.0329 -111.031
1.63658 21.6423 109.32 -1.16126e-07 49.0381 -111.095
1.62783 21.6359 109.321 -1.15496e-07 49.0434 -111.159
1.61909 21.6296 109.322 -1.14867e-07 49.0485 -111.223
1.61035 21.6234 109.323 -1.14238e-07 49.0536 -111.287
1.6016 21.6173 109.324 -1.1361e-07 49.0585 -111.351
1.59286 21.6113 109.325 -1.12981e-07 49.0632 -111.415
1.58411 21.6054 109.327 -1.12353e-07 49.0679 -111.479
1.57536 21.5996 109.328 -1.11725e-07 49.0724 -111.543
1.56662 21.5938 109.329 -1.11098e-07 49.0768 -111.607
1.55787 21.5882 109.331 -1.1047e-07 49.0811 -111.671
1.54912 21.5826 109.332 -1.09843e-07 49.0852 -111.735
1.54037 21.5771 109.334 -1.09216e-07 49.0893 -111.799
1.53162 21.5718 109.335 -1.0859e-07 49.0932 -111.863
1.52287 21.5665 109.337 -1.07963e-07 49.0969 -111.927
1.51412 21.5613 109.338 -1.07337e-07 49.1006 -111.991
1.50536 21.5561 109.34 -1.06711e-07 49.1041 -112.055
1.49661 21.5511 109.341 -1.06085e-07 49.1075 -112.119
1.48786 21.5462 109.343 -1.0546e-07 49.1108 -112.183
1.4791 21.5413 109.345 -1.04834e-07 49.114 -112.247
1.47035 21.5366 109.346 -1.04209e-07 49.117 -112.311
1.46159 21.5319 109.348 -1.03584e-07 49.1199 -112.375
1.45284 21.5273 109.35 -1.02959e-07 49.1227 -112.439
1.44408 21.5228 109.352 -1.02335e-07 49.1254 -112.503
1.43532 21.5185 109.354 -1.01711e-07 49.1279 -112.567
1.42657 21.5141 109.356 -1.01086e-07 49.1303 -112.631
1.41781 21.5099 109.357 -1.00462e-07 49.1326 -112.694
1.40905 21.5058 109.359 -9.98386e-08 49.1347 -112.758
1.40029 21.5018 109.361 -9.9215e-08 49.1368 -112.822
1.39153 21.4978 109.364 -9.85915e-08 49.1387 -112.886
1.38277 21.4939 109.366 -9.79683e-08 49.1405 -112.95
1.374 21.4902 109.368 -9.73452e-08 49.1421 -113.014
1.36524 21.4865 109.37 -9.67222e-08 49.1437 -113.078
1.35648 21.4829 109.372 -9.60994e-08 49.1451 -113.142
1.34771 21.4794 109.374 -9.54768e-08 49.1464 -113.206
1.33895 21.476 109.377 -9.48543e-08 49.1475 -113.27
1.33018 21.4726 109.379 -9.4232e-08 49.1486 -113.334
1.32142 21.4694 109.381 -9.36098e-08 49.1495 -113.398
1.31265 21.4663 109.383 -9.29878e-08 49.1503 -113.462
1.30388 21.4632 109.386 -9.23659e-08 49.1509 -113.526
1.29512 21.4602 109.388 -9.17442e-08 49.1515 -113.59
1.28635 21.4574 109.391 -9.11226e-08 49.1519 -113.654
1.27758 21.4546 109.393 -9.05011e-08 49.1522 -113.718
1.26881 21.4519 109.396 -8.98797e-08 49.1523 -113.782
1.26004 21.4493 109.398 -8.92585e-08 49.1524 -113.846
1.25127 21.4467 109.401 -8.86373e-08 49.1523 -113.91
1.24249 21.4443 109.404 -8.80163e-08 49.1521 -113.974
1.23372 21.442 109.406 -8.73954e-08 49.1517 -114.038
1.22495 21.4397 109.409 -8.67747e-08 49.1513 -114.102
1.21617 21.4376 109.412 -8.6154e-08 49.1507 -114.166
1.2074 21.4355 109.415 -8.55334e-08 49.15 -114.23
1.19863 21.4335 109.417 -8.49129e-08 49.1491 -114.294
1.18985 21.4316 109.42 -8.42926e-08 49.1482 -114.358
1.18107 21.4298 109.423 -8.36723e-08 49.1471 -114.422
1.1723 21.4281 109.426 -8.30521e-08 49.1459 -114.486
1.16352 21.4265 109.429 -8.24319e-08 49.1445 -114.55
1.15474 21.4249 109.432 -8.18119e-08 49.1431 -114.614
1.14596 21.4235 109.435 -8.11919e-08 49.1415 -114.678
1.13718 21.4221 109.438 -8.05721e-08 49.1398 -114.742
1.1284 21.4209 109.441 -7.99522e-08 49.1379 -114.805
1.11962 21.4197 109.444 -7.93325e-08 49.136 -114.869
1.11084 21.4186 109.448 -7.87128e-08 49.1339 -114.933
1.10206 21.4176 109.451 -7.80932e-08 49.1317 -114.997
1.09327 21.4167 109.454 -7.74736e-08 49.1293 -115.061
1.08449 21.4159 109.457 -7.68541e-08 49.1269 -115.125
1.0757 21.4151 109.461 -7.62347e-08 49.1243 -115.189
1.06692 21.4145 109.464 -7.56153e-08 49.1216 -115.253
1.05813 21.414 109.467 -7.49959e-08 49.1187 -115.317
1.04935 21.4135 109.471 -7.43766e-08 49.1158 -115.381
1.04056 21.4131 109.474 -7.37573e-08 49.1127 -115.445
1.03177 21.4129 109.478 -7.3138e-08 49.1095 -115.509
1.02299 21.4127 109.481 -7.25188e-08 49.1061 -115.573
1.0142 21.4126 109.485 -7.18996e-08 49.1027 -115.637
1.00541 21.4126 109.488 -7.12804e-08 49.0991 -115.701
0.996617 21.4126 109.492 -7.06612e-08 49.0954 -115.765
0.987826 21.4128 109.496 -7.00421e-08 49.0915 -115.829
0.979035 21.4131 109.499 -6.9423e-08 49.0875 -115.893
0.970242 21.4134 109.503 -6.88038e-08 49.0835 -115.957
0.96145 21.4138 109.507 -6.81847e-08 49.0792 -116.021
0.952656 21.4144 109.511 -6.75656e-08 49.0749 -116.085
0.943862 21.415 109.515 -6.69465e-08 49.0704 -116.149
0.935068 21.4157 109.518 -6.63274e-08 49.0658 -116.213
0.926273 21.4165 109.522 -6.57082e-08 49.0611 -116.277
0.917477 21.4174 109.526 -6.50891e-08 49.0563 -116.341
0.90868 21.4184 109.53 -6.44699e-08 49.0513 -116.405
0.899883 21.4194 109.534 -6.38508e-08 49.0462 -116.469
0.891085 21.4206 109.538 -6.32316e-08 49.041 -116.532
0.882287 21.4219 109.542 -6.26123e-08 49.0357 -116.595
0.873488 21.4232 109.547 -6.19931e-08 49.0302 -116.657
0.864688 21.4246 109.551 -6.13738e-08 49.0246 -116.717
0.855887 21.4261 109.555 -6.07545e-08 49.0189 -116.777
0.847086 21.4278 109.559 -6.01351e-08 49.013 -116.836
0.838285 21.4295 109.563 -5.95157e-08 49.0071 -116.893
0.829482 21.4313 109.568 -5.88963e-08 49.001 -116.95
0.82068 21.4331 109.572 -5.82768e-08 48.9947 -117.006
0.811876 21.4351 109.576 -5.76572e-08 48.9884 -117.06
0.803072 21.4372 109.581 -5.70376e-08 48.9819 -117.114
0.794247 21.4394 109.585 -5.64165e-08 48.9753 -117.167
0.785412 21.4416 109.59 -5.57947e-08 48.9686 -117.218
0.776577 21.444 109.594 -5.51729e-08 48.9618 -117.269
0.767742 21.4465 109.599 -5.45509e-08 48.9548 -117.319
0.758906 21.449 109.603 -5.39289e-08 48.9478 -117.367
0.750069 21.4517 109.608 -5.33069e-08 48.9406 -117.415
0.741232 21.4544 109.612 -5.26847e-08 48.9332 -117.462
0.732394 21.4573 109.617 -5.20625e-08 48.9258 -117.507
0.723555 21.4602 109.622 -5.14401e-08 48.9182 -117.552
0.714716 21.4632 109.626 -5.08177e-08 48.9105 -117.596
0.705876 21.4663 109.631 -5.01952e-08 48.9027 -117.638
0.697036 21.4695 109.636 -4.95726e-08 48.8947 -117.68
0.688195 21.4728 109.641 -4.89499e-08 48.8866 -117.722
0.679353 21.4761 109.645 -4.83271e-08 48.8784 -117.764
0.670511 21.4796 109.65 -4.77041e-08 48.8701 -117.805
0.661668 21.4832 109.655 -4.70811e-08 48.8616 -117.847
0.652824 21.4868 109.66 -4.64579e-08 48.853 -117.889
0.64398 21.4906 109.665 -4.58347e-08 48.8443 -117.931
0.635135 21.4944 109.67 -4.52113e-08 48.8355 -117.972
0.626289 21.4983 109.675 -4.45877e-08 48.8265 -118.014
0.617443 21.5023 109.68 -4.39641e-08 48.8174 -118.056
0.608597 21.5064 109.685 -4.33403e-08 48.8082 -118.098
0.599749 21.5106 109.69 -4.27163e-08 48.7989 -118.139
0.590901 21.5149 109.696 -4.20923e-08 48.7894 -118.181
0.582053 21.5193 109.701 -4.14681e-08 48.7798 -118.223
0.573204 21.5238 109.706 -4.08437e-08 48.7701 -118.265
0.564354 21.5284 109.711 -4.02192e-08 48.7603 -118.306
0.555504 21.533 109.717 -3.95945e-08 48.7503 -118.348
0.546653 21.5378 109.722 -3.89697e-08 48.7402 -118.39
0.537801 21.5426 109.727 -3.83447e-08 48.73 -118.432
0.528949 21.5475 109.733 -3.77195e-08 48.7196 -118.474
0.520096 21.5526 109.738 -3.70942e-08 48.7092 -118.515
0.511242 21.5577 109.744 -3.64687e-08 48.6986 -118.557
0.502388 21.5629 109.749 -3.5843e-08 48.6879 -118.599
0.493534 21.5682 109.755 -3.52171e-08 48.677 -118.641
0.484678 21.5736 109.76 -3.45911e-08 48.6661 -118.682
0.475822 21.5791 109.766 -3.39648e-08 48.655 -118.724
0.466966 21.5847 109.772 -3.33384e-08 48.6437 -118.766
0.458109 21.5904 109.777 -3.27118e-08 48.6324 -118.808
0.449251 21.5961 109.783 -3.20849e-08 48.6209 -118.849
0.440392 21.602 109.789 -3.14579e-08 48.6093 -118.891
0.431533 21.6079 109.794 -3.08307e-08 48.5976 -118.933
0.422674 21.614 109.8 -3.02032e-08 48.5858 -118.975
0.413814 21.6201 109.806 -2.95755e-08 48.5738 -119.016
0.404953 21.6264 109.812 -2.89477e-08 48.5617 -119.058
0.396091 21.6327 109.818 -2.83195e-08 48.5495 -119.1
0.387229 21.6391 109.824 -2.76912e-08 48.5371 -119.142
0.378367 21.6456 109.83 -2.70626e-08 48.5246 -119.183
0.369503 21.6522 109.836 -2.64339e-08 48.512 -119.225
0.360639 21.6589 109.842 -2.58048e-08 48.4993 -119.267
0.351775 21.6657 109.848 -2.51755e-08 48.4865 -119.309
0.34291 21.6726 109.854 -2.4546e-08 48.4735 -119.35
0.334044 21.6796 109.86 -2.39162e-08 48.4604 -119.392
0.325178 21.6867 109.866 -2.32862e-08 48.4472 -119.434
0.316311 21.6939 109.872 -2.26559e-08 48.4338 -119.476
0.307443 21.7011 109.879 -2.20254e-08 48.4203 -119.518
0.298575 21.7085 109.885 -2.13946e-08 48.4067 -119.559
0.289706 21.7159 109.891 -2.07635e-08 48.393 -119.601
0.280837 21.7235 109.897 -2.01322e-08 48.3792 -119.643
0.271967 21.7311 109.904 -1.95005e-08 48.3652 -119.685
0.263096 21.7389 109.91 -1.88686e-08 48.3511 -119.726
0.254225 21.7467 109.916 -1.82365e-08 48.3368 -119.768
0.245353 21.7546 109.923 -1.7604e-08 48.3225 -119.81
0.236481 21.7626 109.929 -1.69712e-08 48.308 -119.852
0.227608 21.7708 109.936 -1.63382e-08 48.2934 -119.893
0.218735 21.779 109.942 -1.57048e-08 48.2787 -119.935
0.20986 21.7873 109.949 -1.50711e-08 48.2638 -119.977
0.200986 21.7957 109.955 -1.44372e-08 48.2488 -120.019
0.19211 21.8042 109.962 -1.38029e-08 48.2337 -120.06
0.183234 21.8128 109.969 -1.31683e-08 48.2185 -120.102
0.174357 21.8214 109.975 -1.25333e-08 48.2031 -120.144
0.16548 21.8302 109.982 -1.18981e-08 48.1877 -120.186
0.156602 21.8391 109.989 -1.12625e-08 48.1721 -120.227
0.147724 21.8481 109.996 -1.06266e-08 48.1563 -120.269
0.138845 21.8571 110.002 -9.99038e-09 48.1405 -120.311
0.129965 21.8663 110.009 -9.35381e-09 48.1245 -120.353
0.121085 21.8756 110.016 -8.71688e-09 48.1084 -120.395
0.112204 21.8849 110.023 -8.07961e-09 48.0921 -120.436
0.103323 21.8944 110.03 -7.44198e-09 48.0758 -120.478
0.094441 21.9039 110.037 -6.804e-09 48.0593 -120.52
0.0855584 21.9136 110.044 -6.16566e-09 48.0427 -120.562
0.0766752 21.9233 110.051 -5.52696e-09 48.026 -120.603
0.0677914 21.9331 110.058 -4.88788e-09 48.0091 -120.645
0.058907 21.9431 110.065 -4.24843e-09 47.9921 -120.687
0.050022 21.9531 110.072 -3.60861e-09 47.975 -120.729
0.0411364 21.9632 110.079 -2.9684e-09 47.9578 -120.77
0.0322502 21.9735 110.086 -2.32781e-09 47.9404 -120.812
0.0233634 21.9838 110.093 -1.68683e-09 47.9229 -120.854
0.014476 21.9942 110.1 -1.04545e-09 47.9053 -120.896
0.00558804 22.0047 110.108 -4.03679e-10 47.8876 -120.937
-0.00330054 22.0153 110.115 2.38498e-10 47.8697 -120.979
-0.0121897 22.026 110.122 8.81082e-10 47.8517 -121.021
-0.0210795 22.0368 110.13 1.52408e-09 47.8336 -121.063
-0.0299698 22.0478 110.137 2.16749e-09 47.8154 -121.104
-0.0388608 22.0588 110.144 2.81132e-09 47.797 -121.146
-0.0477523 22.0698 110.152 3.45557e-09 47.7786 -121.188
-0.0566444 22.0809 110.159 4.10024e-09 47.7602 -121.23
-0.0655371 22.0919 110.166 4.74533e-09 47.7418 -121.271
-0.0744305 22.103 110.174 5.39084e-09 47.7234 -121.313
-0.0833244 22.1141 110.181 6.03677e-09 47.705 -121.355
-0.0922189 22.1252 110.188 6.68312e-09 47.6866 -121.397
-0.101114 22.1362 110.196 7.32989e-09 47.6682 -121.439
-0.11001 22.1473 110.203 7.97709e-09 47.6497 -121.48
-0.118906 22.1584 110.21 8.6247e-09 47.6313 -121.522
-0.127803 22.1696 110.218 9.27274e-09 47.6129 -121.564
-0.1367 22.1807 110.225 9.92121e-09 47.5945 -121.606
-0.145598 22.1918 110.232 1.05701e-08 47.5761 -121.647
-0.154497 22.2029 110.239 1.12194e-08 47.5577 -121.689
-0.163396 22.2141 110.247 1.18691e-08 47.5393 -121.731
-0.172296 22.2252 110.254 1.25193e-08 47.5209 -121.773
-0.181196 22.2364 110.261 1.31699e-08 47.5025 -121.814
-0.190097 22.2475 110.268 1.38209e-08 47.4841 -121.856
-0.198999 22.2587 110.276 1.44724e-08 47.4657 -121.898
-0.207901 22.2698 110.283 1.51242e-08 47.4473 -121.94
-0.216804 22.281 110.29 1.57765e-08 47.4289 -121.981
-0.225707 22.2922 110.297 1.64292e-08 47.4105 -122.023
-0.234611 22.3034 110.304 1.70824e-08 47.3921 -122.065
-0.243515 22.3146 110.312 1.7736e-08 47.3737 -122.107
-0.25242 22.3258 110.319 1.839e-08 47.3553 -122.148
-0.261326 22.337 110.326 1.90445e-08 47.3369 -122.19
-0.270232 22.3482 110.333 1.96993e-08 47.3185 -122.232
-0.279139 22.3595 110.34 2.03546e-08 47.3001 -122.274
-0.288047 22.3707 110.348 2.10104e-08 47.2817 -122.316
-0.296955 22.3819 110.355 2.16666e-08 47.2633 -122.357
-0.305863 22.3932 110.362 2.23232e-08 47.2449 -122.399
-0.314772 22.4044 110.369 2.29802e-08 47.2266 -122.441
-0.323682 22.4157 110.376 2.36377e-08 47.2082 -122.483
-0.332592 22.4269 110.383 2.42956e-08 47.1898 -122.524
-0.341503 22.4382 110.39 2.49539e-08 47.1714 -122.566
-0.350415 22.4495 110.398 2.56127e-08 47.153 -122.608
-0.359327 22.4608 110.405 2.62719e-08 47.1346 -122.65
-0.368239 22.4721 110.412 2.69316e-08 47.1162 -122.691
-0.377153 22.4834 110.419 2.75917e-08 47.0978 -122.733
-0.386066 22.4947 110.426 2.82522e-08 47.0795 -122.775
-0.394981 22.506 110.433 2.89132e-08 47.0611 -122.817
-0.403896 22.5173 110.44 2.95746e-08 47.0427 -122.858
-0.412811 22.5286 110.447 3.02364e-08 47.0243 -122.9
-0.421727 22.54 110.454 3.08987e-08 47.0059 -122.942
-0.430644 22.5513 110.461 3.15614e-08 46.9875 -122.984
-0.439561 22.5626 110.468 3.22246e-08 46.9692 -123.025
-0.448479 22.574 110.475 3.28882e-08 46.9508 -123.067
-0.457397 22.5853 110.482 3.35523e-08 46.9324 -123.109
-0.466316 22.5967 110.489 3.42168e-08 46.914 -123.151
-0.475236 22.6081 110.496 3.48817e-08 46.8957 -123.192
-0.484156 22.6195 110.503 3.55471e-08 46.8773 -123.234
-0.493077 22.6308 110.51 3.62129e-08 46.8589 -123.276
-0.501998 22.6422 110.517 3.68792e-08 46.8405 -123.318
-0.51092 22.6536 110.524 3.75459e-08 46.8222 -123.36
-0.519842 22.665 110.531 3.82131e-08 46.8038 -123.401
-0.528765 22.6764 110.538 3.88807e-08 46.7854 -123.443
-0.537689 22.6879 110.545 3.95487e-08 46.767 -123.485
-0.546613 22.6993 110.552 4.02172e-08 46.7487 -123.527
-0.555538 22.7107 110.559 4.08862e-08 46.7303 -123.568
-0.564463 22.7222 110.566 4.15556e-08 46.7119 -123.61
-0.573389 22.7336 110.573 4.22254e-08 46.6936 -123.652
-0.582315 22.745 110.58 4.28957e-08 46.6752 -123.694
-0.591242 22.7565 110.587 4.35665e-08 46.6568 -123.735
-0.60017 22.768 110.594 4.42377e-08 46.6385 -123.777
-0.609098 22.7794 110.6 4.49093e-08 46.6201 -123.819
-0.618027 22.7909 110.607 4.55814e-08 46.6018 -123.861
-0.626956 22.8024 110.614 4.6254e-08 46.5834 -123.902
-0.635886 22.8139 110.621 4.6927e-08 46.565 -123.944
-0.644816 22.8254 110.628 4.76005e-08 46.5467 -123.986
-0.653747 22.8369 110.635 4.82744e-08 46.5283 -124.028
-0.662679 22.8484 110.642 4.89488e-08 46.51 -124.069
-0.671611 22.8599 110.648 4.96236e-08 46.4916 -124.111
-0.680544 22.8714 110.655 5.02989e-08 46.4732 -124.153
-0.689477 22.883 110.662 5.09746e-08 46.4549 -124.195
-0.698411 22.8945 110.669 5.16508e-08 46.4365 -124.237
-0.707345 22.9061 110.676 5.23274e-08 46.4182 -124.278
-0.71628 22.9176 110.683 5.30046e-08 46.3998 -124.32
-0.725215 22.9292 110.689 5.36821e-08 46.3815 -124.362
-0.734151 22.9407 110.696 5.43601e-08 46.3631 -124.404
-0.743088 22.9523 110.703 5.50386e-08 46.3448 -124.445
-0.752025 22.9639 110.71 5.57176e-08 46.3264 -124.487
-0.760963 22.9755 110.716 5.6397e-08 46.3081 -124.529
-0.769901 22.987 110.723 5.70768e-08 46.2897 -124.571
-0.77884 22.9986 110.73 5.77572e-08 46.2714 -124.612
-0.78778 23.0102 110.737 5.8438e-08 46.253 -124.654
-0.79672 23.0219 110.743 5.91192e-08 46.2347 -124.696
-0.80566 23.0335 110.75 5.98009e-08 46.2163 -124.738
-0.814601 23.0451 110.757 6.04831e-08 46.198 -124.779
-0.823543 23.0567 110.764 6.11658e-08 46.1797 -124.821
-0.832485 23.0684 110.77 6.18489e-08 46.1613 -124.863
-0.841428 23.08 110.777 6.25324e-08 46.143 -124.905
-0.850371 23.0916 110.784 6.32165e-08 46.1246 -124.946
-0.859315 23.1033 110.79 6.3901e-08 46.1063 -124.988
-0.86826 23.115 110.797 6.4586e-08 46.088 -125.03
-0.877205 23.1266 110.804 6.52714e-08 46.0696 -125.072
-0.88615 23.1383 110.81 6.59573e-08 46.0513 -125.113
-0.895097 23.15 110.817 6.66437e-08 46.033 -125.155
-0.904043 23.1617 110.824 6.73305e-08 46.0146 -125.197
-0.912991 23.1734 110.83 6.80179e-08 45.9963 -125.239
-0.921938 23.1851 110.837 6.87056e-08 45.978 -125.281
-0.930887 23.1968 110.844 6.93939e-08 45.9596 -125.322
-0.939836 23.2085 110.85 7.00826e-08 45.9413 -125.364
-0.948785 23.2202 110.857 7.07718e-08 45.923 -125.406
-0.957735 23.2319 110.863 7.14615e-08 45.9047 -125.448
-0.966686 23.2437 110.87 7.21517e-08 45.8863 -125.489
-0.975637 23.2554 110.877 7.28423e-08 45.868 -125.531
-0.984589 23.2672 110.883 7.35334e-08 45.8497 -125.573
-0.993541 23.2789 110.89 7.4225e-08 45.8314 -125.615
-1.00249 23.2907 110.896 7.4917e-08 45.813 -125.656
-1.01145 23.3025 110.903 7.56095e-08 45.7947 -125.698
-1.0204 23.3142 110.909 7.63025e-08 45.7764 -125.74
-1.02936 23.326 110.916 7.6996e-08 45.7581 -125.782
-1.03831 23.3378 110.922 7.769e-08 45.7398 -125.823
-1.04727 23.3496 110.929 7.83844e-08 45.7214 -125.865
-1.05622 23.3614 110.935 7.90793e-08 45.7031 -125.907
-1.06518 23.3732 110.942 7.97747e-08 45.6848 -125.949
-1.07414 23.385 110.948 8.04706e-08 45.6665 -125.99
-1.08309 23.3968 110.955 8.11669e-08 45.6482 -126.032
-1.09205 23.4086 110.961 8.18638e-08 45.6299 -126.074
-1.10101 23.4205 110.968 8.25611e-08 45.6116 -126.116
-1.10997 23.4323 110.974 8.32589e-08 45.5933 -126.158
-1.11893 23.4442 110.981 8.39572e-08 45.5749 -126.199
-1.12789 23.456 110.987 8.4656e-08 45.5566 -126.241
-1.13685 23.4679 110.994 8.53552e-08 45.5383 -126.283
-1.14581 23.4797 111 8.60549e-08 45.52 -126.325
-1.15478 23.4916 111.007 8.67552e-08 45.5017 -126.366
-1.16374 23.5035 111.013 8.74559e-08 45.4834 -126.408
-1.1727 23.5154 111.02 8.81571e-08 45.4651 -126.45
-1.18167 23.5273 111.026 8.88587e-08 45.4468 -126.492
-1.19063 23.5392 111.032 8.95609e-08 45.4285 -126.533
-1.19959 23.5511 111.039 9.02636e-08 45.4102 -126.575
-1.20856 23.563 111.045 9.09667e-08 45.3919 -126.617
-1.21753 23.5749 111.051 9.16703e-08 45.3736 -126.659
-1.22649 23.5868 111.058 9.23745e-08 45.3553 -126.7
-1.23546 23.5987 111.064 9.30791e-08 45.337 -126.742
-1.24443 23.6107 111.071 9.37842e-08 45.3187 -126.784
-1.25339 23.6226 111.077 9.44898e-08 45.3004 -126.826
-1.26236 23.6346 111.083 9.51959e-08 45.2822 -126.867
-1.27133 23.6465 111.09 9.59025e-08 45.2639 -126.909
-1.2803 23.6585 111.096 9.66095e-08 45.2456 -126.951
-1.28927 23.6705 111.102 9.73171e-08 45.2273 -126.993
-1.29824 23.6824 111.109 9.80252e-08 45.209 -127.034
-1.30721 23.6944 111.115 9.87337e-08 45.1907 -127.076
-1.31619 23.7064 111.121 9.94428e-08 45.1724 -127.118
-1.32516 23.7184 111.127 1.00152e-07 45.1541 -127.16
-1.33413 23.7304 111.134 1.00862e-07 45.1359 -127.202
-1.34311 23.7424 111.14 1.01573e-07 45.1176 -127.243
-1.35208 23.7544 111.146 1.02284e-07 45.0993 -127.285
-1.36105 23.7664 111.153 1.02996e-07 45.081 -127.327
-1.37003 23.7785 111.159 1.03708e-07 45.0627 -127.369
-1.379 23.7905 111.165 1.0442e-07 45.0445 -127.41
-1.38798 23.8025 111.171 1.05133e-07 45.0262 -127.452
-1.39696 23.8146 111.177 1.05847e-07 45.0079 -127.494
-1.40594 23.8266 111.184 1.06561e-07 44.9896 -127.536
-1.41491 23.8387 111.19 1.07275e-07 44.9714 -127.577
-1.42389 23.8508 111.196 1.0799e-07 44.9531 -127.619
-1.43287 23.8628 111.202 1.08706e-07 44.9348 -127.661
-1.44185 23.8749 111.209 1.09422e-07 44.9166 -127.703
-1.45083 23.887 111.215 1.10139e-07 44.8983 -127.744
-1.45981 23.8991 111.221 1.10856e-07 44.88 -127.786
-1.46879 23.9112 111.227 1.11573e-07 44.8618 -127.828
-1.47777 23.9233 111.233 1.12291e-07 44.8435 -127.87
-1.48675 23.9354 111.239 1.1301e-07 44.8252 -127.911
-1.49574 23.9475 111.246 1.13729e-07 44.807 -127.953
-1.50472 23.9597 111.252 1.14449e-07 44.7887 -127.995
-1.5137 23.9718 111.258 1.15169e-07 44.7704 -128.037
-1.52269 23.9839 111.264 1.15889e-07 44.7522 -128.079
-1.53167 23.9961 111.27 1.1661e-07 44.7339 -128.12
-1.54066 24.0082 111.276 1.17332e-07 44.7157 -128.162
-1.54964 24.0204 111.282 1.18054e-07 44.6974 -128.204
-1.55863 24.0325 111.288 1.18777e-07 44.6792 -128.246
-1.56762 24.0447 111.294 1.195e-07 44.6609 -128.287
-1.5766 24.0569 111.3 1.20224e-07 44.6427 -128.329
-1.58559 24.0691 111.307 1.20948e-07 44.6244 -128.371
-1.59458 24.0812 111.313 1.21673e-07 44.6062 -128.413
-1.60357 24.0934 111.319 1.22398e-07 44.5879 -128.454
-1.61256 24.1056 111.325 1.23124e-07 44.5697 -128.496
-1.62155 24.1179 111.331 1.2385e-07 44.5514 -128.538
-1.63054 24.1301 111.337 1.24577e-07 44.5332 -128.58
-1.63953 24.1423 111.343 1.25304e-07 44.5149 -128.621
-1.64852 24.1545 111.349 1.26032e-07 44.4967 -128.663
-1.65751 24.1667 111.355 1.2676e-07 44.4784 -128.705
-1.66651 24.179 111.361 1.27489e-07 44.4602 -128.747
-1.6755 24.1912 111.367 1.28219e-07 44.442 -128.788
-1.68449 24.2035 111.373 1.28948e-07 44.4237 -128.83
-1.69349 24.2157 111.379 1.29679e-07 44.4055 -128.872
-1.70248 24.228 111.385 1.3041e-07 44.3873 -128.914
-1.71148 24.2403 111.391 1.31141e-07 44.369 -128.956
-1.72047 24.2526 111.397 1.31873e-07 44.3508 -128.997
-1.72947 24.2648 111.403 1.32606e-07 44.3326 -129.039
-1.73847 24.2771 111.409 1.33339e-07 44.3143 -129.081
-1.74746 24.2894 111.414 1.34072e-07 44.2961 -129.123
-1.75646 24.3017 111.42 1.34806e-07 44.2779 -129.164
-1.76546 24.314 111.426 1.35541e-07 44.2597 -129.206
-1.77446 24.3264 111.432 1.36276e-07 44.2414 -129.248
-1.78346 24.3387 111.438 1.37012e-07 44.2232 -129.29
-1.79246 24.351 111.444 1.37748e-07 44.205 -129.331
-1.80146 24.3633 111.45 1.38485e-07 44.1868 -129.373
-1.81046 24.3757 111.456 1.39222e-07 44.1685 -129.415
-1.81946 24.388 111.462 1.3996e-07 44.1503 -129.457
-1.82846 24.4004 111.468 1.40698e-07 44.1321 -129.498
-1.83746 24.4127 111.473 1.41437e-07 44.1139 -129.54
-1.84647 24.4251 111.479 1.42176e-07 44.0957 -129.582
-1.85547 24.4375 111.485 1.42916e-07 44.0775 -129.624
-1.86448 24.4499 111.491 1.43657e-07 44.0593 -129.665
-1.87348 24.4622 111.497 1.44398e-07 44.041 -129.707
-1.88248 24.4746 111.503 1.45139e-07 44.0228 -129.749
-1.89149 24.487 111.508 1.45881e-07 44.0046 -129.791
-1.9005 24.4994 111.514 1.46624e-07 43.9864 -129.832
-1.9095 24.5118 111.52 1.47367e-07 43.9682 -129.874
-1.91851 24.5243 111.526 1.48111e-07 43.95 -129.916
-1.92752 24.5367 111.532 1.48855e-07 43.9318 -129.958
-1.93653 24.5491 111.537 1.496e-07 43.9136 -130
-1.94553 24.5616 111.543 1.50345e-07 43.8954 -130.041
-1.95454 24.574 111.549 1.51091e-07 43.8772 -130.083
-1.96355 24.5864 111.555 1.51837e-07 43.859 -130.125
-1.97256 24.5989 111.56 1.52584e-07 43.8408 -130.167
-1.98157 24.6114 111.566 1.53331e-07 43.8226 -130.208
-1.99059 24.6238 111.572 1.54079e-07 43.8044 -130.25
-1.9996 24.6363 111.577 1.54828e-07 43.7862 -130.292
-2.00861 24.6488 111.583 1.55577e-07 43.768 -130.334
-2.01762 24.6613 111.589 1.56327e-07 43.7499 -130.375
-2.02663 24.6738 111.595 1.57077e-07 43.7317 -130.417
-2.03565 24.6863 111.6 1.57827e-07 43.7135 -130.459
-2.04466 24.6988 111.606 1.58579e-07 43.6953 -130.501
-2.05368 24.7113 111.612 1.5933e-07 43.6771 -130.542
-2.06269 24.7238 111.617 1.60083e-07 43.6589 -130.584
-2.07171 24.7363 111.623 1.60836e-07 43.6407 -130.626
-2.08072 24.7489 111.629 1.61589e-07 43.6226 -130.668
-2.08974 24.7614 111.634 1.62343e-07 43.6044 -130.709
-2.09876 24.7739 111.64 1.63098e-07 43.5862 -130.751
-2.10778 24.7865 111.645 1.63853e-07 43.568 -130.793
-2.11679 24.799 111.651 1.64608e-07 43.5499 -130.835
-2.12581 24.8116 111.657 1.65365e-07 43.5317 -130.877
-2.13483 24.8242 111.662 1.66121e-07 43.5135 -130.918
-2.14385 24.8367 111.668 1.66879e-07 43.4953 -130.96
-2.15287 24.8493 111.673 1.67636e-07 43.4772 -131.002
-2.16189 24.8619 111.679 1.68395e-07 43.459 -131.044
-2.17091 24.8745 111.685 1.69154e-07 43.4408 -131.085
-2.17994 24.8871 111.69 1.69913e-07 43.4227 -131.127
-2.18896 24.8997 111.696 1.70673e-07 43.4045 -131.169
-2.19798 24.9123 111.701 1.71434e-07 43.3864 -131.211
-2.207 24.9249 111.707 1.72195e-07 43.3682 -131.252
-2.21603 24.9376 111.712 1.72957e-07 43.35 -131.294
-2.22505 24.9502 111.718 1.73719e-07 43.3319 -131.336
-2.23408 24.9628 111.723 1.74482e-07 43.3137 -131.378
-2.2431 24.9755 111.729 1.75245e-07 43.2956 -131.419
-2.25213 24.9881 111.734 1.76009e-07 43.2774 -131.461
-2.26115 25.0008 111.74 1.76774e-07 43.2593 -131.503
-2.27018 25.0135 111.745 1.77539e-07 43.2411 -131.545
-2.27921 25.0261 111.751 1.78305e-07 43.223 -131.586
-2.28824 25.0388 111.756 1.79071e-07 43.2048 -131.628
-2.29726 25.0515 111.762 1.79838e-07 43.1867 -131.67
-2.30629 25.0642 111.767 1.80605e-07 43.1685 -131.712
-2.31532 25.0769 111.773 1.81373e-07 43.1504 -131.753
-2.32435 25.0896 111.778 1.82142e-07 43.1322 -131.795
-2.33338 25.1023 111.784 1.82911e-07 43.1141 -131.837
-2.34241 25.115 111.789 1.8368e-07 43.096 -131.879
-2.35144 25.1277 111.794 1.84451e-07 43.0778 -131.921
-2.36048 25.1404 111.8 1.85221e-07 43.0597 -131.962
-2.36951 25.1531 111.805 1.85993e-07 43.0416 -132.004
-2.37854 25.1659 111.811 1.86765e-07 43.0234 -132.046
-2.38757 25.1786 111.816 1.87537e-07 43.0053 -132.088
-2.39661 25.1914 111.821 1.8831e-07 42.9872 -132.129
-2.40564 25.2041 111.827 1.89084e-07 42.969 -132.171
-2.41468 25.2169 111.832 1.89858e-07 42.9509 -132.213
-2.42371 25.2297 111.838 1.90633e-07 42.9328 -132.255
-2.43275 25.2424 111.843 1.91408e-07 42.9147 -132.296
-2.44178 25.2552 111.848 1.92184e-07 42.8965 -132.338
-2.45082 25.268 111.854 1.9296e-07 42.8784 -132.38
-2.45986 25.2808 111.859 1.93737e-07 42.8603 -132.422
-2.46889 25.2936 111.864 1.94515e-07 42.8422 -132.463
-2.47793 25.3064 111.87 1.95293e-07 42.8241 -132.505
-2.48697 25.3192 111.875 1.96072e-07 42.8059 -132.547
-2.49601 25.332 111.88 1.96852e-07 42.7878 -132.589
-2.50505 25.3449 111.885 1.97631e-07 42.7697 -132.63
-2.51409 25.3577 111.891 1.98412e-07 42.7516 -132.672
-2.52313 25.3705 111.896 1.99193e-07 42.7335 -132.714
-2.53217 25.3834 111.901 1.99975e-07 42.7154 -132.756
-2.54121 25.3962 111.907 2.00757e-07 42.6973 -132.798
-2.55025 25.4091 111.912 2.0154e-07 42.6792 -132.839
-2.5593 25.4219 111.917 2.02324e-07 42.6611 -132.881
-2.56834 25.4348 111.922 2.03108e-07 42.643 -132.923
-2.57738 25.4477 111.927 2.03892e-07 42.6249 -132.965
-2.58643 25.4605 111.933 2.04677e-07 42.6068 -133.006
-2.59547 25.4734 111.938 2.05463e-07 42.5887 -133.048
-2.60452 25.4863 111.943 2.0625e-07 42.5706 -133.09
-2.61356 25.4992 111.948 2.07037e-07 42.5525 -133.132
-2.62261 25.5121 111.953 2.07824e-07 42.5344 -133.173
-2.63165 25.525 111.959 2.08612e-07 42.5163 -133.215
-2.6407 25.5379 111.964 2.09401e-07 42.4982 -133.257
-2.64975 25.5509 111.969 2.1019e-07 42.4801 -133.299
-2.6588 25.5638 111.974 2.1098e-07 42.4621 -133.34
-2.66784 25.5767 111.979 2.11771e-07 42.444 -133.382
-2.67689 25.5897 111.984 2.12562e-07 42.4259 -133.424
-2.68594 25.6026 111.99 2.13354e-07 42.4078 -133.466
-2.69499 25.6156 111.995 2.14146e-07 42.3897 -133.507
-2.70404 25.6285 112 2.14939e-07 42.3717 -133.549
-2.71309 25.6415 112.005 2.15732e-07 42.3536 -133.591
-2.72214 25.6545 112.01 2.16526e-07 42.3355 -133.633
-2.73119 25.6674 112.015 2.17321e-07 42.3174 -133.674
-2.74025 25.6804 112.02 2.18116e-07 42.2994 -133.716
-2.7493 25.6934 112.025 2.18912e-07 42.2813 -133.758
-2.75835 25.7064 112.03 2.19709e-07 42.2632 -133.8
-2.76741 25.7194 112.035 2.20506e-07 42.2452 -133.842
-2.77646 25.7324 112.04 2.21304e-07 42.2271 -133.883
-2.78551 25.7454 112.046 2.22102e-07 42.209 -133.925
-2.79457 25.7585 112.051 2.22901e-07 42.191 -133.967
-2.80362 25.7715 112.056 2.237e-07 42.1729 -134.009
-2.81268 25.7845 112.061 2.245e-07 42.1548 -134.05
-2.82174 25.7975 112.066 2.25301e-07 42.1368 -134.092
-2.83079 25.8106 112.071 2.26102e-07 42.1187 -134.134
-2.83985 25.8236 112.076 2.26904e-07 42.1007 -134.176
-2.84891 25.8367 112.081 2.27707e-07 42.0826 -134.217
-2.85797 25.8498 112.086 2.2851e-07 42.0646 -134.259
-2.86702 25.8628 112.091 2.29314e-07 42.0465 -134.301
-2.87608 25.8759 112.096 2.30118e-07 42.0285 -134.343
-2.88514 25.889 112.101 2.30923e-07 42.0104 -134.384
-2.8942 25.9021 112.106 2.31729e-07 41.9924 -134.426
-2.90326 25.9152 112.11 2.32535e-07 41.9744 -134.468
-2.91232 25.9283 112.115 2.33341e-07 41.9563 -134.51
-2.92139 25.9414 112.12 2.34149e-07 41.9383 -134.551
-2.93045 25.9545 112.125 2.34957e-07 41.9202 -134.593
-2.93951 25.9676 112.13 2.35766e-07 41.9022 -134.635
-2.94857 25.9807 112.135 2.36575e-07 41.8842 -134.677
-2.95764 25.9938 112.14 2.37385e-07 41.8661 -134.719
-2.9667 26.007 112.145 2.38195e-07 41.8481 -134.76
-2.97576 26.0201 112.15 2.39006e-07 41.8301 -134.802
-2.98483 26.0333 112.155 2.39818e-07 41.8121 -134.844
-2.99389 26.0464 112.16 2.4063e-07 41.794 -134.886
-3.00296 26.0596 112.164 2.41443e-07 41.776 -134.927
-3.01203 26.0727 112.169 2.42257e-07 41.758 -134.969
-3.02109 26.0859 112.174 2.43071e-07 41.74 -135.011
-3.03016 26.0991 112.179 2.43886e-07 41.7219 -135.053
-3.03923 26.1123 112.184 2.44701e-07 41.7039 -135.094
-3.04829 26.1255 112.189 2.45517e-07 41.6859 -135.136
-3.05736 26.1387 112.193 2.46334e-07 41.6679 -135.178
-3.06643 26.1519 112.198 2.47151e-07 41.6499 -135.22
-3.0755 26.1651 112.203 2.47969e-07 41.6319 -135.261
-3.08457 26.1783 112.208 2.48788e-07 41.6139 -135.303
-3.09364 26.1915 112.213 2.49607e-07 41.5959 -135.345
-3.10271 26.2047 112.217 2.50427e-07 41.5779 -135.387
-3.11178 26.218 112.222 2.51247e-07 41.5599 -135.428
-3.12085 26.2312 112.227 2.52068e-07 41.5419 -135.47
-3.12993 26.2444 112.232 2.5289e-07 41.5239 -135.512
-3.139 26.2577 112.236 2.53712e-07 41.5059 -135.554
-3.14807 26.271 112.241 2.54535e-07 41.4879 -135.595
-3.15715 26.2842 112.246 2.55359e-07 41.4699 -135.637
-3.16622 26.2975 112.251 2.56183e-07 41.4519 -135.679
-3.17529 26.3108 112.255 2.57008e-07 41.4339 -135.721
-3.18437 26.324 112.26 2.57833e-07 41.4159 -135.763
-3.19344 26.3373 112.265 2.58659e-07 41.3979 -135.804
-3.20252 26.3506 112.269 2.59486e-07 41.3799 -135.846
-3.2116 26.3639 112.274 2.60313e-07 41.362 -135.888
-3.22067 26.3772 112.279 2.61141e-07 41.344 -135.93
-3.22975 26.3905 112.283 2.6197e-07 41.326 -135.971
-3.23883 26.4038 112.288 2.62799e-07 41.308 -136.013
-3.2479 26.4172 112.293 2.63629e-07 41.29 -136.055
-3.25698 26.4305 112.297 2.6446e-07 41.2721 -136.097
-3.26606 26.4438 112.302 2.65291e-07 41.2541 -136.138
-3.27514 26.4572 112.307 2.66123e-07 41.2361 -136.18
-3.28422 26.4705 112.311 2.66955e-07 41.2182 -136.222
-3.2933 26.4838 112.316 2.67789e-07 41.2002 -136.264
-3.30238 26.4972 112.321 2.68622e-07 41.1822 -136.305
-3.31146 26.5106 112.325 2.69457e-07 41.1643 -136.347
-3.32054 26.5239 112.33 2.70292e-07 41.1463 -136.389
-3.32963 26.5373 112.334 2.71128e-07 41.1283 -136.431
-3.33871 26.5507 112.339 2.71964e-07 41.1104 -136.472
-3.34779 26.5641 112.343 2.72801e-07 41.0924 -136.514
-3.35687 26.5775 112.348 2.73639e-07 41.0745 -136.556
-3.36596 26.5909 112.353 2.74477e-07 41.0565 -136.598
-3.37504 26.6043 112.357 2.75316e-07 41.0386 -136.64
-3.38413 26.6177 112.362 2.76155e-07 41.0206 -136.681
-3.39321 26.6311 112.366 2.76996e-07 41.0027 -136.723
-3.4023 26.6445 112.371 2.77837e-07 40.9847 -136.765
-3.41138 26.658 112.375 2.78678e-07 40.9668 -136.807
-3.42047 26.6714 112.38 2.7952e-07 40.9488 -136.848
-3.42956 26.6848 112.384 2.80363e-07 40.9309 -136.89
-3.43864 26.6983 112.389 2.81207e-07 40.913 -136.932
-3.44773 26.7117 112.393 2.82051e-07 40.895 -136.974
-3.45682 26.7252 112.398 2.82896e-07 40.8771 -137.015
-3.46591 26.7386 112.402 2.83741e-07 40.8592 -137.057
-3.475 26.7521 112.407 2.84587e-07 40.8412 -137.099
-3.48409 26.7656 112.411 2.85434e-07 40.8233 -137.141
-3.49318 26.7791 112.416 2.86282e-07 40.8054 -137.182
-3.50227 26.7926 112.42 2.8713e-07 40.7875 -137.224
-3.51136 26.806 112.424 2.87979e-07 40.7695 -137.266
-3.52045 26.8195 112.429 2.88828e-07 40.7516 -137.308
-3.52954 26.8331 112.433 2.89678e-07 40.7337 -137.349
-3.53863 26.8466 112.438 2.90529e-07 40.7158 -137.391
-3.54773 26.8601 112.442 2.9138e-07 40.6979 -137.433
-3.55682 26.8736 112.446 2.92233e-07 40.68 -137.475
-3.56591 26.8871 112.451 2.93085e-07 40.662 -137.516
-3.57501 26.9007 112.455 2.93939e-07 40.6441 -137.558
-3.5841 26.9142 112.46 2.94793e-07 40.6262 -137.6
-3.5932 26.9277 112.464 2.95648e-07 40.6083 -137.642
-3.60229 26.9413 112.468 2.96503e-07 40.5904 -137.684
-3.61139 26.9549 112.473 2.97359e-07 40.5725 -137.725
-3.62048 26.9684 112.477 2.98216e-07 40.5546 -137.767
-3.62958 26.982 112.481 2.99073e-07 40.5367 -137.809
-3.63868 26.9956 112.486 2.99932e-07 40.5188 -137.851
-3.64777 27.0091 112.49 3.0079e-07 40.5009 -137.892
-3.65687 27.0227 112.494 3.01649e-07 40.4831 -137.934
-3.66597 27.0361 112.498 3.02508e-07 40.4654 -137.976
-3.67507 27.0494 112.503 3.03367e-07 40.4479 -138.018
-3.68417 27.0626 112.507 3.04226e-07 40.4304 -138.059
-3.69327 27.0758 112.511 3.05084e-07 40.4131 -138.101
-3.70237 27.0888 112.515 3.05943e-07 40.3959 -138.143
-3.71147 27.1017 112.519 3.06801e-07 40.3789 -138.185
-3.72057 27.1145 112.524 3.07659e-07 40.3619 -138.226
-3.72967 27.1273 112.528 3.08518e-07 40.3451 -138.268
-3.73877 27.1399 112.532 3.09376e-07 40.3284 -138.31
-3.74787 27.1524 112.536 3.10233e-07 40.3118 -138.352
-3.75698 27.1648 112.54 3.11091e-07 40.2954 -138.393
-3.76608 27.1772 112.544 3.11948e-07 40.2791 -138.435
-3.77518 27.1894 112.548 3.12806e-07 40.2629 -138.477
-3.78429 27.2015 112.552 3.13663e-07 40.2468 -138.519
-3.79339 27.2135 112.556 3.1452e-07 40.2309 -138.561
-3.8025 27.2255 112.56 3.15377e-07 40.215 -138.602
-3.8116 27.2373 112.563 3.16233e-07 40.1993 -138.644
-3.82071 27.249 112.567 3.17089e-07 40.1838 -138.686
-3.82981 27.2606 112.571 3.17946e-07 40.1683 -138.728
-3.83892 27.2722 112.575 3.18801e-07 40.153 -138.769
-3.84803 27.2836 112.579 3.19657e-07 40.1378 -138.811
-3.85713 27.2949 112.582 3.20513e-07 40.1227 -138.853
-3.86624 27.3061 112.586 3.21368e-07 40.1078 -138.895
-3.87535 27.3172 112.59 3.22223e-07 40.0929 -138.936
-3.88446 27.3283 112.594 3.23077e-07 40.0782 -138.978
-3.89357 27.3392 112.597 3.23932e-07 40.0636 -139.02
-3.90268 27.35 112.601 3.24786e-07 40.0492 -139.062
-3.91178 27.3607 112.604 3.2564e-07 40.0348 -139.103
-3.9209 27.3713 112.608 3.26493e-07 40.0206 -139.145
-3.93001 27.3818 112.612 3.27347e-07 40.0066 -139.187
-3.93912 27.3922 112.615 3.282e-07 39.9926 -139.229
-3.94823 27.4025 112.619 3.29052e-07 39.9788 -139.27
-3.95734 27.4127 112.622 3.29905e-07 39.965 -139.312
-3.96645 27.4228 112.626 3.30757e-07 39.9514 -139.354
-3.97557 27.4328 112.629 3.31609e-07 39.938 -139.396
-3.98468 27.4427 112.633 3.3246e-07 39.9246 -139.438
-3.99379 27.4525 112.636 3.33311e-07 39.9114 -139.479
-4.00291 27.4622 112.639 3.34162e-07 39.8983 -139.521
-4.01202 27.4718 112.643 3.35012e-07 39.8854 -139.563
-4.02113 27.4813 112.646 3.35862e-07 39.8725 -139.605
-4.03025 27.4907 112.65 3.36712e-07 39.8598 -139.646
-4.03937 27.5 112.653 3.37561e-07 39.8472 -139.688
-4.04848 27.5092 112.656 3.3841e-07 39.8347 -139.73
-4.0576 27.5183 112.659 3.39258e-07 39.8224 -139.772
-4.06671 27.5272 112.663 3.40106e-07 39.8101 -139.813
-4.07583 27.5361 112.666 3.40954e-07 39.798 -139.855
-4.08495 27.5449 112.669 3.41801e-07 39.786 -139.897
-4.09407 27.5536 112.672 3.42648e-07 39.7742 -139.939
-4.10319 27.5621 112.675 3.43494e-07 39.7624 -139.98
-4.11231 27.5706 112.679 3.4434e-07 39.7508 -140.022
-4.12142 27.579 112.682 3.45186e-07 39.7393 -140.064
-4.13054 27.5872 112.685 3.46031e-07 39.728 -140.106
-4.13966 27.5954 112.688 3.46875e-07 39.7167 -140.147
-4.14879 27.6034 112.691 3.4772e-07 39.7056 -140.189
-4.15791 27.6114 112.694 3.48563e-07 39.6946 -140.231
-4.16703 27.6192 112.697 3.49406e-07 39.6838 -140.273
-4.17615 27.627 112.7 3.50249e-07 39.673 -140.314
-4.18527 27.6346 112.703 3.51091e-07 39.6624 -140.356
-4.19439 27.6421 112.706 3.51933e-07 39.6519 -140.398
-4.20352 27.6496 112.709 3.52774e-07 39.6415 -140.44
-4.21263 27.6569 112.712 3.53614e-07 39.6313 -140.482
-4.22166 27.6641 112.715 3.54446e-07 39.6211 -140.523
-4.23057 27.6712 112.718 3.55268e-07 39.6111 -140.565
-4.23936 27.6782 112.721 3.5608e-07 39.6012 -140.607
-4.24805 27.6851 112.723 3.56881e-07 39.5914 -140.649
-4.25661 27.6919 112.726 3.57672e-07 39.5818 -140.69
-4.26506 27.6986 112.729 3.58453e-07 39.5722 -140.732
-4.2734 27.7051 112.732 3.59224e-07 39.5628 -140.774
-4.28162 27.7116 112.735 3.59985e-07 39.5535 -140.816
-4.28973 27.7179 112.738 3.60735e-07 39.5443 -140.857
-4.29772 27.7241 112.741 3.61475e-07 39.5352 -140.899
-4.30559 27.7302 112.743 3.62205e-07 39.5263 -140.941
-4.31336 27.7362 112.746 3.62924e-07 39.5175 -140.983
-4.321 27.7421 112.749 3.63634e-07 39.5087 -141.024
-4.32854 27.7479 112.752 3.64333e-07 39.5001 -141.066
-4.33595 27.7536 112.755 3.65021e-07 39.4917 -141.108
-4.34326 27.7591 112.758 3.657e-07 39.4833 -141.15
-4.35044 27.7646 112.76 3.66368e-07 39.4751 -141.191
-4.35752 27.7699 112.763 3.67025e-07 39.4669 -141.233
-4.36447 27.7751 112.766 3.67673e-07 39.4589 -141.275
-4.37132 27.7803 112.769 3.6831e-07 39.451 -141.317
-4.37804 27.7853 112.771 3.68936e-07 39.4433 -141.359
-4.38466 27.7901 112.774 3.69552e-07 39.4356 -141.4
-4.39116 27.7949 112.777 3.70158e-07 39.4281 -141.442
-4.39754 27.7996 112.78 3.70754e-07 39.4207 -141.484
-4.40381 27.8041 112.783 3.71339e-07 39.4134 -141.526
-4.40996 27.8086 112.785 3.71913e-07 39.4062 -141.567
-4.416 27.8129 112.788 3.72477e-07 39.3991 -141.609
-4.42192 27.8171 112.791 3.73031e-07 39.3922 -141.651
-4.42773 27.8212 112.793 3.73574e-07 39.3853 -141.693
-4.43342 27.8252 112.796 3.74107e-07 39.3786 -141.734
-4.439 27.8291 112.799 3.74629e-07 39.372 -141.776
-4.44446 27.8329 112.802 3.75141e-07 39.3655 -141.818
-4.44981 27.8365 112.804 3.75643e-07 39.3592 -141.86
-4.45505 27.8401 112.807 3.76133e-07 39.3529 -141.901
-4.46016 27.8435 112.81 3.76614e-07 39.3468 -141.943
-4.46517 27.8468 112.812 3.77084e-07 39.3408 -141.985
-4.47006 27.85 112.815 3.77543e-07 39.3349 -142.026
-4.47483 27.8531 112.818 3.77992e-07 39.3291 -142.066
-4.47949 27.8561 112.82 3.7843e-07 39.3235 -142.105
-4.48403 27.8589 112.823 3.78858e-07 39.3179 -142.143
-4.48846 27.8617 112.826 3.79275e-07 39.3125 -142.18
-4.49277 27.8643 112.828 3.79682e-07 39.3072 -142.216
-4.49697 27.8669 112.831 3.80078e-07 39.302 -142.252
-4.50105 27.8693 112.834 3.80463e-07 39.2969 -142.286
-4.50502 27.8716 112.836 3.80838e-07 39.292 -142.319
-4.50887 27.8738 112.839 3.81203e-07 39.2871 -142.351
-4.51261 27.8758 112.842 3.81557e-07 39.2824 -142.382
-4.51624 27.8778 112.844 3.819e-07 39.2778 -142.412
-4.51974 27.8796 112.847 3.82232e-07 39.2733 -142.441
-4.52314 27.8814 112.85 3.82554e-07 39.269 -142.469
-4.52641 27.883 112.852 3.82866e-07 39.2647 -142.496
-4.52957 27.8845 112.855 3.83166e-07 39.2606 -142.522
-4.53262 27.8859 112.858 3.83457e-07 39.2566 -142.547
-4.53555 27.8872 112.86 3.83736e-07 39.2527 -142.571
-4.53837 27.8883 112.863 3.84005e-07 39.2489 -142.595
-4.54107 27.8894 112.865 3.84263e-07 39.2452 -142.617
-4.54366 27.8903 112.868 3.84511e-07 39.2417 -142.638
-4.54613 27.8912 112.871 3.84748e-07 39.2382 -142.658
-4.54849 27.8919 112.873 3.84974e-07 39.2349 -142.677
-4.55073 27.8925 112.876 3.85189e-07 39.2317 -142.695
-4.55285 27.8929 112.878 3.85394e-07 39.2286 -142.712
-4.55486 27.8934 112.881 3.85588e-07 39.2257 -142.728
-4.55673 27.8938 112.883 3.85769e-07 39.223 -142.743
-4.55849 27.8942 112.885 3.85938e-07 39.2204 -142.757
-4.56012 27.8945 112.887 3.86096e-07 39.218 -142.77
-4.56163 27.8948 112.889 3.86241e-07 39.2158 -142.783
-4.56301 27.8951 112.891 3.86374e-07 39.2138 -142.794
-4.56426 27.8954 112.893 3.86496e-07 39.212 -142.804
-4.5654 27.8957 112.894 3.86605e-07 39.2104 -142.813
-4.5664 27.8959 112.895 3.86702e-07 39.2089 -142.821
-4.56729 27.8961 112.896 3.86788e-07 39.2076 -142.828
-4.56805 27.8962 112.897 3.86861e-07 39.2065 -142.834
-4.56868 27.8964 112.898 3.86922e-07 39.2056 -142.839
-4.56919 27.8965 112.899 3.86971e-07 39.2048 -142.843
-4.56957 27.8966 112.899 3.87008e-07 39.2043 -142.846
-4.56983 27.8966 112.899 3.87034e-07 39.2039 -142.848
