493.407	-39.4385	456	0	180	-142.85
493.408	-39.438	456.001	0	180	-142.849
493.409	-39.4365	456.002	0	180	-142.848
493.411	-39.434	456.005	0	180	-142.845
493.415	-39.4305	456.008	0	180	-142.842
493.418	-39.426	456.013	0	180	-142.837
493.422	-39.4205	456.018	0	180	-142.832
493.425	-39.414	456.024	0	180	-142.826
493.429	-39.4065	456.032	0	180	-142.819
493.432	-39.398	456.041	0	180	-142.813
493.436	-39.3885	456.05	0	180	-142.807
493.439	-39.378	456.061	0	180	-142.801
493.443	-39.3665	456.072	0	180	-142.795
493.446	-39.354	456.084	0	180	-142.789
493.45	-39.3405	456.098	0	180	-142.782
493.453	-39.326	456.113	0	180	-142.776
493.457	-39.3105	456.128	0	180	-142.77
493.46	-39.294	456.144	0	180	-142.764
493.464	-39.2765	456.162	0	180	-142.758
493.467	-39.258	456.18	0	180	-142.751
493.471	-39.2385	456.2	0	180	-142.745
493.474	-39.218	456.221	0	180	-142.739
493.478	-39.1965	456.242	0	180	-142.733
493.481	-39.174	456.264	0	180	-142.727
493.484	-39.1505	456.288	0	180	-142.721
493.488	-39.126	456.312	0	180	-142.714
493.491	-39.1005	456.338	0	180	-142.708
493.495	-39.074	456.365	0	180	-142.702
493.498	-39.0465	456.392	0	180	-142.696
493.502	-39.018	456.421	0	180	-142.69
493.505	-38.9885	456.45	0	180	-142.684
493.509	-38.958	456.481	0	180	-142.677
493.512	-38.9265	456.512	0	180	-142.671
493.516	-38.894	456.545	0	180	-142.665
493.519	-38.8605	456.578	0	180	-142.659
493.523	-38.826	456.613	0	180	-142.653
493.526	-38.7905	456.648	0	180	-142.647
493.53	-38.754	456.685	0	180	-142.64
493.533	-38.7165	456.722	0	180	-142.634
493.537	-38.678	456.761	0	180	-142.628
493.54	-38.6385	456.8	0	180	-142.622
493.544	-38.598	456.841	0	180	-142.616
493.547	-38.5565	456.882	0	180	-142.61
493.551	-38.514	456.925	0	180	-142.603
493.554	-38.4705	456.968	0	180	-142.597
493.558	-38.426	457.013	0	180	-142.591
493.561	-38.3805	457.058	0	180	-142.585
493.565	-38.334	457.105	0	180	-142.579
493.568	-38.2865	457.152	0	180	-142.573
493.571	-38.238	457.201	0	180	-142.566
493.575	-38.1885	457.25	0	180	-142.56
493.578	-38.138	457.3	0	180	-142.554
493.582	-38.0865	457.352	0	180	-142.548
493.585	-38.034	457.404	0	180	-142.542
493.589	-37.9805	457.458	0	180	-142.536
493.592	-37.926	457.512	0	180	-142.529
493.596	-37.8705	457.568	0	180	-142.523
493.599	-37.814	457.625	0	180	-142.517
493.603	-37.7565	457.682	0	180	-142.511
493.606	-37.698	457.74	0	180	-142.505
493.61	-37.6385	457.8	0	180	-142.498
493.613	-37.578	457.861	0	180	-142.492
493.617	-37.5165	457.922	0	180	-142.486
493.62	-37.4547	457.985	0	180	-142.48
493.624	-37.3928	458.048	0	180	-142.474
493.627	-37.331	458.113	0	180	-142.468
493.631	-37.2692	458.178	0	180	-142.461
493.634	-37.2073	458.245	0	180	-142.455
493.638	-37.1455	458.312	0	180	-142.449
493.641	-37.0837	458.381	0	180	-142.443
493.645	-37.0218	458.45	0	180	-142.437
493.648	-36.96	458.52	0	180	-142.431
493.652	-36.8982	458.592	0	180	-142.424
493.655	-36.8363	458.665	0	180	-142.418
493.658	-36.7745	458.738	0	180	-142.412
493.662	-36.7126	458.812	0	180	-142.406
493.665	-36.6508	458.888	0	180	-142.4
493.669	-36.589	458.964	0	180	-142.394
493.672	-36.5271	459.041	0	180	-142.387
493.676	-36.4653	459.118	0	180	-142.381
493.679	-36.4035	459.194	0	180	-142.375
493.683	-36.3416	459.271	0	180	-142.369
493.686	-36.2798	459.348	0	180	-142.363
493.69	-36.218	459.424	0	180	-142.357
493.693	-36.1561	459.501	0	180	-142.35
493.697	-36.0943	459.578	0	180	-142.344
493.7	-36.0325	459.654	0	180	-142.338
493.704	-35.9706	459.731	0	180	-142.332
493.707	-35.9088	459.808	0	180	-142.326
493.711	-35.8469	459.884	0	180	-142.32
493.714	-35.7851	459.961	0	180	-142.313
493.718	-35.7233	460.038	0	180	-142.307
493.721	-35.6614	460.114	0	180	-142.301
493.725	-35.5996	460.191	0	180	-142.295
493.728	-35.5378	460.267	0	180	-142.289
493.732	-35.4759	460.344	0	180	-142.282
493.735	-35.4141	460.421	0	180	-142.276
493.739	-35.3523	460.497	0	180	-142.27
493.742	-35.2904	460.574	0	180	-142.264
493.745	-35.2286	460.651	0	180	-142.258
493.749	-35.1668	460.727	0	180	-142.252
493.752	-35.1049	460.804	0	180	-142.245
493.756	-35.0431	460.881	0	180	-142.239
493.759	-34.9812	460.957	0	180	-142.233
493.763	-34.9194	461.034	0	180	-142.227
493.766	-34.8576	461.111	0	180	-142.221
493.77	-34.7957	461.187	0	180	-142.215
493.773	-34.7339	461.264	0	180	-142.208
493.777	-34.6721	461.341	0	180	-142.202
493.78	-34.6102	461.417	0	180	-142.196
493.784	-34.5484	461.494	0	180	-142.19
493.787	-34.4866	461.57	0	180	-142.184
493.791	-34.4247	461.647	0	180	-142.178
493.794	-34.3629	461.724	0	180	-142.171
493.798	-34.301	461.8	0	180	-142.165
493.801	-34.2392	461.877	0	180	-142.159
493.805	-34.1774	461.954	0	180	-142.153
493.808	-34.1155	462.03	0	180	-142.147
493.812	-34.0537	462.107	0	180	-142.141
493.815	-33.9919	462.184	0	180	-142.134
493.819	-33.93	462.26	0	180	-142.128
493.822	-33.8682	462.337	0	180	-142.122
493.826	-33.8064	462.414	0	180	-142.116
493.829	-33.7445	462.49	0	180	-142.11
493.832	-33.6827	462.567	0	180	-142.104
493.836	-33.6209	462.644	0	180	-142.097
493.839	-33.559	462.72	0	180	-142.091
493.843	-33.4972	462.797	0	180	-142.085
493.846	-33.4353	462.873	0	180	-142.079
493.85	-33.3735	462.95	0	180	-142.073
493.853	-33.3117	463.027	0	180	-142.067
493.857	-33.2498	463.103	0	180	-142.06
493.86	-33.188	463.18	0	180	-142.054
493.864	-33.1262	463.257	0	180	-142.048
493.867	-33.0643	463.333	0	180	-142.042
493.871	-33.0025	463.41	0	180	-142.036
493.874	-32.9407	463.487	0	180	-142.029
493.878	-32.8788	463.563	0	180	-142.023
493.881	-32.817	463.64	0	180	-142.017
493.885	-32.7552	463.717	0	180	-142.011
493.888	-32.6933	463.793	0	180	-142.005
493.892	-32.6315	463.87	0	180	-141.999
493.895	-32.5696	463.947	0	180	-141.992
493.899	-32.5078	464.023	0	180	-141.986
493.902	-32.446	464.1	0	180	-141.98
493.906	-32.3841	464.177	0	180	-141.974
493.909	-32.3223	464.253	0	180	-141.968
493.913	-32.2605	464.33	0	180	-141.962
493.916	-32.1986	464.406	0	180	-141.955
493.919	-32.1368	464.483	0	180	-141.949
493.923	-32.075	464.56	0	180	-141.943
493.926	-32.0131	464.636	0	180	-141.937
493.93	-31.9513	464.713	0	180	-141.931
493.933	-31.8895	464.79	0	180	-141.925
493.937	-31.8276	464.866	0	180	-141.918
493.94	-31.7658	464.943	0	180	-141.912
493.944	-31.7039	465.02	0	180	-141.906
493.947	-31.6421	465.096	0	180	-141.9
493.951	-31.5803	465.173	0	180	-141.894
493.954	-31.5184	465.25	0	180	-141.888
493.958	-31.4566	465.326	0	180	-141.881
493.961	-31.3948	465.403	0	180	-141.875
493.965	-31.3329	465.48	0	180	-141.869
493.968	-31.2711	465.556	0	180	-141.863
493.972	-31.2093	465.633	0	180	-141.857
493.975	-31.1474	465.709	0	180	-141.851
493.979	-31.0856	465.786	0	180	-141.844
493.982	-31.0237	465.863	0	180	-141.838
493.986	-30.9619	465.939	0	180	-141.832
493.989	-30.9001	466.016	0	180	-141.826
493.993	-30.8382	466.093	0	180	-141.82
493.996	-30.7764	466.169	0	180	-141.814
494	-30.7146	466.246	0	180	-141.807
494.003	-30.6527	466.323	0	180	-141.801
494.006	-30.5909	466.399	0	180	-141.795
494.01	-30.5291	466.476	0	180	-141.789
494.013	-30.4672	466.553	0	180	-141.783
494.017	-30.4054	466.629	0	180	-141.776
494.02	-30.3436	466.706	0	180	-141.77
494.024	-30.2817	466.783	0	180	-141.764
494.027	-30.2199	466.859	0	180	-141.758
494.031	-30.158	466.936	0	180	-141.752
494.034	-30.0962	467.013	0	180	-141.746
494.038	-30.0344	467.089	0	180	-141.739
494.041	-29.9725	467.166	0	180	-141.733
494.045	-29.9107	467.242	0	180	-141.727
494.048	-29.8489	467.319	0	180	-141.721
494.052	-29.787	467.396	0	180	-141.715
494.055	-29.7252	467.472	0	180	-141.709
494.059	-29.6634	467.549	0	180	-141.702
494.062	-29.6015	467.626	0	180	-141.696
494.066	-29.5397	467.702	0	180	-141.69
494.069	-29.4779	467.779	0	180	-141.684
494.073	-29.416	467.856	0	180	-141.678
494.076	-29.3542	467.932	0	180	-141.672
494.08	-29.2923	468.009	0	180	-141.665
494.083	-29.2305	468.086	0	180	-141.659
494.087	-29.1687	468.162	0	180	-141.653
494.09	-29.1068	468.239	0	180	-141.647
494.093	-29.045	468.316	0	180	-141.641
494.097	-28.9832	468.392	0	180	-141.635
494.1	-28.9213	468.469	0	180	-141.628
494.104	-28.8595	468.545	0	180	-141.622
494.107	-28.7977	468.622	0	180	-141.616
494.111	-28.7358	468.699	0	180	-141.61
494.114	-28.674	468.775	0	180	-141.604
494.118	-28.6122	468.852	0	180	-141.598
494.121	-28.5503	468.929	0	180	-141.591
494.125	-28.4885	469.005	0	180	-141.585
494.128	-28.4266	469.082	0	180	-141.579
494.132	-28.3648	469.159	0	180	-141.573
494.135	-28.303	469.235	0	180	-141.567
494.139	-28.2411	469.312	0	180	-141.561
494.142	-28.1793	469.389	0	180	-141.554
494.146	-28.1175	469.465	0	180	-141.548
494.149	-28.0556	469.542	0	180	-141.542
494.153	-27.9938	469.619	0	180	-141.536
494.156	-27.932	469.695	0	180	-141.53
494.16	-27.8701	469.772	0	180	-141.523
494.163	-27.8083	469.848	0	180	-141.517
494.167	-27.7464	469.925	0	180	-141.511
494.17	-27.6846	470.002	0	180	-141.505
494.174	-27.6228	470.078	0	180	-141.499
494.177	-27.5609	470.155	0	180	-141.493
494.181	-27.4991	470.232	0	180	-141.486
494.184	-27.4373	470.308	0	180	-141.48
494.187	-27.3754	470.385	0	180	-141.474
494.191	-27.3136	470.462	0	180	-141.468
494.194	-27.2518	470.538	0	180	-141.462
494.198	-27.1899	470.615	0	180	-141.456
494.201	-27.1281	470.692	0	180	-141.449
494.205	-27.0663	470.768	0	180	-141.443
494.208	-27.0044	470.845	0	180	-141.437
494.212	-26.9426	470.922	0	180	-141.431
494.215	-26.8807	470.998	0	180	-141.425
494.219	-26.8189	471.075	0	180	-141.419
494.222	-26.7571	471.152	0	180	-141.412
494.226	-26.6952	471.228	0	180	-141.406
494.229	-26.6334	471.305	0	180	-141.4
494.233	-26.5716	471.381	0	180	-141.394
494.236	-26.5097	471.458	0	180	-141.388
494.24	-26.4479	471.535	0	180	-141.382
494.243	-26.3861	471.611	0	180	-141.375
494.247	-26.3242	471.688	0	180	-141.369
494.25	-26.2624	471.765	0	180	-141.363
494.254	-26.2006	471.841	0	180	-141.357
494.257	-26.1387	471.918	0	180	-141.351
494.261	-26.0769	471.995	0	180	-141.345
494.264	-26.015	472.071	0	180	-141.338
494.268	-25.9532	472.148	0	180	-141.332
494.271	-25.8914	472.225	0	180	-141.326
494.274	-25.8295	472.301	0	180	-141.32
494.278	-25.7677	472.378	0	180	-141.314
494.281	-25.7059	472.455	0	180	-141.307
494.285	-25.644	472.531	0	180	-141.301
494.288	-25.5822	472.608	0	180	-141.295
494.292	-25.5204	472.684	0	180	-141.289
494.295	-25.4585	472.761	0	180	-141.283
494.299	-25.3967	472.838	0	180	-141.277
494.302	-25.3348	472.914	0	180	-141.27
494.306	-25.273	472.991	0	180	-141.264
494.309	-25.2112	473.068	0	180	-141.258
494.313	-25.1493	473.144	0	180	-141.252
494.316	-25.0875	473.221	0	180	-141.246
494.32	-25.0257	473.298	0	180	-141.24
494.323	-24.9638	473.374	0	180	-141.233
494.327	-24.902	473.451	0	180	-141.227
494.33	-24.8402	473.528	0	180	-141.221
494.334	-24.7783	473.604	0	180	-141.215
494.337	-24.7165	473.681	0	180	-141.209
494.341	-24.6547	473.758	0	180	-141.203
494.344	-24.5928	473.834	0	180	-141.196
494.348	-24.531	473.911	0	180	-141.19
494.351	-24.4691	473.987	0	180	-141.184
494.355	-24.4073	474.064	0	180	-141.178
494.358	-24.3455	474.141	0	180	-141.172
494.361	-24.2836	474.217	0	180	-141.166
494.365	-24.2218	474.294	0	180	-141.159
494.368	-24.16	474.371	0	180	-141.153
494.372	-24.0981	474.447	0	180	-141.147
494.375	-24.0363	474.524	0	180	-141.141
494.379	-23.9745	474.601	0	180	-141.135
494.382	-23.9126	474.677	0	180	-141.129
494.386	-23.8508	474.754	0	180	-141.122
494.389	-23.789	474.831	0	180	-141.116
494.393	-23.7271	474.907	0	180	-141.11
494.396	-23.6653	474.984	0	180	-141.104
494.4	-23.6034	475.061	0	180	-141.098
494.403	-23.5416	475.137	0	180	-141.092
494.407	-23.4798	475.214	0	180	-141.085
494.41	-23.4179	475.291	0	180	-141.079
494.414	-23.3561	475.367	0	180	-141.073
494.417	-23.2943	475.444	0	180	-141.067
494.421	-23.2324	475.52	0	180	-141.061
494.424	-23.1706	475.597	0	180	-141.054
494.428	-23.1088	475.674	0	180	-141.048
494.431	-23.0469	475.75	0	180	-141.042
494.435	-22.9851	475.827	0	180	-141.036
494.438	-22.9233	475.904	0	180	-141.03
494.442	-22.8614	475.98	0	180	-141.024
494.445	-22.7996	476.057	0	180	-141.017
494.448	-22.7377	476.134	0	180	-141.011
494.452	-22.6759	476.21	0	180	-141.005
494.455	-22.6141	476.287	0	180	-140.999
494.459	-22.5522	476.364	0	180	-140.993
494.462	-22.4904	476.44	0	180	-140.987
494.466	-22.4286	476.517	0	180	-140.98
494.469	-22.3667	476.594	0	180	-140.974
494.473	-22.3049	476.67	0	180	-140.968
494.476	-22.2431	476.747	0	180	-140.962
494.48	-22.1812	476.823	0	180	-140.956
494.483	-22.1194	476.9	0	180	-140.95
494.487	-22.0575	476.977	0	180	-140.943
494.49	-21.9957	477.053	0	180	-140.937
494.494	-21.9339	477.13	0	180	-140.931
494.497	-21.872	477.207	0	180	-140.925
494.501	-21.8102	477.283	0	180	-140.919
494.504	-21.7484	477.36	0	180	-140.913
494.508	-21.6865	477.437	0	180	-140.906
494.511	-21.6247	477.513	0	180	-140.9
494.515	-21.5629	477.59	0	180	-140.894
494.518	-21.501	477.667	0	180	-140.888
494.522	-21.4392	477.743	0	180	-140.882
494.525	-21.3774	477.82	0	180	-140.876
494.529	-21.3155	477.897	0	180	-140.869
494.532	-21.2537	477.973	0	180	-140.863
494.535	-21.1918	478.05	0	180	-140.857
494.539	-21.13	478.126	0	180	-140.851
494.542	-21.0682	478.203	0	180	-140.845
494.546	-21.0063	478.28	0	180	-140.839
494.549	-20.9445	478.356	0	180	-140.832
494.553	-20.8827	478.433	0	180	-140.826
494.556	-20.8208	478.51	0	180	-140.82
494.56	-20.759	478.586	0	180	-140.814
494.563	-20.6972	478.663	0	180	-140.808
494.567	-20.6353	478.74	0	180	-140.801
494.57	-20.5735	478.816	0	180	-140.795
494.574	-20.5117	478.893	0	180	-140.789
494.577	-20.4498	478.97	0	180	-140.783
494.581	-20.388	479.046	0	180	-140.777
494.584	-20.3261	479.123	0	180	-140.771
494.588	-20.2643	479.2	0	180	-140.764
494.591	-20.2025	479.276	0	180	-140.758
494.595	-20.1406	479.353	0	180	-140.752
494.598	-20.0788	479.43	0	180	-140.746
494.602	-20.017	479.506	0	180	-140.74
494.605	-19.9551	479.583	0	180	-140.734
494.609	-19.8933	479.659	0	180	-140.727
494.612	-19.8315	479.736	0	180	-140.721
494.616	-19.7696	479.813	0	180	-140.715
494.619	-19.7078	479.889	0	180	-140.709
494.622	-19.646	479.966	0	180	-140.703
494.626	-19.5841	480.043	0	180	-140.697
494.629	-19.5223	480.119	0	180	-140.69
494.633	-19.4604	480.196	0	180	-140.684
494.636	-19.3986	480.273	0	180	-140.678
494.64	-19.3368	480.349	0	180	-140.672
494.643	-19.2749	480.426	0	180	-140.666
494.647	-19.2131	480.503	0	180	-140.66
494.65	-19.1513	480.579	0	180	-140.653
494.654	-19.0894	480.656	0	180	-140.647
494.657	-19.0276	480.733	0	180	-140.641
494.661	-18.9658	480.809	0	180	-140.635
494.664	-18.9039	480.886	0	180	-140.629
494.668	-18.8421	480.962	0	180	-140.623
494.671	-18.7802	481.039	0	180	-140.616
494.675	-18.7184	481.116	0	180	-140.61
494.678	-18.6566	481.192	0	180	-140.604
494.682	-18.5947	481.269	0	180	-140.598
494.685	-18.5329	481.346	0	180	-140.592
494.689	-18.4711	481.422	0	180	-140.585
494.692	-18.4092	481.499	0	180	-140.579
494.696	-18.3474	481.576	0	180	-140.573
494.699	-18.2856	481.652	0	180	-140.567
494.703	-18.2237	481.729	0	180	-140.561
494.706	-18.1619	481.806	0	180	-140.555
494.709	-18.1001	481.882	0	180	-140.548
494.713	-18.0382	481.959	0	180	-140.542
494.716	-17.9764	482.036	0	180	-140.536
494.72	-17.9145	482.112	0	180	-140.53
494.723	-17.8527	482.189	0	180	-140.524
494.727	-17.7909	482.266	0	180	-140.518
494.73	-17.729	482.342	0	180	-140.511
494.734	-17.6672	482.419	0	180	-140.505
494.737	-17.6054	482.495	0	180	-140.499
494.741	-17.5435	482.572	0	180	-140.493
494.744	-17.4817	482.649	0	180	-140.487
494.748	-17.4199	482.725	0	180	-140.481
494.751	-17.358	482.802	0	180	-140.474
494.755	-17.2962	482.879	0	180	-140.468
494.758	-17.2344	482.955	0	180	-140.462
494.762	-17.1725	483.032	0	180	-140.456
494.765	-17.1107	483.109	0	180	-140.45
494.769	-17.0488	483.185	0	180	-140.444
494.772	-16.987	483.262	0	180	-140.437
494.776	-16.9252	483.339	0	180	-140.431
494.779	-16.8633	483.415	0	180	-140.425
494.783	-16.8015	483.492	0	180	-140.419
494.786	-16.7397	483.569	0	180	-140.413
494.79	-16.6778	483.645	0	180	-140.407
494.793	-16.616	483.722	0	180	-140.4
494.796	-16.5542	483.798	0	180	-140.394
494.8	-16.4923	483.875	0	180	-140.388
494.803	-16.4305	483.952	0	180	-140.382
494.807	-16.3687	484.028	0	180	-140.376
494.81	-16.3068	484.105	0	180	-140.37
494.814	-16.245	484.182	0	180	-140.363
494.817	-16.1831	484.258	0	180	-140.357
494.821	-16.1213	484.335	0	180	-140.351
494.824	-16.0595	484.412	0	180	-140.345
494.828	-15.9976	484.488	0	180	-140.339
494.831	-15.9358	484.565	0	180	-140.332
494.835	-15.874	484.642	0	180	-140.326
494.838	-15.8121	484.718	0	180	-140.32
494.842	-15.7503	484.795	0	180	-140.314
494.845	-15.6885	484.872	0	180	-140.308
494.849	-15.6266	484.948	0	180	-140.302
494.852	-15.5648	485.025	0	180	-140.295
494.856	-15.5029	485.101	0	180	-140.289
494.859	-15.4411	485.178	0	180	-140.283
494.863	-15.3793	485.255	0	180	-140.277
494.866	-15.3174	485.331	0	180	-140.271
494.87	-15.2556	485.408	0	180	-140.265
494.873	-15.1938	485.485	0	180	-140.258
494.877	-15.1319	485.561	0	180	-140.252
494.88	-15.0701	485.638	0	180	-140.246
494.883	-15.0083	485.715	0	180	-140.24
494.887	-14.9464	485.791	0	180	-140.234
494.89	-14.8846	485.868	0	180	-140.228
494.894	-14.8228	485.945	0	180	-140.221
494.897	-14.7609	486.021	0	180	-140.215
494.901	-14.6991	486.098	0	180	-140.209
494.904	-14.6372	486.175	0	180	-140.203
494.908	-14.5754	486.251	0	180	-140.197
494.911	-14.5136	486.328	0	180	-140.191
494.915	-14.4517	486.405	0	180	-140.184
494.918	-14.3899	486.481	0	180	-140.178
494.922	-14.3281	486.558	0	180	-140.172
494.925	-14.2662	486.634	0	180	-140.166
494.929	-14.2044	486.711	0	180	-140.16
494.932	-14.1426	486.788	0	180	-140.154
494.936	-14.0807	486.864	0	180	-140.147
494.939	-14.0189	486.941	0	180	-140.141
494.943	-13.9571	487.018	0	180	-140.135
494.946	-13.8952	487.094	0	180	-140.129
494.95	-13.8334	487.171	0	180	-140.123
494.953	-13.7715	487.248	0	180	-140.117
494.957	-13.7097	487.324	0	180	-140.11
494.96	-13.6479	487.401	0	180	-140.104
494.964	-13.586	487.478	0	180	-140.098
494.967	-13.5242	487.554	0	180	-140.092
494.971	-13.4624	487.631	0	180	-140.086
494.974	-13.4005	487.708	0	180	-140.079
494.977	-13.3387	487.784	0	180	-140.073
494.981	-13.2769	487.861	0	180	-140.067
494.984	-13.215	487.937	0	180	-140.061
494.988	-13.1532	488.014	0	180	-140.055
494.991	-13.0914	488.091	0	180	-140.049
494.995	-13.0295	488.167	0	180	-140.042
494.998	-12.9677	488.244	0	180	-140.036
495.002	-12.9058	488.321	0	180	-140.03
495.005	-12.844	488.397	0	180	-140.024
495.009	-12.7822	488.474	0	180	-140.018
495.012	-12.7203	488.551	0	180	-140.012
495.016	-12.6585	488.627	0	180	-140.005
495.019	-12.5967	488.704	0	180	-139.999
495.023	-12.5348	488.781	0	180	-139.993
495.026	-12.473	488.857	0	180	-139.987
495.03	-12.4112	488.934	0	180	-139.981
495.033	-12.3493	489.011	0	180	-139.975
495.037	-12.2875	489.087	0	180	-139.968
495.04	-12.2256	489.164	0	180	-139.962
495.044	-12.1638	489.24	0	180	-139.956
495.047	-12.102	489.317	0	180	-139.95
495.051	-12.0401	489.394	0	180	-139.944
495.054	-11.9783	489.47	0	180	-139.938
495.058	-11.9165	489.547	0	180	-139.931
495.061	-11.8546	489.624	0	180	-139.925
495.064	-11.7928	489.7	0	180	-139.919
495.068	-11.731	489.777	0	180	-139.913
495.071	-11.6691	489.854	0	180	-139.907
495.075	-11.6073	489.93	0	180	-139.901
495.078	-11.5455	490.007	0	180	-139.894
495.082	-11.4836	490.084	0	180	-139.888
495.085	-11.4218	490.16	0	180	-139.882
495.089	-11.3599	490.237	0	180	-139.876
495.092	-11.2981	490.314	0	180	-139.87
495.096	-11.2363	490.39	0	180	-139.864
495.099	-11.1744	490.467	0	180	-139.857
495.103	-11.1126	490.544	0	180	-139.851
495.106	-11.0508	490.62	0	180	-139.845
495.11	-10.9889	490.697	0	180	-139.839
495.113	-10.9271	490.773	0	180	-139.833
495.117	-10.8653	490.85	0	180	-139.826
495.12	-10.8034	490.927	0	180	-139.82
495.124	-10.7416	491.003	0	180	-139.814
495.127	-10.6798	491.08	0	180	-139.808
495.131	-10.6179	491.157	0	180	-139.802
495.134	-10.5561	491.233	0	180	-139.796
495.138	-10.4942	491.31	0	180	-139.789
495.141	-10.4324	491.387	0	180	-139.783
495.145	-10.3706	491.463	0	180	-139.777
495.148	-10.3087	491.54	0	180	-139.771
495.151	-10.2469	491.617	0	180	-139.765
495.155	-10.1851	491.693	0	180	-139.759
495.158	-10.1232	491.77	0	180	-139.752
495.162	-10.0614	491.847	0	180	-139.746
495.165	-9.99956	491.923	0	180	-139.74
495.169	-9.93772	492	0	180	-139.734
495.172	-9.87589	492.076	0	180	-139.728
495.176	-9.81405	492.153	0	180	-139.722
495.179	-9.75221	492.23	0	180	-139.715
495.183	-9.69038	492.306	0	180	-139.709
495.186	-9.62854	492.383	0	180	-139.703
495.19	-9.56671	492.46	0	180	-139.697
495.193	-9.50487	492.536	0	180	-139.691
495.197	-9.44304	492.613	0	180	-139.685
495.2	-9.3812	492.69	0	180	-139.678
495.204	-9.31936	492.766	0	180	-139.672
495.207	-9.25753	492.843	0	180	-139.666
495.211	-9.19569	492.92	0	180	-139.66
495.214	-9.13386	492.996	0	180	-139.654
495.218	-9.07202	493.073	0	180	-139.648
495.221	-9.01018	493.15	0	180	-139.641
495.225	-8.94835	493.226	0	180	-139.635
495.228	-8.88651	493.303	0	180	-139.629
495.232	-8.82468	493.379	0	180	-139.623
495.235	-8.76284	493.456	0	180	-139.617
495.238	-8.701	493.533	0	180	-139.61
495.242	-8.63917	493.609	0	180	-139.604
495.245	-8.57733	493.686	0	180	-139.598
495.249	-8.5155	493.763	0	180	-139.592
495.252	-8.45366	493.839	0	180	-139.586
495.256	-8.39183	493.916	0	180	-139.58
495.259	-8.32999	493.993	0	180	-139.573
495.263	-8.26815	494.069	0	180	-139.567
495.266	-8.20632	494.146	0	180	-139.561
495.27	-8.14448	494.223	0	180	-139.555
495.273	-8.08265	494.299	0	180	-139.549
495.277	-8.02081	494.376	0	180	-139.543
495.28	-7.95897	494.453	0	180	-139.536
495.284	-7.89714	494.529	0	180	-139.53
495.287	-7.8353	494.606	0	180	-139.524
495.291	-7.77347	494.683	0	180	-139.518
495.294	-7.71163	494.759	0	180	-139.512
495.298	-7.6498	494.836	0	180	-139.506
495.301	-7.58796	494.912	0	180	-139.499
495.305	-7.52612	494.989	0	180	-139.493
495.308	-7.46429	495.066	0	180	-139.487
495.312	-7.40245	495.142	0	180	-139.481
495.315	-7.34062	495.219	0	180	-139.475
495.319	-7.27878	495.296	0	180	-139.469
495.322	-7.21694	495.372	0	180	-139.462
495.325	-7.15511	495.449	0	180	-139.456
495.329	-7.09327	495.526	0	180	-139.45
495.332	-7.03144	495.602	0	180	-139.444
495.336	-6.9696	495.679	0	180	-139.438
495.339	-6.90777	495.756	0	180	-139.432
495.343	-6.84593	495.832	0	180	-139.425
495.346	-6.78409	495.909	0	180	-139.419
495.35	-6.72226	495.986	0	180	-139.413
495.353	-6.66042	496.062	0	180	-139.407
495.357	-6.59859	496.139	0	180	-139.401
495.36	-6.53675	496.215	0	180	-139.395
495.364	-6.47491	496.292	0	180	-139.388
495.367	-6.41308	496.369	0	180	-139.382
495.371	-6.35124	496.445	0	180	-139.376
495.374	-6.28941	496.522	0	180	-139.37
495.378	-6.22757	496.599	0	180	-139.364
495.381	-6.16573	496.675	0	180	-139.357
495.385	-6.1039	496.752	0	180	-139.351
495.388	-6.04206	496.829	0	180	-139.345
495.392	-5.98023	496.905	0	180	-139.339
495.395	-5.91839	496.982	0	180	-139.333
495.399	-5.85656	497.059	0	180	-139.327
495.402	-5.79472	497.135	0	180	-139.32
495.406	-5.73288	497.212	0	180	-139.314
495.409	-5.67105	497.289	0	180	-139.308
495.412	-5.60921	497.365	0	180	-139.302
495.416	-5.54738	497.442	0	180	-139.296
495.419	-5.48554	497.519	0	180	-139.29
495.423	-5.4237	497.595	0	180	-139.283
495.426	-5.36187	497.672	0	180	-139.277
495.43	-5.30003	497.748	0	180	-139.271
495.433	-5.2382	497.825	0	180	-139.265
495.437	-5.17636	497.902	0	180	-139.259
495.44	-5.11453	497.978	0	180	-139.253
495.444	-5.05269	498.055	0	180	-139.246
495.447	-4.99085	498.132	0	180	-139.24
495.451	-4.92902	498.208	0	180	-139.234
495.454	-4.86718	498.285	0	180	-139.228
495.458	-4.80535	498.362	0	180	-139.222
495.461	-4.74351	498.438	0	180	-139.216
495.465	-4.68167	498.515	0	180	-139.209
495.468	-4.61984	498.592	0	180	-139.203
495.472	-4.558	498.668	0	180	-139.197
495.475	-4.49617	498.745	0	180	-139.191
495.479	-4.43433	498.822	0	180	-139.185
495.482	-4.3725	498.898	0	180	-139.179
495.486	-4.31066	498.975	0	180	-139.172
495.489	-4.24882	499.051	0	180	-139.166
495.493	-4.18699	499.128	0	180	-139.16
495.496	-4.12515	499.205	0	180	-139.154
495.499	-4.06332	499.281	0	180	-139.148
495.503	-4.00148	499.358	0	180	-139.142
495.506	-3.93964	499.435	0	180	-139.135
495.51	-3.87781	499.511	0	180	-139.129
495.513	-3.81597	499.588	0	180	-139.123
495.517	-3.75414	499.665	0	180	-139.117
495.52	-3.6923	499.741	0	180	-139.111
495.524	-3.63046	499.818	0	180	-139.104
495.527	-3.56863	499.895	0	180	-139.098
495.531	-3.50679	499.971	0	180	-139.092
495.534	-3.44496	500.048	0	180	-139.086
495.538	-3.38312	500.125	0	180	-139.08
495.541	-3.32129	500.201	0	180	-139.074
495.545	-3.25945	500.278	0	180	-139.067
495.548	-3.19761	500.354	0	180	-139.061
495.552	-3.13578	500.431	0	180	-139.055
495.555	-3.07394	500.508	0	180	-139.049
495.559	-3.01211	500.584	0	180	-139.043
495.562	-2.95027	500.661	0	180	-139.037
495.566	-2.88843	500.738	0	180	-139.03
495.569	-2.8266	500.814	0	180	-139.024
495.573	-2.76476	500.891	0	180	-139.018
495.576	-2.70293	500.968	0	180	-139.012
495.58	-2.64109	501.044	0	180	-139.006
495.583	-2.57926	501.121	0	180	-139
495.586	-2.51742	501.198	0	180	-138.993
495.59	-2.45558	501.274	0	180	-138.987
495.593	-2.39375	501.351	0	180	-138.981
495.597	-2.33191	501.428	0	180	-138.975
495.6	-2.27008	501.504	0	180	-138.969
495.604	-2.20824	501.581	0	180	-138.963
495.607	-2.1464	501.658	0	180	-138.956
495.611	-2.08457	501.734	0	180	-138.95
495.614	-2.02273	501.811	0	180	-138.944
495.618	-1.9609	501.887	0	180	-138.938
495.621	-1.89906	501.964	0	180	-138.932
495.625	-1.83723	502.041	0	180	-138.926
495.628	-1.77539	502.117	0	180	-138.919
495.632	-1.71355	502.194	0	180	-138.913
495.635	-1.65172	502.271	0	180	-138.907
495.639	-1.58988	502.347	0	180	-138.901
495.642	-1.52805	502.424	0	180	-138.895
495.646	-1.46621	502.501	0	180	-138.888
495.649	-1.40437	502.577	0	180	-138.882
495.653	-1.34254	502.654	0	180	-138.876
495.656	-1.2807	502.731	0	180	-138.87
495.66	-1.21887	502.807	0	180	-138.864
495.663	-1.15703	502.884	0	180	-138.858
495.667	-1.09519	502.961	0	180	-138.851
495.67	-1.03336	503.037	0	180	-138.845
495.673	-0.971523	503.114	0	180	-138.839
495.677	-0.909687	503.19	0	180	-138.833
495.68	-0.847851	503.267	0	180	-138.827
495.684	-0.786015	503.344	0	180	-138.821
495.687	-0.72418	503.42	0	180	-138.814
495.691	-0.662344	503.497	0	180	-138.808
495.694	-0.600508	503.574	0	180	-138.802
495.698	-0.538672	503.65	0	180	-138.796
495.701	-0.476836	503.727	0	180	-138.79
495.705	-0.415	503.804	0	180	-138.784
495.708	-0.353164	503.88	0	180	-138.777
495.712	-0.291329	503.957	0	180	-138.771
495.715	-0.229493	504.034	0	180	-138.765
495.719	-0.167657	504.11	0	180	-138.759
495.722	-0.105821	504.187	0	180	-138.753
495.726	-0.0439852	504.264	0	180	-138.747
495.729	0.0178506	504.34	0	180	-138.74
495.733	0.0796865	504.417	0	180	-138.734
495.736	0.141522	504.493	0	180	-138.728
495.74	0.203358	504.57	0	180	-138.722
495.743	0.265194	504.647	0	180	-138.716
495.747	0.32703	504.723	0	180	-138.71
495.75	0.388866	504.8	0	180	-138.703
495.754	0.450702	504.877	0	180	-138.697
495.757	0.512537	504.953	0	180	-138.691
495.76	0.574373	505.03	0	180	-138.685
495.764	0.636209	505.107	0	180	-138.679
495.767	0.698045	505.183	0	180	-138.673
495.771	0.759881	505.26	0	180	-138.666
495.774	0.821717	505.337	0	180	-138.66
495.778	0.883553	505.413	0	180	-138.654
495.781	0.945388	505.49	0	180	-138.648
495.785	1.00722	505.567	0	180	-138.642
495.788	1.06906	505.643	0	180	-138.635
495.792	1.1309	505.72	0	180	-138.629
495.795	1.19273	505.797	0	180	-138.623
495.799	1.25457	505.873	0	180	-138.617
495.802	1.3164	505.95	0	180	-138.611
495.806	1.37824	506.026	0	180	-138.605
495.809	1.44008	506.103	0	180	-138.598
495.813	1.50191	506.18	0	180	-138.592
495.816	1.56375	506.256	0	180	-138.586
495.82	1.62558	506.333	0	180	-138.58
495.823	1.68742	506.41	0	180	-138.574
495.827	1.74925	506.486	0	180	-138.568
495.83	1.81109	506.563	0	180	-138.561
495.834	1.87293	506.64	0	180	-138.555
495.837	1.93476	506.716	0	180	-138.549
495.841	1.9966	506.793	0	180	-138.543
495.844	2.05843	506.87	0	180	-138.537
495.848	2.12027	506.946	0	180	-138.531
495.851	2.18211	507.023	0	180	-138.524
495.854	2.24394	507.1	0	180	-138.518
495.858	2.30578	507.176	0	180	-138.512
495.861	2.36761	507.253	0	180	-138.506
495.865	2.42945	507.329	0	180	-138.5
495.868	2.49128	507.406	0	180	-138.494
495.872	2.55312	507.483	0	180	-138.487
495.875	2.61496	507.559	0	180	-138.481
495.879	2.67679	507.636	0	180	-138.475
495.882	2.73863	507.713	0	180	-138.469
495.886	2.80046	507.789	0	180	-138.463
495.889	2.8623	507.866	0	180	-138.457
495.893	2.92414	507.943	0	180	-138.45
495.896	2.98597	508.019	0	180	-138.444
495.9	3.04781	508.096	0	180	-138.438
495.903	3.10964	508.173	0	180	-138.432
495.907	3.17148	508.249	0	180	-138.426
495.91	3.23332	508.326	0	180	-138.42
495.914	3.29515	508.403	0	180	-138.413
495.917	3.35699	508.479	0	180	-138.407
495.921	3.41882	508.556	0	180	-138.401
495.924	3.48066	508.632	0	180	-138.395
495.928	3.54249	508.709	0	180	-138.389
495.931	3.60433	508.786	0	180	-138.382
495.935	3.66617	508.862	0	180	-138.376
495.938	3.728	508.939	0	180	-138.37
495.941	3.78984	509.016	0	180	-138.364
495.945	3.85167	509.092	0	180	-138.358
495.948	3.91351	509.169	0	180	-138.352
495.952	3.97535	509.246	0	180	-138.345
495.955	4.03718	509.322	0	180	-138.339
495.959	4.09902	509.399	0	180	-138.333
495.962	4.16085	509.476	0	180	-138.327
495.966	4.22269	509.552	0	180	-138.321
495.969	4.28452	509.629	0	180	-138.315
495.973	4.34636	509.706	0	180	-138.308
495.976	4.4082	509.782	0	180	-138.302
495.98	4.47003	509.859	0	180	-138.296
495.983	4.53187	509.936	0	180	-138.29
495.987	4.5937	510.012	0	180	-138.284
495.99	4.65554	510.089	0	180	-138.278
495.994	4.71738	510.165	0	180	-138.271
495.997	4.77921	510.242	0	180	-138.265
496.001	4.84105	510.319	0	180	-138.259
496.004	4.90288	510.395	0	180	-138.253
496.008	4.96472	510.472	0	180	-138.247
496.011	5.02655	510.549	0	180	-138.241
496.015	5.08839	510.625	0	180	-138.234
496.018	5.15023	510.702	0	180	-138.228
496.022	5.21206	510.779	0	180	-138.222
496.025	5.2739	510.855	0	180	-138.216
496.028	5.33573	510.932	0	180	-138.21
496.032	5.39757	511.009	0	180	-138.204
496.035	5.45941	511.085	0	180	-138.197
496.039	5.52124	511.162	0	180	-138.191
496.042	5.58308	511.239	0	180	-138.185
496.046	5.64491	511.315	0	180	-138.179
496.049	5.70675	511.392	0	180	-138.173
496.053	5.76859	511.468	0	180	-138.167
496.056	5.83042	511.545	0	180	-138.16
496.06	5.89226	511.622	0	180	-138.154
496.063	5.95409	511.698	0	180	-138.148
496.067	6.01593	511.775	0	180	-138.142
496.07	6.07776	511.852	0	180	-138.136
496.074	6.1396	511.928	0	180	-138.129
496.077	6.20144	512.005	0	180	-138.123
496.081	6.26327	512.082	0	180	-138.117
496.084	6.32511	512.158	0	180	-138.111
496.088	6.38694	512.235	0	180	-138.105
496.091	6.44878	512.312	0	180	-138.099
496.095	6.51062	512.388	0	180	-138.092
496.098	6.57245	512.465	0	180	-138.086
496.102	6.63429	512.542	0	180	-138.08
496.105	6.69612	512.618	0	180	-138.074
496.109	6.75796	512.695	0	180	-138.068
496.112	6.81979	512.772	0	180	-138.062
496.115	6.88163	512.848	0	180	-138.055
496.119	6.94347	512.925	0	180	-138.049
496.122	7.0053	513.001	0	180	-138.043
496.126	7.06714	513.078	0	180	-138.037
496.129	7.12897	513.155	0	180	-138.031
496.133	7.19081	513.231	0	180	-138.025
496.136	7.25265	513.308	0	180	-138.018
496.14	7.31448	513.385	0	180	-138.012
496.143	7.37632	513.461	0	180	-138.006
496.147	7.43815	513.538	0	180	-138
496.15	7.49999	513.615	0	180	-137.994
496.154	7.56182	513.691	0	180	-137.988
496.157	7.62366	513.768	0	180	-137.981
496.161	7.6855	513.845	0	180	-137.975
496.164	7.74733	513.921	0	180	-137.969
496.168	7.80917	513.998	0	180	-137.963
496.171	7.871	514.075	0	180	-137.957
496.175	7.93284	514.151	0	180	-137.951
496.178	7.99468	514.228	0	180	-137.944
496.182	8.05651	514.304	0	180	-137.938
496.185	8.11835	514.381	0	180	-137.932
496.189	8.18018	514.458	0	180	-137.926
496.192	8.24202	514.534	0	180	-137.92
496.196	8.30386	514.611	0	180	-137.913
496.199	8.36569	514.688	0	180	-137.907
496.202	8.42753	514.764	0	180	-137.901
496.206	8.48936	514.841	0	180	-137.895
496.209	8.5512	514.918	0	180	-137.889
496.213	8.61303	514.994	0	180	-137.883
496.216	8.67487	515.071	0	180	-137.876
496.22	8.73671	515.148	0	180	-137.87
496.223	8.79854	515.224	0	180	-137.864
496.227	8.86038	515.301	0	180	-137.858
496.23	8.92221	515.378	0	180	-137.852
496.234	8.98405	515.454	0	180	-137.846
496.237	9.04589	515.531	0	180	-137.839
496.241	9.10772	515.607	0	180	-137.833
496.244	9.16956	515.684	0	180	-137.827
496.248	9.23139	515.761	0	180	-137.821
496.251	9.29323	515.837	0	180	-137.815
496.255	9.35506	515.914	0	180	-137.809
496.258	9.4169	515.991	0	180	-137.802
496.262	9.47874	516.067	0	180	-137.796
496.265	9.54057	516.144	0	180	-137.79
496.269	9.60241	516.221	0	180	-137.784
496.272	9.66424	516.297	0	180	-137.778
496.276	9.72608	516.374	0	180	-137.772
496.279	9.78792	516.451	0	180	-137.765
496.283	9.84975	516.527	0	180	-137.759
496.286	9.91159	516.604	0	180	-137.753
496.289	9.97342	516.681	0	180	-137.747
496.293	10.0353	516.757	0	180	-137.741
496.296	10.0971	516.834	0	180	-137.735
496.3	10.1589	516.911	0	180	-137.728
496.303	10.2208	516.987	0	180	-137.722
496.307	10.2826	517.064	0	180	-137.716
496.31	10.3444	517.14	0	180	-137.71
496.314	10.4063	517.217	0	180	-137.704
496.317	10.4681	517.294	0	180	-137.698
496.321	10.5299	517.37	0	180	-137.691
496.324	10.5918	517.447	0	180	-137.685
496.328	10.6536	517.524	0	180	-137.679
496.331	10.7155	517.6	0	180	-137.673
496.335	10.7773	517.677	0	180	-137.667
496.338	10.8391	517.754	0	180	-137.66
496.342	10.901	517.83	0	180	-137.654
496.345	10.9628	517.907	0	180	-137.648
496.349	11.0246	517.984	0	180	-137.642
496.352	11.0865	518.06	0	180	-137.636
496.356	11.1483	518.137	0	180	-137.63
496.359	11.2101	518.214	0	180	-137.623
496.363	11.272	518.29	0	180	-137.617
496.366	11.3338	518.367	0	180	-137.611
496.37	11.3956	518.443	0	180	-137.605
496.373	11.4575	518.52	0	180	-137.599
496.376	11.5193	518.597	0	180	-137.593
496.38	11.5812	518.673	0	180	-137.586
496.383	11.643	518.75	0	180	-137.58
496.387	11.7048	518.827	0	180	-137.574
496.39	11.7667	518.903	0	180	-137.568
496.394	11.8285	518.98	0	180	-137.562
496.397	11.8903	519.057	0	180	-137.556
496.401	11.9522	519.133	0	180	-137.549
496.404	12.014	519.21	0	180	-137.543
496.408	12.0758	519.287	0	180	-137.537
496.411	12.1377	519.363	0	180	-137.531
496.415	12.1995	519.44	0	180	-137.525
496.418	12.2613	519.517	0	180	-137.519
496.422	12.3232	519.593	0	180	-137.512
496.425	12.385	519.67	0	180	-137.506
496.429	12.4469	519.746	0	180	-137.5
496.432	12.5087	519.823	0	180	-137.494
496.436	12.5705	519.9	0	180	-137.488
496.439	12.6324	519.976	0	180	-137.482
496.443	12.6942	520.053	0	180	-137.475
496.446	12.756	520.13	0	180	-137.469
496.45	12.8179	520.206	0	180	-137.463
496.453	12.8797	520.283	0	180	-137.457
496.457	12.9415	520.36	0	180	-137.451
496.46	13.0034	520.436	0	180	-137.445
496.463	13.0652	520.513	0	180	-137.438
496.467	13.1271	520.59	0	180	-137.432
496.47	13.1889	520.666	0	180	-137.426
496.474	13.2507	520.743	0	180	-137.42
496.477	13.3126	520.82	0	180	-137.414
496.481	13.3744	520.896	0	180	-137.407
496.484	13.4362	520.973	0	180	-137.401
496.488	13.4981	521.05	0	180	-137.395
496.491	13.5599	521.126	0	180	-137.389
496.495	13.6217	521.203	0	180	-137.383
496.498	13.6836	521.279	0	180	-137.377
496.502	13.7454	521.356	0	180	-137.37
496.505	13.8072	521.433	0	180	-137.364
496.509	13.8691	521.509	0	180	-137.358
496.512	13.9309	521.586	0	180	-137.352
496.516	13.9928	521.663	0	180	-137.346
496.519	14.0546	521.739	0	180	-137.34
496.523	14.1164	521.816	0	180	-137.333
496.526	14.1783	521.893	0	180	-137.327
496.53	14.2401	521.969	0	180	-137.321
496.533	14.3019	522.046	0	180	-137.315
496.537	14.3638	522.123	0	180	-137.309
496.54	14.4256	522.199	0	180	-137.303
496.544	14.4874	522.276	0	180	-137.296
496.547	14.5493	522.353	0	180	-137.29
496.55	14.6111	522.429	0	180	-137.284
496.554	14.6729	522.506	0	180	-137.278
496.557	14.7348	522.582	0	180	-137.272
496.561	14.7966	522.659	0	180	-137.266
496.564	14.8585	522.736	0	180	-137.259
496.568	14.9203	522.812	0	180	-137.253
496.571	14.9821	522.889	0	180	-137.247
496.575	15.044	522.966	0	180	-137.241
496.578	15.1058	523.042	0	180	-137.235
496.582	15.1676	523.119	0	180	-137.229
496.585	15.2295	523.196	0	180	-137.222
496.589	15.2913	523.272	0	180	-137.216
496.592	15.3531	523.349	0	180	-137.21
496.596	15.415	523.426	0	180	-137.204
496.599	15.4768	523.502	0	180	-137.198
496.603	15.5387	523.579	0	180	-137.191
496.606	15.6005	523.656	0	180	-137.185
496.61	15.6623	523.732	0	180	-137.179
496.613	15.7242	523.809	0	180	-137.173
496.617	15.786	523.885	0	180	-137.167
496.62	15.8478	523.962	0	180	-137.161
496.624	15.9097	524.039	0	180	-137.154
496.627	15.9715	524.115	0	180	-137.148
496.631	16.0333	524.192	0	180	-137.142
496.634	16.0952	524.269	0	180	-137.136
496.638	16.157	524.345	0	180	-137.13
496.641	16.2188	524.422	0	180	-137.124
496.644	16.2807	524.499	0	180	-137.117
496.648	16.3425	524.575	0	180	-137.111
496.651	16.4044	524.652	0	180	-137.105
496.655	16.4662	524.729	0	180	-137.099
496.658	16.528	524.805	0	180	-137.093
496.662	16.5899	524.882	0	180	-137.087
496.665	16.6517	524.959	0	180	-137.08
496.669	16.7135	525.035	0	180	-137.074
496.672	16.7754	525.112	0	180	-137.068
496.676	16.8372	525.189	0	180	-137.062
496.679	16.899	525.265	0	180	-137.056
496.683	16.9609	525.342	0	180	-137.05
496.686	17.0227	525.418	0	180	-137.043
496.69	17.0845	525.495	0	180	-137.037
496.693	17.1464	525.572	0	180	-137.031
496.697	17.2082	525.648	0	180	-137.025
496.7	17.2701	525.725	0	180	-137.019
496.704	17.3319	525.802	0	180	-137.013
496.707	17.3937	525.878	0	180	-137.006
496.711	17.4556	525.955	0	180	-137
496.714	17.5174	526.032	0	180	-136.994
496.718	17.5792	526.108	0	180	-136.988
496.721	17.6411	526.185	0	180	-136.982
496.725	17.7029	526.262	0	180	-136.976
496.728	17.7647	526.338	0	180	-136.969
496.731	17.8266	526.415	0	180	-136.963
496.735	17.8884	526.492	0	180	-136.957
496.738	17.9502	526.568	0	180	-136.951
496.742	18.0121	526.645	0	180	-136.945
496.745	18.0739	526.721	0	180	-136.938
496.749	18.1358	526.798	0	180	-136.932
496.752	18.1976	526.875	0	180	-136.926
496.756	18.2594	526.951	0	180	-136.92
496.759	18.3213	527.028	0	180	-136.914
496.763	18.3831	527.105	0	180	-136.908
496.766	18.4449	527.181	0	180	-136.901
496.77	18.5068	527.258	0	180	-136.895
496.773	18.5686	527.335	0	180	-136.889
496.777	18.6304	527.411	0	180	-136.883
496.78	18.6923	527.488	0	180	-136.877
496.784	18.7541	527.565	0	180	-136.871
496.787	18.816	527.641	0	180	-136.864
496.791	18.8778	527.718	0	180	-136.858
496.794	18.9396	527.795	0	180	-136.852
496.798	19.0015	527.871	0	180	-136.846
496.801	19.0633	527.948	0	180	-136.84
496.805	19.1251	528.024	0	180	-136.834
496.808	19.187	528.101	0	180	-136.827
496.812	19.2488	528.178	0	180	-136.821
496.815	19.3106	528.254	0	180	-136.815
496.818	19.3725	528.331	0	180	-136.809
496.822	19.4343	528.408	0	180	-136.803
496.825	19.4961	528.484	0	180	-136.797
496.829	19.558	528.561	0	180	-136.79
496.832	19.6198	528.638	0	180	-136.784
496.836	19.6817	528.714	0	180	-136.778
496.839	19.7435	528.791	0	180	-136.772
496.843	19.8053	528.868	0	180	-136.766
496.846	19.8672	528.944	0	180	-136.76
496.85	19.929	529.021	0	180	-136.753
496.853	19.9908	529.098	0	180	-136.747
496.857	20.0527	529.174	0	180	-136.741
496.86	20.1145	529.251	0	180	-136.735
496.864	20.1763	529.328	0	180	-136.729
496.867	20.2382	529.404	0	180	-136.723
496.871	20.3	529.481	0	180	-136.716
496.874	20.3618	529.557	0	180	-136.71
496.878	20.4237	529.634	0	180	-136.704
496.881	20.4855	529.711	0	180	-136.698
496.885	20.5474	529.787	0	180	-136.692
496.888	20.6092	529.864	0	180	-136.685
496.892	20.671	529.941	0	180	-136.679
496.895	20.7329	530.017	0	180	-136.673
496.899	20.7947	530.094	0	180	-136.667
496.902	20.8565	530.171	0	180	-136.661
496.905	20.9184	530.247	0	180	-136.655
496.909	20.9802	530.324	0	180	-136.648
496.912	21.042	530.401	0	180	-136.642
496.916	21.1039	530.477	0	180	-136.636
496.919	21.1657	530.554	0	180	-136.63
496.923	21.2275	530.631	0	180	-136.624
496.926	21.2894	530.707	0	180	-136.618
496.93	21.3512	530.784	0	180	-136.611
496.933	21.4131	530.86	0	180	-136.605
496.937	21.4749	530.937	0	180	-136.599
496.94	21.5367	531.014	0	180	-136.593
496.944	21.5986	531.09	0	180	-136.587
496.947	21.6604	531.167	0	180	-136.581
496.951	21.7222	531.244	0	180	-136.574
496.954	21.7841	531.32	0	180	-136.568
496.958	21.8459	531.397	0	180	-136.562
496.961	21.9077	531.474	0	180	-136.556
496.965	21.9696	531.55	0	180	-136.55
496.968	22.0314	531.627	0	180	-136.544
496.972	22.0933	531.704	0	180	-136.537
496.975	22.1551	531.78	0	180	-136.531
496.979	22.2169	531.857	0	180	-136.525
496.982	22.2788	531.934	0	180	-136.519
496.986	22.3406	532.01	0	180	-136.513
496.989	22.4024	532.087	0	180	-136.507
496.992	22.4643	532.164	0	180	-136.5
496.996	22.5261	532.24	0	180	-136.494
496.999	22.5879	532.317	0	180	-136.488
497.003	22.6498	532.393	0	180	-136.482
497.006	22.7116	532.47	0	180	-136.476
497.01	22.7734	532.547	0	180	-136.47
497.013	22.8353	532.623	0	180	-136.463
497.017	22.8971	532.7	0	180	-136.457
497.02	22.959	532.777	0	180	-136.451
497.024	23.0208	532.853	0	180	-136.445
497.027	23.0826	532.93	0	180	-136.439
497.031	23.1445	533.007	0	180	-136.432
497.034	23.2063	533.083	0	180	-136.426
497.038	23.2681	533.16	0	180	-136.42
497.041	23.33	533.237	0	180	-136.414
497.045	23.3918	533.313	0	180	-136.408
497.048	23.4536	533.39	0	180	-136.402
497.052	23.5155	533.467	0	180	-136.395
497.055	23.5773	533.543	0	180	-136.389
497.059	23.6391	533.62	0	180	-136.383
497.062	23.701	533.696	0	180	-136.377
497.066	23.7628	533.773	0	180	-136.371
497.069	23.8247	533.85	0	180	-136.365
497.073	23.8865	533.926	0	180	-136.358
497.076	23.9483	534.003	0	180	-136.352
497.079	24.0102	534.08	0	180	-136.346
497.083	24.072	534.156	0	180	-136.34
497.086	24.1338	534.233	0	180	-136.334
497.09	24.1957	534.31	0	180	-136.328
497.093	24.2575	534.386	0	180	-136.321
497.097	24.3193	534.463	0	180	-136.315
497.1	24.3812	534.54	0	180	-136.309
497.104	24.443	534.616	0	180	-136.303
497.107	24.5048	534.693	0	180	-136.297
497.111	24.5667	534.77	0	180	-136.291
497.114	24.6285	534.846	0	180	-136.284
497.118	24.6904	534.923	0	180	-136.278
497.121	24.7522	534.999	0	180	-136.272
497.125	24.814	535.076	0	180	-136.266
497.128	24.8759	535.153	0	180	-136.26
497.132	24.9377	535.229	0	180	-136.254
497.135	24.9995	535.306	0	180	-136.247
497.139	25.0614	535.383	0	180	-136.241
497.142	25.1232	535.459	0	180	-136.235
497.146	25.185	535.536	0	180	-136.229
497.149	25.2469	535.613	0	180	-136.223
497.153	25.3087	535.689	0	180	-136.216
497.156	25.3706	535.766	0	180	-136.21
497.16	25.4324	535.843	0	180	-136.204
497.163	25.4942	535.919	0	180	-136.198
497.166	25.5561	535.996	0	180	-136.192
497.17	25.6179	536.073	0	180	-136.186
497.173	25.6797	536.149	0	180	-136.179
497.177	25.7416	536.226	0	180	-136.173
497.18	25.8034	536.303	0	180	-136.167
497.184	25.8652	536.379	0	180	-136.161
497.187	25.9271	536.456	0	180	-136.155
497.191	25.9889	536.532	0	180	-136.149
497.194	26.0507	536.609	0	180	-136.142
497.198	26.1126	536.686	0	180	-136.136
497.201	26.1744	536.762	0	180	-136.13
497.205	26.2363	536.839	0	180	-136.124
497.208	26.2981	536.916	0	180	-136.118
497.212	26.3599	536.992	0	180	-136.112
497.215	26.4218	537.069	0	180	-136.105
497.219	26.4836	537.146	0	180	-136.099
497.222	26.5454	537.222	0	180	-136.093
497.226	26.6073	537.299	0	180	-136.087
497.229	26.6691	537.376	0	180	-136.081
497.233	26.7309	537.452	0	180	-136.075
497.236	26.7928	537.529	0	180	-136.068
497.24	26.8546	537.606	0	180	-136.062
497.243	26.9164	537.682	0	180	-136.056
497.247	26.9783	537.759	0	180	-136.05
497.25	27.0401	537.835	0	180	-136.044
497.253	27.102	537.912	0	180	-136.038
497.257	27.1638	537.989	0	180	-136.031
497.26	27.2256	538.065	0	180	-136.025
497.264	27.2875	538.142	0	180	-136.019
497.267	27.3493	538.219	0	180	-136.013
497.271	27.4111	538.295	0	180	-136.007
497.274	27.473	538.372	0	180	-136.001
497.278	27.5348	538.449	0	180	-135.994
497.281	27.5966	538.525	0	180	-135.988
497.285	27.6585	538.602	0	180	-135.982
497.288	27.7203	538.679	0	180	-135.976
497.292	27.7821	538.755	0	180	-135.97
497.295	27.844	538.832	0	180	-135.963
497.299	27.9058	538.909	0	180	-135.957
497.302	27.9677	538.985	0	180	-135.951
497.306	28.0295	539.062	0	180	-135.945
497.309	28.0913	539.138	0	180	-135.939
497.313	28.1532	539.215	0	180	-135.933
497.316	28.215	539.292	0	180	-135.926
497.32	28.2768	539.368	0	180	-135.92
497.323	28.3387	539.445	0	180	-135.914
497.327	28.4005	539.522	0	180	-135.908
497.33	28.4623	539.598	0	180	-135.902
497.334	28.5242	539.675	0	180	-135.896
497.337	28.586	539.752	0	180	-135.889
497.34	28.6479	539.828	0	180	-135.883
497.344	28.7097	539.905	0	180	-135.877
497.347	28.7715	539.982	0	180	-135.871
497.351	28.8334	540.058	0	180	-135.865
497.354	28.8952	540.135	0	180	-135.859
497.358	28.957	540.212	0	180	-135.852
497.361	29.0189	540.288	0	180	-135.846
497.365	29.0807	540.365	0	180	-135.84
497.368	29.1425	540.442	0	180	-135.834
497.372	29.2044	540.518	0	180	-135.828
497.375	29.2662	540.595	0	180	-135.822
497.379	29.328	540.671	0	180	-135.815
497.382	29.3899	540.748	0	180	-135.809
497.386	29.4517	540.825	0	180	-135.803
497.389	29.5136	540.901	0	180	-135.797
497.393	29.5754	540.978	0	180	-135.791
497.396	29.6372	541.055	0	180	-135.785
497.4	29.6991	541.131	0	180	-135.778
497.403	29.7609	541.208	0	180	-135.772
497.407	29.8227	541.285	0	180	-135.766
497.41	29.8846	541.361	0	180	-135.76
497.414	29.9464	541.438	0	180	-135.754
497.417	30.0082	541.515	0	180	-135.748
497.421	30.0701	541.591	0	180	-135.741
497.424	30.1319	541.668	0	180	-135.735
497.427	30.1937	541.745	0	180	-135.729
497.431	30.2556	541.821	0	180	-135.723
497.434	30.3174	541.898	0	180	-135.717
497.438	30.3793	541.974	0	180	-135.71
497.441	30.4411	542.051	0	180	-135.704
497.445	30.5029	542.128	0	180	-135.698
497.448	30.5648	542.204	0	180	-135.692
497.452	30.6266	542.281	0	180	-135.686
497.455	30.6884	542.358	0	180	-135.68
497.459	30.7503	542.434	0	180	-135.673
497.462	30.8121	542.511	0	180	-135.667
497.466	30.8739	542.588	0	180	-135.661
497.469	30.9358	542.664	0	180	-135.655
497.473	30.9976	542.741	0	180	-135.649
497.476	31.0594	542.818	0	180	-135.643
497.48	31.1213	542.894	0	180	-135.636
497.483	31.1831	542.971	0	180	-135.63
497.487	31.245	543.048	0	180	-135.624
497.49	31.3068	543.124	0	180	-135.618
497.494	31.3686	543.201	0	180	-135.612
497.497	31.4305	543.277	0	180	-135.606
497.501	31.4923	543.354	0	180	-135.599
497.504	31.5541	543.43	0	180	-135.593
497.508	31.616	543.505	0	180	-135.587
497.511	31.6778	543.579	0	180	-135.581
497.515	31.7396	543.651	0	180	-135.575
497.518	31.8015	543.723	0	180	-135.569
497.521	31.8633	543.794	0	180	-135.562
497.525	31.9252	543.864	0	180	-135.556
497.528	31.987	543.933	0	180	-135.55
497.532	32.0488	544.001	0	180	-135.544
497.535	32.1107	544.067	0	180	-135.538
497.539	32.1725	544.133	0	180	-135.532
497.542	32.2343	544.198	0	180	-135.525
497.546	32.2962	544.262	0	180	-135.519
497.549	32.358	544.325	0	180	-135.513
497.553	32.4198	544.387	0	180	-135.507
497.556	32.4817	544.447	0	180	-135.501
497.56	32.5435	544.507	0	180	-135.494
497.563	32.6053	544.566	0	180	-135.488
497.567	32.6672	544.624	0	180	-135.482
497.57	32.729	544.681	0	180	-135.476
497.574	32.7909	544.737	0	180	-135.47
497.577	32.8527	544.791	0	180	-135.464
497.581	32.9145	544.845	0	180	-135.457
497.584	32.9764	544.898	0	180	-135.451
497.588	33.0382	544.95	0	180	-135.445
497.591	33.1	545.001	0	180	-135.439
497.595	33.1619	545.05	0	180	-135.433
497.598	33.2237	545.099	0	180	-135.427
497.602	33.2855	545.147	0	180	-135.42
497.605	33.3474	545.194	0	180	-135.414
497.608	33.4092	545.24	0	180	-135.408
497.612	33.471	545.285	0	180	-135.402
497.615	33.5329	545.328	0	180	-135.396
497.619	33.5947	545.371	0	180	-135.39
497.622	33.6566	545.413	0	180	-135.383
497.626	33.7184	545.454	0	180	-135.377
497.629	33.7802	545.494	0	180	-135.371
497.633	33.8421	545.533	0	180	-135.365
497.636	33.9039	545.57	0	180	-135.359
497.64	33.9657	545.607	0	180	-135.353
497.643	34.0276	545.643	0	180	-135.346
497.647	34.0894	545.678	0	180	-135.34
497.65	34.1512	545.712	0	180	-135.334
497.654	34.2131	545.745	0	180	-135.328
497.657	34.2749	545.776	0	180	-135.322
497.661	34.3368	545.807	0	180	-135.316
497.664	34.3986	545.837	0	180	-135.309
497.668	34.4604	545.866	0	180	-135.303
497.671	34.5223	545.894	0	180	-135.297
497.675	34.5841	545.921	0	180	-135.291
497.678	34.6459	545.946	0	180	-135.285
497.682	34.7078	545.971	0	180	-135.279
497.685	34.7696	545.995	0	180	-135.272
497.689	34.8314	546.018	0	180	-135.266
497.692	34.8933	546.04	0	180	-135.26
497.695	34.9551	546.061	0	180	-135.254
497.699	35.0169	546.08	0	180	-135.248
497.702	35.0788	546.099	0	180	-135.241
497.706	35.1406	546.117	0	180	-135.235
497.709	35.2025	546.134	0	180	-135.229
497.713	35.2643	546.15	0	180	-135.223
497.716	35.3261	546.164	0	180	-135.217
497.72	35.388	546.178	0	180	-135.211
497.723	35.4498	546.191	0	180	-135.204
497.727	35.5116	546.203	0	180	-135.198
497.73	35.5735	546.214	0	180	-135.192
497.734	35.6353	546.224	0	180	-135.186
497.737	35.6971	546.232	0	180	-135.18
497.741	35.759	546.24	0	180	-135.174
497.744	35.8208	546.247	0	180	-135.167
497.748	35.8826	546.253	0	180	-135.161
497.751	35.9445	546.258	0	180	-135.155
497.755	36.0063	546.262	0	180	-135.149
497.758	36.0682	546.264	0	180	-135.143
497.762	36.13	546.266	0	180	-135.137
497.765	36.1918	546.267	0	180	-135.13
497.769	36.2537	546.267	0	180	-135.124
497.772	36.3155	546.266	0	180	-135.118
497.776	36.3773	546.264	0	180	-135.112
497.779	36.4392	546.26	0	180	-135.106
497.782	36.501	546.256	0	180	-135.1
497.786	36.5628	546.251	0	180	-135.093
497.789	36.6247	546.245	0	180	-135.087
497.793	36.6865	546.238	0	180	-135.081
497.796	36.7483	546.23	0	180	-135.075
497.8	36.8102	546.22	0	180	-135.069
497.803	36.8713	546.21	0	180	-135.064
497.807	36.9316	546.199	0	180	-135.059
497.81	36.9917	546.187	0	180	-135.055
497.813	37.0518	546.174	0	180	-135.051
497.817	37.1119	546.16	0	180	-135.048
497.82	37.172	546.144	0	180	-135.044
497.823	37.2321	546.128	0	180	-135.04
497.827	37.2923	546.111	0	180	-135.036
497.83	37.3524	546.093	0	180	-135.032
497.833	37.4125	546.074	0	180	-135.028
497.836	37.4726	546.054	0	180	-135.024
497.84	37.5327	546.032	0	180	-135.02
497.843	37.5928	546.01	0	180	-135.016
497.846	37.6529	545.987	0	180	-135.012
497.85	37.713	545.963	0	180	-135.008
497.853	37.7731	545.938	0	180	-135.004
497.856	37.8332	545.911	0	180	-135.001
497.86	37.8933	545.884	0	180	-134.997
497.863	37.9534	545.856	0	180	-134.993
497.866	38.0135	545.827	0	180	-134.989
497.87	38.0736	545.797	0	180	-134.985
497.873	38.1337	545.766	0	180	-134.981
497.876	38.1938	545.733	0	180	-134.977
497.88	38.2539	545.7	0	180	-134.973
497.883	38.314	545.666	0	180	-134.969
497.886	38.3741	545.631	0	180	-134.965
497.889	38.4343	545.595	0	180	-134.961
497.893	38.4944	545.558	0	180	-134.957
497.896	38.5545	545.519	0	180	-134.954
497.899	38.6146	545.48	0	180	-134.95
497.903	38.6747	545.44	0	180	-134.946
497.906	38.7348	545.399	0	180	-134.942
497.909	38.7949	545.357	0	180	-134.938
497.913	38.855	545.314	0	180	-134.934
497.916	38.9151	545.269	0	180	-134.93
497.919	38.9752	545.224	0	180	-134.926
497.923	39.0353	545.178	0	180	-134.922
497.926	39.0954	545.131	0	180	-134.918
497.929	39.1555	545.083	0	180	-134.914
497.933	39.2156	545.034	0	180	-134.91
497.936	39.2757	544.983	0	180	-134.907
497.939	39.3358	544.932	0	180	-134.903
497.943	39.3959	544.88	0	180	-134.899
497.946	39.456	544.827	0	180	-134.895
497.949	39.5162	544.773	0	180	-134.891
497.952	39.5763	544.718	0	180	-134.887
497.956	39.6364	544.661	0	180	-134.883
497.959	39.6965	544.604	0	180	-134.879
497.962	39.7566	544.546	0	180	-134.875
497.966	39.8167	544.487	0	180	-134.871
497.969	39.8768	544.427	0	180	-134.867
497.972	39.9369	544.366	0	180	-134.863
497.976	39.997	544.303	0	180	-134.86
497.979	40.0571	544.24	0	180	-134.856
497.982	40.1172	544.176	0	180	-134.852
497.986	40.1773	544.111	0	180	-134.848
497.989	40.2374	544.045	0	180	-134.844
497.992	40.2975	543.977	0	180	-134.84
497.996	40.3576	543.909	0	180	-134.836
497.999	40.4177	543.84	0	180	-134.832
498.002	40.4778	543.77	0	180	-134.828
498.005	40.5379	543.699	0	180	-134.824
498.009	40.5981	543.627	0	180	-134.82
498.012	40.6582	543.553	0	180	-134.817
498.015	40.7183	543.479	0	180	-134.813
498.019	40.7784	543.404	0	180	-134.809
498.022	40.8385	543.328	0	180	-134.805
498.025	40.8986	543.251	0	180	-134.801
498.029	40.9587	543.173	0	180	-134.797
498.032	41.0188	543.093	0	180	-134.793
498.035	41.0789	543.013	0	180	-134.789
498.039	41.139	542.932	0	180	-134.785
498.042	41.1991	542.85	0	180	-134.781
498.045	41.2592	542.767	0	180	-134.777
498.049	41.3193	542.683	0	180	-134.773
498.052	41.3794	542.597	0	180	-134.77
498.055	41.4395	542.511	0	180	-134.766
498.059	41.4996	542.424	0	180	-134.762
498.062	41.5597	542.336	0	180	-134.758
498.065	41.6198	542.247	0	180	-134.754
498.068	41.68	542.157	0	180	-134.75
498.072	41.7401	542.065	0	180	-134.746
498.075	41.8002	541.973	0	180	-134.742
498.078	41.8603	541.88	0	180	-134.738
498.082	41.9204	541.786	0	180	-134.734
498.085	41.9805	541.691	0	180	-134.73
498.088	42.0406	541.595	0	180	-134.726
498.092	42.1007	541.497	0	180	-134.723
498.095	42.1608	541.4	0	180	-134.719
498.098	42.2209	541.303	0	180	-134.715
498.102	42.281	541.205	0	180	-134.711
498.105	42.3411	541.108	0	180	-134.707
498.108	42.4012	541.01	0	180	-134.703
498.112	42.4613	540.913	0	180	-134.699
498.115	42.5214	540.816	0	180	-134.695
498.118	42.5815	540.718	0	180	-134.691
498.121	42.6416	540.621	0	180	-134.687
498.125	42.7017	540.523	0	180	-134.683
498.128	42.7619	540.426	0	180	-134.679
498.131	42.822	540.329	0	180	-134.676
498.135	42.8821	540.231	0	180	-134.672
498.138	42.9422	540.134	0	180	-134.668
498.141	43.0023	540.036	0	180	-134.664
498.145	43.0624	539.939	0	180	-134.66
498.148	43.1225	539.842	0	180	-134.656
498.151	43.1826	539.744	0	180	-134.652
498.155	43.2427	539.647	0	180	-134.648
498.158	43.3028	539.549	0	180	-134.644
498.161	43.3629	539.452	0	180	-134.64
498.165	43.423	539.355	0	180	-134.636
498.168	43.4831	539.257	0	180	-134.632
498.171	43.5432	539.16	0	180	-134.629
498.175	43.6033	539.062	0	180	-134.625
498.178	43.6634	538.965	0	180	-134.621
498.181	43.7235	538.868	0	180	-134.617
498.184	43.7836	538.77	0	180	-134.613
498.188	43.8438	538.673	0	180	-134.609
498.191	43.9039	538.575	0	180	-134.605
498.194	43.964	538.478	0	180	-134.601
498.198	44.0241	538.381	0	180	-134.597
498.201	44.0842	538.283	0	180	-134.593
498.204	44.1443	538.186	0	180	-134.589
498.208	44.2044	538.088	0	180	-134.585
498.211	44.2645	537.991	0	180	-134.582
498.214	44.3246	537.894	0	180	-134.578
498.218	44.3847	537.796	0	180	-134.574
498.221	44.4448	537.699	0	180	-134.57
498.224	44.5049	537.601	0	180	-134.566
498.228	44.565	537.504	0	180	-134.562
498.231	44.6251	537.407	0	180	-134.558
498.234	44.6852	537.309	0	180	-134.554
498.238	44.7453	537.212	0	180	-134.55
498.241	44.8054	537.114	0	180	-134.546
498.244	44.8655	537.017	0	180	-134.542
498.247	44.9257	536.92	0	180	-134.538
498.251	44.9858	536.822	0	180	-134.535
498.254	45.0459	536.725	0	180	-134.531
498.257	45.106	536.627	0	180	-134.527
498.261	45.1661	536.53	0	180	-134.523
498.264	45.2262	536.433	0	180	-134.519
498.267	45.2863	536.335	0	180	-134.515
498.271	45.3464	536.238	0	180	-134.511
498.274	45.4065	536.14	0	180	-134.507
498.277	45.4666	536.043	0	180	-134.503
498.281	45.5267	535.945	0	180	-134.499
498.284	45.5868	535.848	0	180	-134.495
498.287	45.6469	535.751	0	180	-134.492
498.291	45.707	535.653	0	180	-134.488
498.294	45.7671	535.556	0	180	-134.484
498.297	45.8272	535.458	0	180	-134.48
498.3	45.8873	535.361	0	180	-134.476
498.304	45.9474	535.264	0	180	-134.472
498.307	46.0076	535.166	0	180	-134.468
498.31	46.0677	535.069	0	180	-134.464
498.314	46.1278	534.971	0	180	-134.46
498.317	46.1879	534.874	0	180	-134.456
498.32	46.248	534.777	0	180	-134.452
498.324	46.3081	534.679	0	180	-134.448
498.327	46.3682	534.582	0	180	-134.445
498.33	46.4283	534.484	0	180	-134.441
498.334	46.4884	534.387	0	180	-134.437
498.337	46.5485	534.29	0	180	-134.433
498.34	46.6086	534.192	0	180	-134.429
498.344	46.6687	534.095	0	180	-134.425
498.347	46.7288	533.997	0	180	-134.421
498.35	46.7889	533.9	0	180	-134.417
498.354	46.849	533.803	0	180	-134.413
498.357	46.9091	533.705	0	180	-134.409
498.36	46.9692	533.608	0	180	-134.405
498.363	47.0293	533.51	0	180	-134.401
498.367	47.0895	533.413	0	180	-134.398
498.37	47.1496	533.316	0	180	-134.394
498.373	47.2097	533.218	0	180	-134.39
498.377	47.2698	533.121	0	180	-134.386
498.38	47.3299	533.023	0	180	-134.382
498.383	47.39	532.926	0	180	-134.378
498.387	47.4501	532.829	0	180	-134.374
498.39	47.5102	532.731	0	180	-134.37
498.393	47.5703	532.634	0	180	-134.366
498.397	47.6304	532.536	0	180	-134.362
498.4	47.6905	532.439	0	180	-134.358
498.403	47.7506	532.342	0	180	-134.354
498.407	47.8107	532.244	0	180	-134.351
498.41	47.8708	532.147	0	180	-134.347
498.413	47.9309	532.049	0	180	-134.343
498.416	47.991	531.952	0	180	-134.339
498.42	48.0511	531.855	0	180	-134.335
498.423	48.1112	531.757	0	180	-134.331
498.426	48.1714	531.66	0	180	-134.327
498.43	48.2315	531.562	0	180	-134.323
498.433	48.2916	531.465	0	180	-134.319
498.436	48.3517	531.368	0	180	-134.315
498.44	48.4118	531.27	0	180	-134.311
498.443	48.4719	531.173	0	180	-134.307
498.446	48.532	531.075	0	180	-134.304
498.45	48.5921	530.978	0	180	-134.3
498.453	48.6522	530.881	0	180	-134.296
498.456	48.7123	530.783	0	180	-134.292
498.46	48.7724	530.686	0	180	-134.288
498.463	48.8325	530.588	0	180	-134.284
498.466	48.8926	530.491	0	180	-134.28
498.47	48.9527	530.394	0	180	-134.276
498.473	49.0128	530.296	0	180	-134.272
498.476	49.0729	530.199	0	180	-134.268
498.479	49.133	530.101	0	180	-134.264
498.483	49.1931	530.004	0	180	-134.26
498.486	49.2533	529.907	0	180	-134.257
498.489	49.3134	529.809	0	180	-134.253
498.493	49.3735	529.712	0	180	-134.249
498.496	49.4336	529.614	0	180	-134.245
498.499	49.4937	529.517	0	180	-134.241
498.503	49.5538	529.42	0	180	-134.237
498.506	49.6139	529.322	0	180	-134.233
498.509	49.674	529.225	0	180	-134.229
498.513	49.7341	529.127	0	180	-134.225
498.516	49.7942	529.03	0	180	-134.221
498.519	49.8543	528.933	0	180	-134.217
498.523	49.9144	528.835	0	180	-134.213
498.526	49.9745	528.738	0	180	-134.21
498.529	50.0346	528.64	0	180	-134.206
498.532	50.0947	528.543	0	180	-134.202
498.536	50.1548	528.446	0	180	-134.198
498.539	50.2149	528.348	0	180	-134.194
498.542	50.275	528.251	0	180	-134.19
498.546	50.3352	528.153	0	180	-134.186
498.549	50.3953	528.056	0	180	-134.182
498.552	50.4554	527.959	0	180	-134.178
498.556	50.5155	527.861	0	180	-134.174
498.559	50.5756	527.764	0	180	-134.17
498.562	50.6357	527.666	0	180	-134.167
498.566	50.6958	527.569	0	180	-134.163
498.569	50.7559	527.472	0	180	-134.159
498.572	50.816	527.374	0	180	-134.155
498.576	50.8761	527.277	0	180	-134.151
498.579	50.9362	527.179	0	180	-134.147
498.582	50.9963	527.082	0	180	-134.143
498.586	51.0564	526.985	0	180	-134.139
498.589	51.1165	526.887	0	180	-134.135
498.592	51.1766	526.79	0	180	-134.131
498.595	51.2367	526.692	0	180	-134.127
498.599	51.2968	526.595	0	180	-134.123
498.602	51.3569	526.498	0	180	-134.12
498.605	51.4171	526.4	0	180	-134.116
498.609	51.4772	526.303	0	180	-134.112
498.612	51.5373	526.205	0	180	-134.108
498.615	51.5974	526.108	0	180	-134.104
498.619	51.6575	526.011	0	180	-134.1
498.622	51.7176	525.913	0	180	-134.096
498.625	51.7777	525.816	0	180	-134.092
498.629	51.8378	525.718	0	180	-134.088
498.632	51.8979	525.621	0	180	-134.084
498.635	51.958	525.523	0	180	-134.08
498.639	52.0181	525.426	0	180	-134.076
498.642	52.0782	525.329	0	180	-134.073
498.645	52.1383	525.231	0	180	-134.069
498.649	52.1984	525.134	0	180	-134.065
498.652	52.2585	525.036	0	180	-134.061
498.655	52.3186	524.939	0	180	-134.057
498.658	52.3787	524.842	0	180	-134.053
498.662	52.4388	524.744	0	180	-134.049
498.665	52.499	524.647	0	180	-134.045
498.668	52.5591	524.549	0	180	-134.041
498.672	52.6192	524.452	0	180	-134.037
498.675	52.6793	524.355	0	180	-134.033
498.678	52.7394	524.257	0	180	-134.029
498.682	52.7995	524.16	0	180	-134.026
498.685	52.8596	524.062	0	180	-134.022
498.688	52.9197	523.965	0	180	-134.018
498.692	52.9798	523.868	0	180	-134.014
498.695	53.0399	523.77	0	180	-134.01
498.698	53.1	523.673	0	180	-134.006
498.702	53.1601	523.575	0	180	-134.002
498.705	53.2202	523.478	0	180	-133.998
498.708	53.2803	523.381	0	180	-133.994
498.711	53.3404	523.283	0	180	-133.99
498.715	53.4005	523.186	0	180	-133.986
498.718	53.4606	523.088	0	180	-133.982
498.721	53.5207	522.991	0	180	-133.979
498.725	53.5809	522.894	0	180	-133.975
498.728	53.641	522.796	0	180	-133.971
498.731	53.7011	522.699	0	180	-133.967
498.735	53.7612	522.601	0	180	-133.963
498.738	53.8213	522.504	0	180	-133.959
498.741	53.8814	522.407	0	180	-133.955
498.745	53.9415	522.309	0	180	-133.951
498.748	54.0016	522.212	0	180	-133.947
498.751	54.0617	522.114	0	180	-133.943
498.755	54.1218	522.017	0	180	-133.939
498.758	54.1819	521.92	0	180	-133.935
498.761	54.242	521.822	0	180	-133.932
498.765	54.3021	521.725	0	180	-133.928
498.768	54.3622	521.627	0	180	-133.924
498.771	54.4223	521.53	0	180	-133.92
498.774	54.4824	521.433	0	180	-133.916
498.778	54.5425	521.335	0	180	-133.912
498.781	54.6026	521.238	0	180	-133.908
498.784	54.6628	521.14	0	180	-133.904
498.788	54.7229	521.043	0	180	-133.9
498.791	54.783	520.946	0	180	-133.896
498.794	54.8431	520.848	0	180	-133.892
498.798	54.9032	520.751	0	180	-133.888
498.801	54.9633	520.653	0	180	-133.885
498.804	55.0234	520.556	0	180	-133.881
498.808	55.0835	520.459	0	180	-133.877
498.811	55.1436	520.361	0	180	-133.873
498.814	55.2037	520.264	0	180	-133.869
498.818	55.2638	520.166	0	180	-133.865
498.821	55.3239	520.069	0	180	-133.861
498.824	55.384	519.972	0	180	-133.857
498.827	55.4441	519.874	0	180	-133.853
498.831	55.5042	519.777	0	180	-133.849
498.834	55.5643	519.679	0	180	-133.845
498.837	55.6244	519.582	0	180	-133.842
498.841	55.6845	519.485	0	180	-133.838
498.844	55.7447	519.387	0	180	-133.834
498.847	55.8048	519.29	0	180	-133.83
498.851	55.8649	519.192	0	180	-133.826
498.854	55.925	519.095	0	180	-133.822
498.857	55.9851	518.998	0	180	-133.818
498.861	56.0452	518.9	0	180	-133.814
498.864	56.1053	518.803	0	180	-133.81
498.867	56.1654	518.705	0	180	-133.806
498.871	56.2255	518.608	0	180	-133.802
498.874	56.2856	518.511	0	180	-133.798
498.877	56.3457	518.413	0	180	-133.795
498.881	56.4058	518.316	0	180	-133.791
498.884	56.4659	518.218	0	180	-133.787
498.887	56.526	518.121	0	180	-133.783
498.89	56.5861	518.024	0	180	-133.779
498.894	56.6462	517.926	0	180	-133.775
498.897	56.7063	517.829	0	180	-133.771
498.9	56.7664	517.731	0	180	-133.767
498.904	56.8265	517.634	0	180	-133.763
498.907	56.8867	517.537	0	180	-133.759
498.91	56.9468	517.439	0	180	-133.755
498.914	57.0069	517.342	0	180	-133.751
498.917	57.067	517.244	0	180	-133.748
498.92	57.1271	517.147	0	180	-133.744
498.924	57.1872	517.05	0	180	-133.74
498.927	57.2473	516.952	0	180	-133.736
498.93	57.3074	516.855	0	180	-133.732
498.934	57.3675	516.757	0	180	-133.728
498.937	57.4276	516.66	0	180	-133.724
498.94	57.4877	516.563	0	180	-133.72
498.943	57.5478	516.465	0	180	-133.716
498.947	57.6079	516.368	0	180	-133.712
498.95	57.668	516.27	0	180	-133.708
498.953	57.7281	516.173	0	180	-133.704
498.957	57.7882	516.076	0	180	-133.701
498.96	57.8483	515.978	0	180	-133.697
498.963	57.9084	515.881	0	180	-133.693
498.967	57.9686	515.783	0	180	-133.689
498.97	58.0287	515.686	0	180	-133.685
498.973	58.0888	515.589	0	180	-133.681
498.977	58.1489	515.491	0	180	-133.677
498.98	58.209	515.394	0	180	-133.673
498.983	58.2691	515.296	0	180	-133.669
498.987	58.3292	515.199	0	180	-133.665
498.99	58.3893	515.102	0	180	-133.661
498.993	58.4494	515.004	0	180	-133.657
498.997	58.5095	514.907	0	180	-133.654
499	58.5696	514.809	0	180	-133.65
499.003	58.6297	514.712	0	180	-133.646
499.006	58.6898	514.614	0	180	-133.642
499.01	58.7499	514.517	0	180	-133.638
499.013	58.81	514.42	0	180	-133.634
499.016	58.8701	514.322	0	180	-133.63
499.02	58.9302	514.225	0	180	-133.626
499.023	58.9903	514.127	0	180	-133.622
499.026	59.0505	514.03	0	180	-133.618
499.03	59.1106	513.933	0	180	-133.614
499.033	59.1707	513.835	0	180	-133.61
499.036	59.2308	513.738	0	180	-133.607
499.04	59.2909	513.64	0	180	-133.603
499.043	59.351	513.543	0	180	-133.599
499.046	59.4111	513.446	0	180	-133.595
499.05	59.4712	513.348	0	180	-133.591
499.053	59.5313	513.251	0	180	-133.587
499.056	59.5914	513.153	0	180	-133.583
499.059	59.6515	513.056	0	180	-133.579
499.063	59.7116	512.959	0	180	-133.575
499.066	59.7717	512.861	0	180	-133.571
499.069	59.8318	512.764	0	180	-133.567
499.073	59.8919	512.666	0	180	-133.563
499.076	59.952	512.569	0	180	-133.56
499.079	60.0121	512.472	0	180	-133.556
499.083	60.0722	512.374	0	180	-133.552
499.086	60.1324	512.277	0	180	-133.548
499.089	60.1925	512.179	0	180	-133.544
499.093	60.2526	512.082	0	180	-133.54
499.096	60.3127	511.985	0	180	-133.536
499.099	60.3728	511.887	0	180	-133.532
499.103	60.4329	511.79	0	180	-133.528
499.106	60.493	511.692	0	180	-133.524
499.109	60.5531	511.595	0	180	-133.52
499.113	60.6132	511.498	0	180	-133.517
499.116	60.6733	511.4	0	180	-133.513
499.119	60.7334	511.303	0	180	-133.509
499.122	60.7935	511.205	0	180	-133.505
499.126	60.8536	511.108	0	180	-133.501
499.129	60.9137	511.011	0	180	-133.497
499.132	60.9738	510.913	0	180	-133.493
499.136	61.0339	510.816	0	180	-133.489
499.139	61.094	510.718	0	180	-133.485
499.142	61.1541	510.621	0	180	-133.481
499.146	61.2143	510.524	0	180	-133.477
499.149	61.2744	510.426	0	180	-133.473
499.152	61.3345	510.329	0	180	-133.47
499.156	61.3946	510.231	0	180	-133.466
499.159	61.4547	510.134	0	180	-133.462
499.162	61.5148	510.037	0	180	-133.458
499.166	61.5749	509.939	0	180	-133.454
499.169	61.635	509.842	0	180	-133.45
499.172	61.6951	509.744	0	180	-133.446
499.176	61.7552	509.647	0	180	-133.442
499.179	61.8153	509.55	0	180	-133.438
499.182	61.8754	509.452	0	180	-133.434
499.185	61.9355	509.355	0	180	-133.43
499.189	61.9956	509.257	0	180	-133.426
499.192	62.0557	509.16	0	180	-133.423
499.195	62.1158	509.063	0	180	-133.419
499.199	62.1759	508.965	0	180	-133.415
499.202	62.236	508.868	0	180	-133.411
499.205	62.2962	508.77	0	180	-133.407
499.209	62.3563	508.673	0	180	-133.403
499.212	62.4164	508.576	0	180	-133.399
499.215	62.4765	508.478	0	180	-133.395
499.219	62.5366	508.381	0	180	-133.391
499.222	62.5967	508.283	0	180	-133.387
499.225	62.6568	508.186	0	180	-133.383
499.229	62.7169	508.089	0	180	-133.379
499.232	62.777	507.991	0	180	-133.376
499.235	62.8371	507.894	0	180	-133.372
499.238	62.8972	507.796	0	180	-133.368
499.242	62.9573	507.699	0	180	-133.364
499.245	63.0174	507.602	0	180	-133.36
499.248	63.0775	507.504	0	180	-133.356
499.252	63.1376	507.407	0	180	-133.352
499.255	63.1977	507.309	0	180	-133.348
499.258	63.2578	507.212	0	180	-133.344
499.262	63.3179	507.115	0	180	-133.34
499.265	63.3781	507.017	0	180	-133.336
499.268	63.4382	506.92	0	180	-133.332
499.272	63.4983	506.822	0	180	-133.329
499.275	63.5584	506.725	0	180	-133.325
499.278	63.6185	506.628	0	180	-133.321
499.282	63.6786	506.53	0	180	-133.317
499.285	63.7387	506.433	0	180	-133.313
499.288	63.7988	506.335	0	180	-133.309
499.292	63.8589	506.238	0	180	-133.305
499.295	63.919	506.141	0	180	-133.301
499.298	63.9791	506.043	0	180	-133.297
499.301	64.0392	505.946	0	180	-133.293
499.305	64.0993	505.848	0	180	-133.289
499.308	64.1594	505.751	0	180	-133.285
499.311	64.2195	505.654	0	180	-133.282
499.315	64.2796	505.556	0	180	-133.278
499.318	64.3397	505.459	0	180	-133.274
499.321	64.3998	505.361	0	180	-133.27
499.325	64.46	505.264	0	180	-133.266
499.328	64.5201	505.167	0	180	-133.262
499.331	64.5802	505.069	0	180	-133.258
499.335	64.6403	504.972	0	180	-133.254
499.338	64.7004	504.874	0	180	-133.25
499.341	64.7605	504.777	0	180	-133.246
499.345	64.8206	504.68	0	180	-133.242
499.348	64.8807	504.582	0	180	-133.238
499.351	64.9408	504.485	0	180	-133.235
499.354	65.0009	504.387	0	180	-133.231
499.358	65.061	504.29	0	180	-133.227
499.361	65.1211	504.193	0	180	-133.223
499.364	65.1812	504.095	0	180	-133.219
499.368	65.2413	503.998	0	180	-133.215
499.371	65.3014	503.9	0	180	-133.211
499.374	65.3615	503.803	0	180	-133.207
499.378	65.4216	503.705	0	180	-133.203
499.381	65.4817	503.608	0	180	-133.199
499.384	65.5419	503.511	0	180	-133.195
499.388	65.602	503.413	0	180	-133.192
499.391	65.6621	503.316	0	180	-133.188
499.394	65.7222	503.218	0	180	-133.184
499.398	65.7823	503.121	0	180	-133.18
499.401	65.8424	503.024	0	180	-133.176
499.404	65.9025	502.926	0	180	-133.172
499.408	65.9626	502.829	0	180	-133.168
499.411	66.0227	502.731	0	180	-133.164
499.414	66.0828	502.634	0	180	-133.16
499.417	66.1429	502.537	0	180	-133.156
499.421	66.203	502.439	0	180	-133.152
499.424	66.2631	502.342	0	180	-133.148
499.427	66.3232	502.244	0	180	-133.145
499.431	66.3833	502.147	0	180	-133.141
499.434	66.4434	502.05	0	180	-133.137
499.437	66.5035	501.952	0	180	-133.133
499.441	66.5636	501.855	0	180	-133.129
499.444	66.6238	501.757	0	180	-133.125
499.447	66.6839	501.66	0	180	-133.121
499.451	66.744	501.563	0	180	-133.117
499.454	66.8041	501.465	0	180	-133.113
499.457	66.8642	501.368	0	180	-133.109
499.461	66.9243	501.27	0	180	-133.105
499.464	66.9844	501.173	0	180	-133.101
499.467	67.0445	501.076	0	180	-133.098
499.47	67.1046	500.978	0	180	-133.094
499.474	67.1647	500.881	0	180	-133.09
499.477	67.2248	500.783	0	180	-133.086
499.48	67.2849	500.686	0	180	-133.082
499.484	67.345	500.589	0	180	-133.078
499.487	67.4051	500.491	0	180	-133.074
499.49	67.4652	500.394	0	180	-133.07
499.494	67.5253	500.296	0	180	-133.066
499.497	67.5854	500.199	0	180	-133.062
499.5	67.6455	500.102	0	180	-133.058
499.504	67.7057	500.004	0	180	-133.054
499.507	67.7658	499.907	0	180	-133.051
499.51	67.8259	499.809	0	180	-133.047
499.514	67.886	499.712	0	180	-133.043
499.517	67.9461	499.615	0	180	-133.039
499.52	68.0062	499.517	0	180	-133.035
499.524	68.0663	499.42	0	180	-133.031
499.527	68.1264	499.322	0	180	-133.027
499.53	68.1865	499.225	0	180	-133.023
499.533	68.2466	499.128	0	180	-133.019
499.537	68.3067	499.03	0	180	-133.015
499.54	68.3668	498.933	0	180	-133.011
499.543	68.4269	498.835	0	180	-133.007
499.547	68.487	498.738	0	180	-133.004
499.55	68.5471	498.641	0	180	-133
499.553	68.6072	498.543	0	180	-132.996
499.557	68.6673	498.446	0	180	-132.992
499.56	68.7274	498.348	0	180	-132.988
499.563	68.7876	498.251	0	180	-132.984
499.567	68.8477	498.154	0	180	-132.98
499.57	68.9078	498.056	0	180	-132.976
499.573	68.9679	497.959	0	180	-132.972
499.577	69.028	497.861	0	180	-132.968
499.58	69.0881	497.764	0	180	-132.964
499.583	69.1482	497.667	0	180	-132.96
499.587	69.2083	497.569	0	180	-132.957
499.59	69.2684	497.472	0	180	-132.953
499.593	69.3285	497.374	0	180	-132.949
499.596	69.3886	497.277	0	180	-132.945
499.6	69.4487	497.18	0	180	-132.941
499.603	69.5088	497.082	0	180	-132.937
499.606	69.5689	496.985	0	180	-132.933
499.61	69.629	496.887	0	180	-132.929
499.613	69.6891	496.79	0	180	-132.925
499.616	69.7492	496.693	0	180	-132.921
499.62	69.8093	496.595	0	180	-132.917
499.623	69.8695	496.498	0	180	-132.913
499.626	69.9296	496.4	0	180	-132.91
499.63	69.9897	496.303	0	180	-132.906
499.633	70.0498	496.206	0	180	-132.902
499.636	70.1099	496.108	0	180	-132.898
499.64	70.17	496.011	0	180	-132.894
499.643	70.2301	495.913	0	180	-132.89
499.646	70.2902	495.816	0	180	-132.886
499.649	70.3503	495.719	0	180	-132.882
499.653	70.4104	495.621	0	180	-132.878
499.656	70.4705	495.524	0	180	-132.874
499.659	70.5306	495.426	0	180	-132.87
499.663	70.5907	495.329	0	180	-132.866
499.666	70.6508	495.232	0	180	-132.863
499.669	70.7109	495.134	0	180	-132.859
499.673	70.771	495.037	0	180	-132.855
499.676	70.8311	494.939	0	180	-132.851
499.679	70.8912	494.842	0	180	-132.847
499.683	70.9514	494.745	0	180	-132.843
499.686	71.0115	494.648	0	180	-132.839
499.689	71.0716	494.552	0	180	-132.835
499.693	71.1317	494.457	0	180	-132.831
499.696	71.1918	494.363	0	180	-132.827
499.699	71.2519	494.27	0	180	-132.823
499.703	71.312	494.178	0	180	-132.82
499.706	71.3721	494.087	0	180	-132.816
499.709	71.4322	493.997	0	180	-132.812
499.712	71.4923	493.908	0	180	-132.808
499.716	71.5524	493.82	0	180	-132.804
499.719	71.6125	493.733	0	180	-132.8
499.722	71.6726	493.648	0	180	-132.796
499.726	71.7327	493.563	0	180	-132.792
499.729	71.7928	493.479	0	180	-132.788
499.732	71.8529	493.396	0	180	-132.784
499.736	71.913	493.314	0	180	-132.78
499.739	71.9731	493.233	0	180	-132.776
499.742	72.0333	493.153	0	180	-132.773
499.746	72.0934	493.074	0	180	-132.769
499.749	72.1535	492.996	0	180	-132.765
499.752	72.2136	492.919	0	180	-132.761
499.756	72.2737	492.843	0	180	-132.757
499.759	72.3338	492.769	0	180	-132.753
499.762	72.3939	492.695	0	180	-132.749
499.765	72.454	492.622	0	180	-132.745
499.769	72.5141	492.55	0	180	-132.741
499.772	72.5742	492.479	0	180	-132.737
499.775	72.6343	492.409	0	180	-132.733
499.779	72.6944	492.34	0	180	-132.729
499.782	72.7545	492.272	0	180	-132.726
499.785	72.8146	492.205	0	180	-132.722
499.789	72.8747	492.139	0	180	-132.718
499.792	72.9348	492.074	0	180	-132.714
499.795	72.9949	492.011	0	180	-132.71
499.799	73.055	491.948	0	180	-132.706
499.802	73.1152	491.886	0	180	-132.702
499.805	73.1753	491.825	0	180	-132.698
499.809	73.2351	491.765	0	180	-132.694
499.812	73.294	491.706	0	180	-132.69
499.815	73.3519	491.648	0	180	-132.686
499.819	73.4089	491.591	0	180	-132.682
499.822	73.4648	491.535	0	180	-132.679
499.825	73.5197	491.48	0	180	-132.675
499.828	73.5736	491.426	0	180	-132.671
499.832	73.6265	491.373	0	180	-132.667
499.835	73.6784	491.322	0	180	-132.663
499.838	73.7293	491.271	0	180	-132.659
499.842	73.7792	491.221	0	180	-132.655
499.845	73.8282	491.172	0	180	-132.651
499.848	73.8761	491.124	0	180	-132.647
499.852	73.923	491.077	0	180	-132.643
499.855	73.9689	491.031	0	180	-132.639
499.858	74.0138	490.986	0	180	-132.635
499.862	74.0577	490.942	0	180	-132.632
499.865	74.1006	490.899	0	180	-132.628
499.868	74.1425	490.857	0	180	-132.624
499.872	74.1834	490.817	0	180	-132.62
499.875	74.2234	490.777	0	180	-132.616
499.878	74.2623	490.738	0	180	-132.612
499.881	74.3002	490.7	0	180	-132.608
499.885	74.3371	490.663	0	180	-132.604
499.888	74.373	490.627	0	180	-132.6
499.891	74.4079	490.592	0	180	-132.596
499.895	74.4418	490.558	0	180	-132.592
499.898	74.4747	490.525	0	180	-132.588
499.901	74.5067	490.493	0	180	-132.585
499.905	74.5376	490.462	0	180	-132.581
499.908	74.5675	490.433	0	180	-132.577
499.911	74.5964	490.404	0	180	-132.573
499.915	74.6243	490.376	0	180	-132.569
499.918	74.6512	490.349	0	180	-132.565
499.921	74.6771	490.323	0	180	-132.561
499.925	74.702	490.298	0	180	-132.557
499.928	74.7259	490.274	0	180	-132.553
499.931	74.7489	490.251	0	180	-132.549
499.935	74.7708	490.229	0	180	-132.545
499.938	74.7917	490.208	0	180	-132.541
499.941	74.8116	490.188	0	180	-132.538
499.944	74.8305	490.169	0	180	-132.534
499.948	74.8484	490.152	0	180	-132.53
499.951	74.8653	490.135	0	180	-132.526
499.954	74.8812	490.119	0	180	-132.522
499.958	74.8962	490.104	0	180	-132.518
499.961	74.9101	490.09	0	180	-132.514
499.964	74.923	490.077	0	180	-132.51
499.968	74.9349	490.065	0	180	-132.506
499.971	74.9458	490.054	0	180	-132.502
499.974	74.9557	490.044	0	180	-132.498
499.978	74.9646	490.035	0	180	-132.495
499.981	74.9725	490.027	0	180	-132.491
499.984	74.9794	490.021	0	180	-132.487
499.988	74.9854	490.015	0	180	-132.483
499.991	74.9903	490.01	0	180	-132.479
499.994	74.9942	490.006	0	180	-132.475
499.997	74.9971	490.003	0	180	-132.472
499.999	74.999	490.001	0	180	-132.47
500	74.9999	490	0	180	-132.469
